,zip_code, !!Total:, !!Total:!!Urban, !!Total:!!Rural
1,00601,17242,7899,9343
2,00602,37548,37321,227
3,00603,49804,49678,126
4,00606,5009,0,5009
5,00610,25731,21805,3926
6,00611,1671,0,1671
7,00612,62425,57085,5340
8,00616,9828,9363,465
9,00617,22541,21364,1177
10,00622,7838,6792,1046
11,00623,39320,38452,868
12,00624,21709,16737,4972
13,00627,32873,26711,6162
14,00631,1414,0,1414
15,00636,555,555,0
16,00637,23124,20107,3017
17,00638,18109,10579,7530
18,00641,24292,12990,11302
19,00646,36272,35663,609
20,00647,4611,3218,1393
21,00650,13637,9261,4376
22,00652,4020,3253,767
23,00653,9244,8631,613
24,00656,17965,13885,4080
25,00659,37421,33279,4142
26,00660,15448,15213,235
27,00662,40770,38959,1811
28,00664,15066,9987,5079
29,00667,23522,15238,8284
30,00669,27833,21837,5996
31,00670,8828,107,8721
32,00674,39345,35196,4149
33,00676,36706,33065,3641
34,00677,15379,15369,10
35,00678,25410,22668,2742
36,00680,46056,43098,2958
37,00682,28299,28010,289
38,00683,29788,24022,5766
39,00685,40294,33133,7161
40,00687,28727,25133,3594
41,00688,12443,10071,2372
42,00690,5326,5326,0
43,00692,32873,31519,1354
44,00693,56095,52701,3394
45,00694,231,231,0
46,00698,33774,28084,5690
47,00703,25332,22436,2896
48,00704,6865,6621,244
49,00705,24467,20105,4362
50,00707,10544,7060,3484
51,00714,15802,15274,528
52,00715,2299,1705,594
53,00716,28423,28009,414
54,00717,14199,14183,16
55,00718,23290,17486,5804
56,00719,30063,30063,0
57,00720,20331,12968,7363
58,00723,15983,11622,4361
59,00725,77223,76085,1138
60,00727,54207,53881,326
61,00728,36675,35892,783
62,00729,47393,45863,1530
63,00730,30521,30521,0
64,00731,12292,6152,6140
65,00735,11299,10533,766
66,00736,45833,40907,4926
67,00738,30706,28794,1912
68,00739,34964,34166,798
69,00740,1492,1482,10
70,00741,3526,3524,2
71,00745,47718,45322,2396
72,00751,19369,14099,5270
73,00754,36673,31797,4876
74,00757,20183,16581,3602
75,00765,8249,6530,1719
76,00766,22354,18163,4191
77,00767,30646,25145,5501
78,00769,34163,23885,10278
79,00771,34761,34155,606
80,00772,17936,16896,1040
81,00773,17772,16040,1732
82,00775,1792,0,1792
83,00777,37717,36970,747
84,00778,40585,39077,1508
85,00780,14934,13926,1008
86,00782,17965,14924,3041
87,00783,34093,31956,2137
88,00784,36313,30337,5976
89,00786,273,83,190
90,00791,47260,46962,298
91,00794,28791,27174,1617
92,00795,43745,39400,4345
93,00901,6218,6199,19
94,00906,165,165,0
95,00907,16864,16864,0
96,00909,6987,6987,0
97,00911,7496,7496,0
98,00912,5786,5786,0
99,00913,7261,7261,0
100,00915,25075,25075,0
101,00917,17319,17319,0
102,00918,17439,17439,0
103,00920,14798,14798,0
104,00921,32062,32062,0
105,00923,23607,23607,0
106,00924,49654,49654,0
107,00925,5501,5501,0
108,00926,96732,96732,0
109,00927,14297,14297,0
110,00934,218,218,0
111,00949,67453,66862,591
112,00950,6,0,6
113,00951,430,410,20
114,00952,8671,8619,52
115,00953,66369,65636,733
116,00956,72353,72353,0
117,00957,40540,40540,0
118,00959,43625,43625,0
119,00960,2891,2891,0
120,00961,28062,28062,0
121,00962,19741,19731,10
122,00965,6168,6168,0
123,00966,16977,16977,0
124,00968,3722,3722,0
125,00969,38838,38838,0
126,00971,28517,28517,0
127,00976,59879,59863,16
128,00979,14929,14915,14
129,00982,14182,14182,0
130,00983,31889,31889,0
131,00985,31250,31166,84
132,00987,58427,58133,294
133,01001,16984,16820,164
134,01002,27558,23432,4126
135,01003,13253,13253,0
136,01005,4900,0,4900
137,01007,15423,4323,11100
138,01008,1317,0,1317
139,01009,980,0,980
140,01010,3711,0,3711
141,01011,1201,0,1201
142,01012,519,0,519
143,01013,23656,23656,0
144,01020,29781,29781,0
145,01022,2158,2158,0
146,01026,1011,0,1011
147,01027,17896,15808,2088
148,01028,16417,16014,403
149,01029,714,0,714
150,01030,11708,10981,727
151,01031,1406,0,1406
152,01032,483,0,483
153,01033,6092,1494,4598
154,01034,1977,0,1977
155,01035,5325,1906,3419
156,01036,4966,1806,3160
157,01037,706,0,706
158,01038,2522,1727,795
159,01039,1511,471,1040
160,01040,38238,37072,1166
161,01050,2467,0,2467
162,01053,2031,1699,332
163,01054,1889,0,1889
164,01056,21002,19622,1380
165,01057,8152,220,7932
166,01060,14461,14221,240
167,01062,10910,9775,1135
168,01063,2106,2106,0
169,01066,215,132,83
170,01068,1904,0,1904
171,01069,8428,5035,3393
172,01070,577,0,577
173,01071,1486,0,1486
174,01072,1366,0,1366
175,01073,6224,1864,4360
176,01074,584,0,584
177,01075,18168,17659,509
178,01077,9237,5321,3916
179,01079,701,656,45
180,01080,2400,2319,81
181,01081,1684,0,1684
182,01082,10565,5662,4903
183,01083,2549,0,2549
184,01084,185,0,185
185,01085,41529,37759,3770
186,01088,598,193,405
187,01089,28835,28160,675
188,01092,1343,0,1343
189,01093,290,0,290
190,01094,60,0,60
191,01095,14694,12436,2258
192,01096,2509,249,2260
193,01097,130,0,130
194,01098,1147,0,1147
195,01103,2545,2545,0
196,01104,23598,23598,0
197,01105,12051,12051,0
198,01106,16165,16033,132
199,01107,11252,11252,0
200,01108,27671,27671,0
201,01109,30968,30968,0
202,01118,14296,14296,0
203,01119,14393,14393,0
204,01128,2647,2647,0
205,01129,7024,7024,0
206,01144,0,0,0
207,01151,9150,9150,0
208,01201,45494,43087,2407
209,01220,8166,7454,712
210,01222,835,0,835
211,01223,2430,0,2430
212,01224,217,99,118
213,01225,3258,1330,1928
214,01226,6324,4525,1799
215,01229,189,0,189
216,01230,8907,0,8907
217,01235,2733,344,2389
218,01236,1513,0,1513
219,01237,2365,459,1906
220,01238,5722,4144,1578
221,01240,4692,3483,1209
222,01242,449,449,0
223,01243,175,0,175
224,01244,287,0,287
225,01245,933,0,933
226,01247,15147,12211,2936
227,01253,808,0,808
228,01254,946,0,946
229,01255,959,0,959
230,01256,645,0,645
231,01257,2140,0,2140
232,01258,160,0,160
233,01259,643,0,643
234,01260,233,140,93
235,01262,1758,784,974
236,01264,219,0,219
237,01266,1208,0,1208
238,01267,7876,5762,2114
239,01270,755,0,755
240,01301,18042,15309,2733
241,01330,1500,0,1500
242,01331,13656,8848,4808
243,01337,2562,500,2062
244,01338,127,0,127
245,01339,1487,0,1487
246,01340,1803,0,1803
247,01341,1539,0,1539
248,01342,1538,299,1239
249,01343,165,0,165
250,01344,1665,0,1665
251,01346,352,0,352
252,01347,204,0,204
253,01349,827,532,295
254,01350,118,0,118
255,01351,2293,174,2119
256,01354,1546,183,1363
257,01355,879,0,879
258,01360,2871,0,2871
259,01364,7665,4709,2956
260,01366,1187,0,1187
261,01367,506,0,506
262,01368,1283,0,1283
263,01370,3932,0,3932
264,01373,4526,2750,1776
265,01375,3639,2314,1325
266,01376,5324,5297,27
267,01378,780,0,780
268,01379,774,0,774
269,01380,82,0,82
270,01420,41940,38764,3176
271,01430,6303,0,6303
272,01431,3193,0,3193
273,01432,8221,8123,98
274,01434,1652,1652,0
275,01436,3208,0,3208
276,01438,414,414,0
277,01440,21577,19610,1967
278,01450,11298,4549,6749
279,01451,5461,129,5332
280,01452,4328,152,4176
281,01453,43752,42671,1081
282,01460,10141,9280,861
283,01462,11818,7034,4784
284,01463,11621,6222,5399
285,01464,7427,4922,2505
286,01468,4309,430,3879
287,01469,7055,0,7055
288,01473,8213,2540,5673
289,01474,2072,0,2072
290,01475,10304,4866,5438
291,01501,16731,15239,1492
292,01503,3158,1579,1579
293,01504,9208,8186,1022
294,01505,4849,2440,2409
295,01506,3439,352,3087
296,01507,13315,1254,12061
297,01510,15428,15401,27
298,01515,2224,1213,1011
299,01516,8962,3135,5827
300,01518,3176,2126,1050
301,01519,7254,6360,894
302,01520,16394,15502,892
303,01521,2603,0,2603
304,01522,3464,1873,1591
305,01523,8377,5648,2729
306,01524,6621,4777,1844
307,01525,73,73,0
308,01527,13799,12737,1062
309,01529,3174,1982,1192
310,01531,996,0,996
311,01532,15741,14907,834
312,01534,6233,5498,735
313,01535,4735,224,4511
314,01536,7514,7319,195
315,01537,2141,1435,706
316,01540,11032,8477,2555
317,01541,3495,0,3495
318,01542,2366,1926,440
319,01543,9049,0,9049
320,01545,38316,38130,186
321,01550,17740,15465,2275
322,01560,4896,4896,0
323,01561,64,64,0
324,01562,11992,6788,5204
325,01564,7985,2891,5094
326,01566,6691,3036,3655
327,01568,7900,3983,3917
328,01569,14193,10476,3717
329,01570,17776,17229,547
330,01571,11921,9068,2853
331,01581,21567,20975,592
332,01583,7652,6424,1228
333,01585,4899,0,4899
334,01588,10106,9014,1092
335,01590,9279,4743,4536
336,01602,25382,25360,22
337,01603,22417,22417,0
338,01604,41301,41301,0
339,01605,29218,29218,0
340,01606,21651,21651,0
341,01607,9378,9378,0
342,01608,4996,4996,0
343,01609,23870,23870,0
344,01610,28717,28717,0
345,01611,2277,2138,139
346,01612,5051,1296,3755
347,01701,33005,32404,601
348,01702,39515,39483,32
349,01718,688,688,0
350,01719,5506,5287,219
351,01720,23232,22526,706
352,01721,18832,18538,294
353,01730,14566,14526,40
354,01731,1555,1555,0
355,01740,5665,1543,4122
356,01741,5237,1094,4143
357,01742,18545,16187,2358
358,01745,433,433,0
359,01746,14996,14216,780
360,01747,6017,5956,61
361,01748,18758,15638,3120
362,01749,20092,19753,339
363,01752,41793,41287,506
364,01754,10730,10707,23
365,01756,6228,2054,4174
366,01757,30479,30089,390
367,01760,36659,36638,21
368,01770,4401,793,3608
369,01772,10017,9442,575
370,01773,5651,3657,1994
371,01775,7190,4674,2516
372,01776,18934,17200,1734
373,01778,14132,13464,668
374,01801,40891,40891,0
375,01803,26074,26074,0
376,01810,35621,35540,81
377,01821,30909,30734,175
378,01824,26881,26834,47
379,01826,32689,31502,1187
380,01827,3358,262,3096
381,01830,27553,27009,544
382,01832,25656,25182,474
383,01833,8410,7084,1326
384,01834,6752,6116,636
385,01835,14578,14382,196
386,01840,7121,7121,0
387,01841,53654,53654,0
388,01843,28346,28346,0
389,01844,52970,52970,0
390,01845,31855,31110,745
391,01850,16670,16670,0
392,01851,32691,32691,0
393,01852,36708,36708,0
394,01854,29561,29561,0
395,01860,6723,5220,1503
396,01862,11430,11389,41
397,01863,9536,9536,0
398,01864,15554,15554,0
399,01867,25522,25522,0
400,01876,31105,31105,0
401,01879,12368,11685,683
402,01880,27071,27071,0
403,01886,24618,23738,880
404,01887,23349,23349,0
405,01890,22970,22970,0
406,01901,2794,2794,0
407,01902,50725,50725,0
408,01904,19944,19944,0
409,01905,27761,27761,0
410,01906,28619,28619,0
411,01907,15148,15148,0
412,01908,3334,3334,0
413,01913,17366,17097,269
414,01915,42341,41895,446
415,01921,8263,1221,7042
416,01922,3134,1832,1302
417,01923,27987,27970,17
418,01929,3618,1774,1844
419,01930,29729,26454,3275
420,01937,100,100,0
421,01938,13785,9380,4405
422,01940,13326,13326,0
423,01944,5395,4275,1120
424,01945,20462,20462,0
425,01949,9779,9253,526
426,01950,18289,17491,798
427,01951,3582,1215,2367
428,01952,9236,9236,0
429,01960,54155,54155,0
430,01965,329,280,49
431,01966,6992,6847,145
432,01969,6161,2746,3415
433,01970,44451,44451,0
434,01982,7618,5340,2278
435,01983,6569,4462,2107
436,01984,4979,2812,2167
437,01985,4500,1844,2656
438,02019,16945,15557,1388
439,02021,24370,23857,513
440,02025,8381,8132,249
441,02026,25364,25364,0
442,02030,5923,3717,2206
443,02032,4853,4853,0
444,02035,18618,18388,230
445,02038,33261,32753,508
446,02043,24272,23504,768
447,02045,10072,10066,6
448,02047,371,371,0
449,02048,23860,23860,0
450,02050,25956,23850,2106
451,02052,12799,12002,797
452,02053,13115,13115,0
453,02054,8460,7314,1146
454,02056,11662,11473,189
455,02061,11351,6241,5110
456,02062,31611,31611,0
457,02066,18561,17656,905
458,02067,18553,16849,1704
459,02071,968,968,0
460,02072,29281,28002,1279
461,02081,20584,20584,0
462,02090,16266,16092,174
463,02093,12178,10063,2115
464,02108,4228,4228,0
465,02109,3921,3921,0
466,02110,2921,2921,0
467,02111,9716,9716,0
468,02113,7126,7126,0
469,02114,14469,14469,0
470,02115,31604,31604,0
471,02116,23408,23408,0
472,02118,29073,29073,0
473,02119,29175,29175,0
474,02120,17578,17578,0
475,02121,28766,28766,0
476,02122,24385,24385,0
477,02124,50972,50972,0
478,02125,34926,34908,18
479,02126,22734,22734,0
480,02127,37939,37939,0
481,02128,43066,43066,0
482,02129,19120,19120,0
483,02130,38284,38284,0
484,02131,30544,30544,0
485,02132,27111,27111,0
486,02133,56,56,0
487,02134,21707,21707,0
488,02135,47232,47232,0
489,02136,35102,35102,0
490,02138,37982,37982,0
491,02139,39525,39525,0
492,02140,21447,21447,0
493,02141,15130,15130,0
494,02142,4499,4499,0
495,02143,26022,26022,0
496,02144,25497,25497,0
497,02145,27520,27520,0
498,02148,66274,66274,0
499,02149,49075,49075,0
500,02150,40721,40721,0
501,02151,62252,62234,18
502,02152,19316,19316,0
503,02155,61483,61483,0
504,02163,1391,1391,0
505,02169,62140,62096,44
506,02170,19950,19922,28
507,02171,19539,19539,0
508,02176,29817,29817,0
509,02180,23244,23244,0
510,02184,39143,39143,0
511,02186,28637,28170,467
512,02188,15133,15133,0
513,02189,15123,15123,0
514,02190,18910,18910,0
515,02191,8271,8271,0
516,02199,1574,1574,0
517,02203,0,0,0
518,02205,10,10,0
519,02210,5808,5808,0
520,02215,26926,26926,0
521,02301,69418,69418,0
522,02302,36202,36202,0
523,02322,4777,4777,0
524,02324,25676,24557,1119
525,02325,3025,3025,0
526,02330,11645,5254,6391
527,02332,16090,14268,1822
528,02333,14382,13832,550
529,02338,7749,4292,3457
530,02339,14833,14619,214
531,02341,10367,9178,1189
532,02343,11364,11364,0
533,02346,24245,11310,12935
534,02347,11523,5186,6337
535,02350,272,272,0
536,02351,17085,17085,0
537,02356,12767,12465,302
538,02357,1906,1906,0
539,02359,18361,17303,1058
540,02360,61134,55013,6121
541,02364,13708,11939,1769
542,02366,83,0,83
543,02367,2930,328,2602
544,02368,35025,34893,132
545,02370,17803,17803,0
546,02375,10373,9523,850
547,02379,7697,7650,47
548,02382,15121,15121,0
549,02420,15502,15502,0
550,02421,18950,18947,3
551,02445,22499,22499,0
552,02446,31957,31957,0
553,02451,17953,17953,0
554,02452,15340,15340,0
555,02453,31854,31854,0
556,02457,1560,1560,0
557,02458,12817,12817,0
558,02459,19017,19017,0
559,02460,9204,9204,0
560,02461,7430,7430,0
561,02462,1569,1569,0
562,02464,3193,3193,0
563,02465,12415,12415,0
564,02466,8434,8434,0
565,02467,22626,22626,0
566,02468,5713,5713,0
567,02472,35392,35392,0
568,02474,28551,28551,0
569,02476,17757,17757,0
570,02478,27286,27286,0
571,02481,17280,17280,0
572,02482,10710,10710,0
573,02492,21359,20748,611
574,02493,11851,11851,0
575,02494,10732,10732,0
576,02532,13411,12274,1137
577,02534,899,884,15
578,02535,1651,0,1651
579,02536,19993,19101,892
580,02537,6178,4972,1206
581,02538,4428,4229,199
582,02539,5168,4533,635
583,02540,8450,8307,143
584,02542,793,358,435
585,02543,756,725,31
586,02553,164,147,17
587,02554,13517,12011,1506
588,02556,3338,3338,0
589,02557,2372,2330,42
590,02558,2178,2148,30
591,02559,3388,3388,0
592,02561,712,712,0
593,02562,3204,3204,0
594,02563,10070,9700,370
595,02564,703,0,703
596,02568,8172,7201,971
597,02571,10858,9834,1024
598,02575,3167,0,3167
599,02576,3957,3215,742
600,02584,35,0,35
601,02601,16487,16487,0
602,02630,1956,1928,28
603,02631,10178,9933,245
604,02632,11475,11475,0
605,02633,4664,4616,48
606,02635,3632,3632,0
607,02637,267,267,0
608,02638,2968,2968,0
609,02639,3238,3238,0
610,02641,332,332,0
611,02642,5752,5671,81
612,02643,13,12,1
613,02644,3954,3954,0
614,02645,10436,10376,60
615,02646,1926,1926,0
616,02647,136,136,0
617,02648,7325,7226,99
618,02649,15060,15060,0
619,02650,829,829,0
620,02652,1402,1318,84
621,02653,6307,6233,74
622,02655,3591,3591,0
623,02657,3664,3657,7
624,02659,1100,1100,0
625,02660,6662,6662,0
626,02663,257,186,71
627,02664,9935,9935,0
628,02666,1052,723,329
629,02667,3309,3126,183
630,02668,3222,2635,587
631,02670,1463,1463,0
632,02671,1216,1216,0
633,02672,297,297,0
634,02673,8892,8866,26
635,02675,6712,6390,322
636,02702,4267,2373,1894
637,02703,46389,46389,0
638,02713,39,0,39
639,02715,4036,736,3300
640,02717,4951,1342,3609
641,02718,6882,6633,249
642,02719,15924,14900,1024
643,02720,31209,30987,222
644,02721,28075,28075,0
645,02723,16084,16084,0
646,02724,18050,18050,0
647,02725,2632,2632,0
648,02726,15671,15671,0
649,02738,5347,4230,1117
650,02739,6508,3666,2842
651,02740,45166,45166,0
652,02743,10434,6923,3511
653,02744,13055,13055,0
654,02745,25336,24877,459
655,02746,17355,17355,0
656,02747,22326,16760,5566
657,02748,11888,9605,2283
658,02760,28716,28354,362
659,02762,9945,9044,901
660,02763,2118,2118,0
661,02764,4081,1964,2117
662,02766,19202,16718,2484
663,02767,15376,14641,735
664,02769,12521,1556,10965
665,02770,5560,0,5560
666,02771,15512,13923,1589
667,02777,17133,14605,2528
668,02779,6764,1535,5229
669,02780,52299,50156,2143
670,02790,16458,7700,8758
671,02791,312,0,312
672,02802,814,814,0
673,02804,2782,1449,1333
674,02806,17153,17111,42
675,02807,1410,0,1410
676,02808,2332,0,2332
677,02809,22493,22196,297
678,02812,1220,0,1220
679,02813,8021,3146,4875
680,02814,7549,718,6831
681,02815,247,0,247
682,02816,33206,29475,3731
683,02817,6528,2004,4524
684,02818,19907,18325,1582
685,02822,5960,567,5393
686,02823,151,151,0
687,02824,404,404,0
688,02825,5265,0,5265
689,02826,822,549,273
690,02827,2224,0,2224
691,02828,7469,7344,125
692,02829,122,61,61
693,02830,6474,3046,3428
694,02831,3860,2215,1645
695,02832,4887,0,4887
696,02833,469,63,406
697,02835,5559,5103,456
698,02836,158,0,158
699,02837,3616,313,3303
700,02838,3801,3801,0
701,02839,1870,1402,468
702,02840,23902,23817,85
703,02841,1220,1220,0
704,02842,17115,17021,94
705,02852,23579,21625,1954
706,02857,8339,1869,6470
707,02858,580,570,10
708,02859,6701,4111,2590
709,02860,47894,47894,0
710,02861,27833,27833,0
711,02863,22596,22596,0
712,02864,36376,34768,1608
713,02865,17902,17902,0
714,02871,17640,17396,244
715,02872,231,0,231
716,02873,266,0,266
717,02874,6137,3228,2909
718,02875,350,0,350
719,02876,753,753,0
720,02878,16359,13490,2869
721,02879,20982,14681,6301
722,02881,8443,8280,163
723,02882,12919,12078,841
724,02885,11147,10912,235
725,02886,29373,29373,0
726,02888,19578,19578,0
727,02889,28277,28274,3
728,02891,21803,21055,748
729,02892,5420,0,5420
730,02893,31030,31030,0
731,02894,814,0,814
732,02895,43269,43269,0
733,02896,11154,8287,2867
734,02898,1887,0,1887
735,02903,13264,13264,0
736,02904,31542,31542,0
737,02905,26334,26334,0
738,02906,25559,25559,0
739,02907,29827,29827,0
740,02908,38507,38507,0
741,02909,46119,46119,0
742,02910,21907,21907,0
743,02911,16384,16384,0
744,02912,4739,4739,0
745,02914,22140,22140,0
746,02915,16603,16603,0
747,02916,8350,8350,0
748,02917,14738,13582,1156
749,02918,3125,3125,0
750,02919,29473,28286,1187
751,02920,37791,37791,0
752,02921,12406,12036,370
753,03031,11763,5627,6136
754,03032,5930,615,5315
755,03033,5639,0,5639
756,03034,4066,0,4066
757,03036,5251,0,5251
758,03037,4802,0,4802
759,03038,34482,31176,3306
760,03042,7146,704,6442
761,03043,1610,0,1610
762,03044,4739,40,4699
763,03045,14107,3171,10936
764,03046,3005,0,3005
765,03047,1727,0,1727
766,03048,3353,0,3353
767,03049,8342,352,7990
768,03051,25394,24114,1280
769,03052,8478,5866,2612
770,03053,25646,24539,1107
771,03054,26622,23898,2724
772,03055,16120,11575,4545
773,03057,2612,0,2612
774,03060,31251,31251,0
775,03062,28966,28753,213
776,03063,16036,15946,90
777,03064,15069,15069,0
778,03070,6134,0,6134
779,03071,5198,0,5198
780,03076,14222,11751,2471
781,03077,10684,4522,6162
782,03079,30095,29869,226
783,03082,1621,0,1621
784,03084,1382,0,1382
785,03086,3982,1318,2664
786,03087,15817,12648,3169
787,03101,3885,3885,0
788,03102,33396,33396,0
789,03103,38039,38039,0
790,03104,34324,34324,0
791,03106,14799,12046,2753
792,03109,10580,10159,421
793,03110,23322,21183,2139
794,03215,510,0,510
795,03216,2327,0,2327
796,03217,1938,1489,449
797,03218,1116,0,1116
798,03220,7368,1325,6043
799,03221,2307,0,2307
800,03222,5743,0,5743
801,03223,3410,0,3410
802,03224,2368,19,2349
803,03225,3799,0,3799
804,03226,1145,34,1111
805,03227,1113,0,1113
806,03229,5919,0,5919
807,03230,1256,0,1256
808,03231,85,0,85
809,03233,115,0,115
810,03234,4817,0,4817
811,03235,8856,6659,2197
812,03237,2478,0,2478
813,03238,44,0,44
814,03240,1385,0,1385
815,03241,953,0,953
816,03242,6185,0,6185
817,03243,1076,0,1076
818,03244,8001,0,8001
819,03245,2017,190,1827
820,03246,16905,16064,841
821,03249,7698,4281,3417
822,03251,1631,1306,325
823,03253,6558,3363,3195
824,03254,4910,0,4910
825,03255,2158,0,2158
826,03256,2373,14,2359
827,03257,4513,0,4513
828,03258,2625,6,2619
829,03259,236,0,236
830,03260,798,0,798
831,03261,4685,0,4685
832,03262,1362,699,663
833,03263,4094,0,4094
834,03264,7054,4487,2567
835,03266,2098,0,2098
836,03268,1236,0,1236
837,03269,3026,211,2815
838,03273,259,0,259
839,03275,11946,6860,5086
840,03276,8766,3846,4920
841,03278,3126,0,3126
842,03279,781,0,781
843,03280,1195,0,1195
844,03281,9092,0,9092
845,03282,845,0,845
846,03284,902,0,902
847,03285,2708,0,2708
848,03287,1407,0,1407
849,03290,5129,0,5129
850,03291,73,0,73
851,03293,72,0,72
852,03301,33352,30008,3344
853,03303,16516,10886,5630
854,03304,8229,1357,6872
855,03307,5600,176,5424
856,03431,24978,21496,3482
857,03440,2726,0,2726
858,03441,354,0,354
859,03442,1501,0,1501
860,03443,616,0,616
861,03444,1508,0,1508
862,03445,666,0,666
863,03446,6351,49,6302
864,03447,2351,0,2351
865,03448,752,0,752
866,03449,1763,0,1763
867,03450,975,0,975
868,03451,3948,0,3948
869,03452,5320,0,5320
870,03455,2132,1142,990
871,03456,749,0,749
872,03457,803,0,803
873,03458,6794,0,6794
874,03461,6476,0,6476
875,03462,1710,0,1710
876,03464,1194,0,1194
877,03465,2130,0,2130
878,03466,1226,0,1226
879,03467,1706,0,1706
880,03470,4993,0,4993
881,03561,6005,0,6005
882,03570,9429,7452,1977
883,03574,2514,0,2514
884,03575,107,0,107
885,03576,2939,0,2939
886,03579,458,0,458
887,03580,1344,0,1344
888,03581,3053,2206,847
889,03582,2337,0,2337
890,03583,1038,0,1038
891,03584,3490,0,3490
892,03585,2626,0,2626
893,03586,654,0,654
894,03588,1664,0,1664
895,03590,910,0,910
896,03592,1094,0,1094
897,03593,329,0,329
898,03595,713,0,713
899,03597,374,0,374
900,03598,3393,0,3393
901,03601,376,0,376
902,03602,2599,0,2599
903,03603,5127,0,5127
904,03604,15,0,15
905,03605,1104,0,1104
906,03607,314,0,314
907,03608,2811,214,2597
908,03609,807,710,97
909,03740,1071,0,1071
910,03741,4071,30,4041
911,03743,13540,9415,4125
912,03745,1616,0,1616
913,03748,4626,1896,2730
914,03750,938,33,905
915,03751,399,0,399
916,03752,784,0,784
917,03753,3476,0,3476
918,03755,10926,9016,1910
919,03765,487,0,487
920,03766,9838,7750,2088
921,03768,1736,0,1736
922,03770,583,0,583
923,03771,864,0,864
924,03773,7801,0,7801
925,03774,1808,0,1808
926,03777,1237,0,1237
927,03779,769,0,769
928,03780,475,0,475
929,03781,1876,0,1876
930,03782,3030,0,3030
931,03784,4444,4380,64
932,03785,2245,0,2245
933,03801,22767,22170,597
934,03809,3644,582,3062
935,03810,2246,958,1288
936,03811,7081,6998,83
937,03812,936,0,936
938,03813,3681,640,3041
939,03814,2357,0,2357
940,03816,1304,0,1304
941,03817,452,0,452
942,03818,3478,1837,1641
943,03819,4208,956,3252
944,03820,32800,28311,4489
945,03823,1928,61,1867
946,03824,15498,12086,3412
947,03825,9326,0,9326
948,03826,2693,2582,111
949,03827,3307,248,3059
950,03830,1611,0,1611
951,03832,405,0,405
952,03833,22662,13443,9219
953,03835,6758,0,6758
954,03836,1689,0,1689
955,03837,1471,0,1471
956,03838,1150,0,1150
957,03839,4058,3378,680
958,03840,4076,3432,644
959,03841,6486,6486,0
960,03842,16048,15511,537
961,03844,2428,938,1490
962,03845,1093,479,614
963,03846,995,0,995
964,03847,326,310,16
965,03848,6202,3255,2947
966,03849,1446,0,1446
967,03850,340,0,340
968,03851,3891,122,3769
969,03852,591,0,591
970,03853,769,0,769
971,03854,1000,1000,0
972,03855,2693,0,2693
973,03856,1769,351,1418
974,03857,9430,7866,1564
975,03858,4820,3682,1138
976,03860,3910,2006,1904
977,03861,4499,19,4480
978,03862,4597,2763,1834
979,03864,1999,0,1999
980,03865,7830,7437,393
981,03867,22369,20018,2351
982,03868,6065,5435,630
983,03869,2456,1661,795
984,03870,5234,4236,998
985,03871,250,188,62
986,03872,3981,0,3981
987,03873,6557,2372,4185
988,03874,8542,8292,250
989,03875,973,0,973
990,03878,11919,11714,205
991,03882,1682,0,1682
992,03883,300,0,300
993,03884,4230,0,4230
994,03885,7660,4692,2968
995,03886,1977,0,1977
996,03887,2151,0,2151
997,03890,177,0,177
998,03894,6382,0,6382
999,03897,55,0,55
1000,03901,7937,2958,4979
1001,03902,2362,398,1964
1002,03903,6717,3569,3148
1003,03904,8148,6660,1488
1004,03905,1922,1245,677
1005,03906,4990,0,4990
1006,03907,1577,1436,141
1007,03908,7468,4006,3462
1008,03909,10938,6973,3965
1009,03910,116,116,0
1010,03911,307,307,0
1011,04001,2665,0,2665
1012,04002,7589,0,7589
1013,04003,363,0,363
1014,04005,24581,19366,5215
1015,04006,100,100,0
1016,04008,3047,0,3047
1017,04009,5298,0,5298
1018,04010,1631,0,1631
1019,04011,21756,17190,4566
1020,04015,3646,0,3646
1021,04017,396,0,396
1022,04019,72,0,72
1023,04020,1508,0,1508
1024,04021,6729,56,6673
1025,04022,1197,0,1197
1026,04024,572,0,572
1027,04027,6469,328,6141
1028,04029,1917,0,1917
1029,04030,2239,0,2239
1030,04032,8737,0,8737
1031,04037,3762,0,3762
1032,04038,18336,8150,10186
1033,04039,7922,0,7922
1034,04040,2853,0,2853
1035,04041,1609,0,1609
1036,04042,4745,0,4745
1037,04043,11536,8028,3508
1038,04046,7893,1927,5966
1039,04047,1791,0,1791
1040,04048,3188,0,3188
1041,04049,3892,0,3892
1042,04050,234,0,234
1043,04051,1095,0,1095
1044,04055,3925,0,3925
1045,04056,167,0,167
1046,04057,120,0,120
1047,04061,3437,0,3437
1048,04062,18464,8975,9489
1049,04063,508,508,0
1050,04064,8452,8304,148
1051,04066,579,0,579
1052,04068,1600,0,1600
1053,04069,1566,0,1566
1054,04071,4915,978,3937
1055,04072,20381,15347,5034
1056,04073,17283,12098,5185
1057,04074,21952,15257,6695
1058,04076,2927,0,2927
1059,04079,4089,0,4089
1060,04083,4699,2969,1730
1061,04084,8253,320,7933
1062,04085,1991,0,1991
1063,04086,9560,5820,3740
1064,04087,2269,0,2269
1065,04088,1533,0,1533
1066,04090,11314,5148,6166
1067,04091,942,0,942
1068,04092,20400,19661,739
1069,04093,8376,0,8376
1070,04095,1481,0,1481
1071,04096,8990,6677,2313
1072,04097,4072,86,3986
1073,04101,18109,18109,0
1074,04102,18002,18002,0
1075,04103,31185,31185,0
1076,04105,12406,7495,4911
1077,04106,26641,26641,0
1078,04107,9575,8449,1126
1079,04108,907,0,907
1080,04109,133,0,133
1081,04110,1752,1746,6
1082,04210,24061,19478,4583
1083,04216,666,0,666
1084,04217,3283,0,3283
1085,04219,1544,0,1544
1086,04220,3186,0,3186
1087,04221,1125,0,1125
1088,04222,4173,0,4173
1089,04224,2746,0,2746
1090,04226,88,0,88
1091,04227,22,0,22
1092,04231,276,0,276
1093,04234,27,0,27
1094,04236,4376,25,4351
1095,04237,286,0,286
1096,04238,1223,0,1223
1097,04239,4620,0,4620
1098,04240,37121,32300,4821
1099,04250,4813,3442,1371
1100,04252,4876,3721,1155
1101,04253,2127,0,2127
1102,04254,3060,0,3060
1103,04255,730,0,730
1104,04256,3107,0,3107
1105,04257,2756,2279,477
1106,04258,2766,0,2766
1107,04259,3179,0,3179
1108,04260,5676,0,5676
1109,04261,488,0,488
1110,04263,2262,0,2262
1111,04265,903,0,903
1112,04267,31,0,31
1113,04268,5077,1796,3281
1114,04270,6082,552,5530
1115,04271,44,0,44
1116,04274,5906,0,5906
1117,04275,464,0,464
1118,04276,5858,3306,2552
1119,04280,6674,1777,4897
1120,04281,5135,2023,3112
1121,04282,5817,0,5817
1122,04284,1113,0,1113
1123,04285,376,0,376
1124,04286,8,0,8
1125,04287,3136,0,3136
1126,04289,1775,0,1775
1127,04290,1488,0,1488
1128,04292,986,0,986
1129,04294,3862,0,3862
1130,04330,26322,14086,12236
1131,04341,70,0,70
1132,04342,1725,0,1725
1133,04344,2995,1913,1082
1134,04345,12052,4321,7731
1135,04346,1743,1625,118
1136,04347,2570,2060,510
1137,04348,3152,0,3152
1138,04349,1160,0,1160
1139,04350,3586,0,3586
1140,04351,2462,0,2462
1141,04352,1721,0,1721
1142,04353,2338,0,2338
1143,04354,1570,0,1570
1144,04355,2597,0,2597
1145,04357,3522,0,3522
1146,04358,4373,0,4373
1147,04359,455,0,455
1148,04360,578,0,578
1149,04363,2632,0,2632
1150,04364,6115,0,6115
1151,04401,44608,31185,13423
1152,04406,751,0,751
1153,04408,201,0,201
1154,04410,1184,0,1184
1155,04411,1532,482,1050
1156,04412,9672,7865,1807
1157,04413,147,0,147
1158,04414,1104,0,1104
1159,04415,266,0,266
1160,04416,5451,0,5451
1161,04417,395,0,395
1162,04418,1720,0,1720
1163,04419,2863,0,2863
1164,04421,1320,0,1320
1165,04422,1551,0,1551
1166,04424,839,0,839
1167,04426,4841,0,4841
1168,04427,2900,0,2900
1169,04428,3034,78,2956
1170,04429,4925,144,4781
1171,04430,1567,0,1567
1172,04431,18,0,18
1173,04434,1230,0,1230
1174,04435,963,0,963
1175,04438,1231,0,1231
1176,04441,1632,0,1632
1177,04442,101,0,101
1178,04443,2173,0,2173
1179,04444,9304,3534,5770
1180,04448,1265,0,1265
1181,04449,1373,0,1373
1182,04450,1346,0,1346
1183,04451,199,0,199
1184,04453,725,0,725
1185,04454,62,0,62
1186,04455,916,0,916
1187,04456,2940,0,2940
1188,04457,5689,0,5689
1189,04459,669,0,669
1190,04460,1236,0,1236
1191,04461,3069,1843,1226
1192,04462,4411,3812,599
1193,04463,2766,0,2766
1194,04464,603,0,603
1195,04468,8801,5982,2819
1196,04469,3113,3113,0
1197,04471,624,0,624
1198,04472,2203,0,2203
1199,04473,8070,6786,1284
1200,04474,3812,330,3482
1201,04475,356,0,356
1202,04476,1128,0,1128
1203,04478,272,0,272
1204,04479,1306,0,1306
1205,04481,665,0,665
1206,04485,251,0,251
1207,04487,778,0,778
1208,04488,1186,0,1186
1209,04489,197,197,0
1210,04490,208,0,208
1211,04491,107,0,107
1212,04492,132,0,132
1213,04493,1803,0,1803
1214,04495,399,0,399
1215,04496,3817,0,3817
1216,04497,307,0,307
1217,04530,11153,8199,2954
1218,04535,710,0,710
1219,04537,2000,0,2000
1220,04538,1729,1583,146
1221,04539,1227,0,1227
1222,04541,44,0,44
1223,04543,2297,0,2297
1224,04544,695,669,26
1225,04547,1142,0,1142
1226,04548,1058,0,1058
1227,04551,823,0,823
1228,04553,1848,0,1848
1229,04554,649,0,649
1230,04555,1791,0,1791
1231,04556,1188,0,1188
1232,04558,409,0,409
1233,04562,2155,0,2155
1234,04563,1502,0,1502
1235,04564,505,0,505
1236,04568,461,0,461
1237,04570,16,0,16
1238,04571,308,0,308
1239,04572,5154,0,5154
1240,04573,666,0,666
1241,04574,1592,0,1592
1242,04575,298,229,69
1243,04576,606,586,20
1244,04578,4461,0,4461
1245,04579,3068,152,2916
1246,04605,13651,0,13651
1247,04606,1148,0,1148
1248,04607,1224,0,1224
1249,04609,5089,0,5089
1250,04611,443,0,443
1251,04612,590,0,590
1252,04613,121,0,121
1253,04614,2792,0,2792
1254,04616,827,0,827
1255,04617,724,0,724
1256,04619,3079,0,3079
1257,04622,1310,0,1310
1258,04623,943,0,943
1259,04624,211,0,211
1260,04625,64,0,64
1261,04626,524,0,524
1262,04627,1937,0,1937
1263,04628,672,0,672
1264,04630,1364,0,1364
1265,04631,1288,0,1288
1266,04634,1998,0,1998
1267,04635,27,0,27
1268,04640,2421,0,2421
1269,04642,201,0,201
1270,04643,962,0,962
1271,04645,92,0,92
1272,04646,96,0,96
1273,04648,567,0,567
1274,04649,1245,0,1245
1275,04650,256,0,256
1276,04652,1536,0,1536
1277,04653,575,0,575
1278,04654,3312,0,3312
1279,04655,962,0,962
1280,04657,344,0,344
1281,04658,1375,0,1375
1282,04660,1414,0,1414
1283,04662,460,0,460
1284,04664,1219,0,1219
1285,04666,1125,0,1125
1286,04667,1494,0,1494
1287,04668,1765,0,1765
1288,04669,169,0,169
1289,04671,539,0,539
1290,04673,144,0,144
1291,04674,379,0,379
1292,04675,272,0,272
1293,04676,1076,0,1076
1294,04677,279,0,279
1295,04679,1756,0,1756
1296,04680,1129,0,1129
1297,04681,1056,0,1056
1298,04683,1,0,1
1299,04684,1632,0,1632
1300,04685,355,0,355
1301,04686,135,0,135
1302,04691,460,0,460
1303,04693,461,0,461
1304,04694,2137,0,2137
1305,04730,9813,4281,5532
1306,04732,1506,0,1506
1307,04733,163,0,163
1308,04734,739,0,739
1309,04735,541,0,541
1310,04736,9033,0,9033
1311,04737,0,0,0
1312,04739,993,0,993
1313,04740,1320,0,1320
1314,04742,3322,0,3322
1315,04743,4625,0,4625
1316,04745,1052,0,1052
1317,04746,366,0,366
1318,04747,1281,0,1281
1319,04750,1817,0,1817
1320,04756,3134,0,3134
1321,04757,2777,0,2777
1322,04758,1370,0,1370
1323,04760,748,0,748
1324,04761,590,0,590
1325,04762,577,0,577
1326,04763,661,0,661
1327,04764,42,0,42
1328,04765,1122,0,1122
1329,04766,371,0,371
1330,04768,366,0,366
1331,04769,8797,5361,3436
1332,04772,730,0,730
1333,04773,780,0,780
1334,04774,675,0,675
1335,04776,907,0,907
1336,04777,387,0,387
1337,04779,446,0,446
1338,04780,733,0,733
1339,04781,534,0,534
1340,04783,473,0,473
1341,04785,2323,0,2323
1342,04786,1756,0,1756
1343,04787,445,0,445
1344,04841,6936,6525,411
1345,04843,5241,3928,1313
1346,04847,1698,0,1698
1347,04848,583,0,583
1348,04849,3862,204,3658
1349,04851,53,0,53
1350,04852,64,0,64
1351,04853,408,0,408
1352,04854,1517,922,595
1353,04855,163,0,163
1354,04856,3644,1031,2613
1355,04858,1497,131,1366
1356,04859,645,0,645
1357,04860,1800,0,1800
1358,04861,2739,1991,748
1359,04862,3794,0,3794
1360,04863,1279,0,1279
1361,04864,4865,0,4865
1362,04901,26491,20569,5922
1363,04910,2006,0,2006
1364,04911,1918,0,1918
1365,04912,982,0,982
1366,04915,9110,3550,5560
1367,04917,3259,0,3259
1368,04918,11,0,11
1369,04920,1602,0,1602
1370,04921,1620,0,1620
1371,04922,1096,0,1096
1372,04923,443,0,443
1373,04924,2193,0,2193
1374,04925,87,0,87
1375,04926,35,0,35
1376,04927,3370,0,3370
1377,04928,2221,0,2221
1378,04929,885,0,885
1379,04930,4287,0,4287
1380,04932,1211,0,1211
1381,04936,257,0,257
1382,04937,6363,2785,3578
1383,04938,9592,0,9592
1384,04939,1026,0,1026
1385,04940,60,0,60
1386,04941,1731,0,1731
1387,04942,1121,0,1121
1388,04943,1705,0,1705
1389,04944,68,0,68
1390,04945,1125,0,1125
1391,04947,1717,0,1717
1392,04949,934,0,934
1393,04950,4726,2,4724
1394,04951,931,0,931
1395,04952,1947,0,1947
1396,04953,3139,0,3139
1397,04955,1448,0,1448
1398,04956,721,0,721
1399,04957,3987,0,3987
1400,04958,1868,0,1868
1401,04961,1008,0,1008
1402,04963,7358,2122,5236
1403,04964,265,0,265
1404,04965,1924,0,1924
1405,04966,1527,0,1527
1406,04967,3908,0,3908
1407,04969,1319,0,1319
1408,04970,1632,0,1632
1409,04971,2045,0,2045
1410,04973,1400,0,1400
1411,04974,2649,0,2649
1412,04975,53,53,0
1413,04976,9937,4793,5144
1414,04978,925,0,925
1415,04979,978,0,978
1416,04981,2231,0,2231
1417,04982,581,0,581
1418,04983,1665,0,1665
1419,04984,527,0,527
1420,04985,122,0,122
1421,04986,1585,0,1585
1422,04987,1018,0,1018
1423,04988,2328,0,2328
1424,04989,4520,0,4520
1425,04992,66,0,66
1426,05001,8674,5574,3100
1427,05009,0,0,0
1428,05030,69,0,69
1429,05031,71,0,71
1430,05032,2631,0,2631
1431,05033,2973,0,2973
1432,05034,290,0,290
1433,05035,641,0,641
1434,05036,940,0,940
1435,05037,880,0,880
1436,05038,1328,0,1328
1437,05039,995,0,995
1438,05040,528,0,528
1439,05041,229,0,229
1440,05042,599,0,599
1441,05043,998,0,998
1442,05045,1686,0,1686
1443,05046,1164,0,1164
1444,05048,2465,0,2465
1445,05050,130,0,130
1446,05051,1166,0,1166
1447,05052,341,0,341
1448,05053,289,0,289
1449,05055,3503,837,2666
1450,05056,406,0,406
1451,05058,217,0,217
1452,05059,1357,0,1357
1453,05060,4590,0,4590
1454,05061,1746,0,1746
1455,05062,675,0,675
1456,05065,1096,0,1096
1457,05067,249,0,249
1458,05068,3172,0,3172
1459,05069,673,0,673
1460,05070,460,0,460
1461,05071,307,0,307
1462,05072,509,0,509
1463,05073,22,0,22
1464,05075,1254,0,1254
1465,05076,468,0,468
1466,05077,1158,0,1158
1467,05079,703,0,703
1468,05081,871,0,871
1469,05083,194,0,194
1470,05084,85,0,85
1471,05086,857,0,857
1472,05088,783,783,0
1473,05089,4975,0,4975
1474,05091,3320,0,3320
1475,05101,4139,3018,1121
1476,05141,60,0,60
1477,05142,751,0,751
1478,05143,4698,0,4698
1479,05146,621,0,621
1480,05148,1423,0,1423
1481,05149,2408,0,2408
1482,05150,854,728,126
1483,05151,1334,0,1334
1484,05152,533,0,533
1485,05153,799,0,799
1486,05154,481,0,481
1487,05155,933,0,933
1488,05156,8911,4412,4499
1489,05158,935,36,899
1490,05161,590,0,590
1491,05201,14370,10964,3406
1492,05250,3550,0,3550
1493,05251,1564,0,1564
1494,05252,361,0,361
1495,05253,636,0,636
1496,05254,476,0,476
1497,05255,4018,0,4018
1498,05257,3080,2312,768
1499,05260,373,0,373
1500,05261,2364,0,2364
1501,05262,2366,483,1883
1502,05301,16681,10285,6396
1503,05340,1167,0,1167
1504,05341,485,0,485
1505,05342,658,0,658
1506,05343,986,0,986
1507,05344,807,0,807
1508,05345,1721,0,1721
1509,05346,5126,0,5126
1510,05350,706,0,706
1511,05351,282,0,282
1512,05352,857,0,857
1513,05353,1128,0,1128
1514,05354,2183,0,2183
1515,05355,732,0,732
1516,05356,1313,0,1313
1517,05358,248,0,248
1518,05359,569,0,569
1519,05360,337,0,337
1520,05361,864,0,864
1521,05362,257,0,257
1522,05363,2380,0,2380
1523,05401,32059,32059,0
1524,05403,20166,18786,1380
1525,05404,7981,7981,0
1526,05405,2351,2351,0
1527,05408,10425,10372,53
1528,05439,1455,1455,0
1529,05440,2106,0,2106
1530,05441,542,0,542
1531,05442,358,0,358
1532,05443,6387,0,6387
1533,05444,1948,0,1948
1534,05445,3912,0,3912
1535,05446,16081,13260,2821
1536,05447,141,0,141
1537,05448,1150,0,1150
1538,05450,5280,0,5280
1539,05452,22153,19397,2756
1540,05454,5167,0,5167
1541,05455,1219,0,1219
1542,05456,1137,0,1137
1543,05457,1577,0,1577
1544,05458,2152,0,2152
1545,05459,1699,0,1699
1546,05461,4923,0,4923
1547,05462,1856,0,1856
1548,05463,488,0,488
1549,05464,2975,0,2975
1550,05465,5587,0,5587
1551,05468,13369,6403,6966
1552,05471,816,0,816
1553,05472,1787,0,1787
1554,05473,1470,0,1470
1555,05474,939,0,939
1556,05476,3185,0,3185
1557,05477,4551,0,4551
1558,05478,15704,10907,4797
1559,05481,16,16,0
1560,05482,7751,5580,2171
1561,05483,1653,0,1653
1562,05485,20,0,20
1563,05486,1608,0,1608
1564,05487,1507,0,1507
1565,05488,7945,445,7500
1566,05489,3355,0,3355
1567,05491,5784,0,5784
1568,05492,771,0,771
1569,05494,1754,0,1754
1570,05495,10897,6805,4092
1571,05602,12235,7352,4883
1572,05640,110,0,110
1573,05641,16709,12002,4707
1574,05647,1064,0,1064
1575,05648,464,0,464
1576,05649,494,280,214
1577,05650,1124,0,1124
1578,05651,1503,0,1503
1579,05652,818,0,818
1580,05653,520,0,520
1581,05654,1239,345,894
1582,05655,3020,0,3020
1583,05656,3566,0,3566
1584,05658,1502,0,1502
1585,05660,1841,0,1841
1586,05661,5881,0,5881
1587,05663,6559,0,6559
1588,05664,92,0,92
1589,05666,37,0,37
1590,05667,2235,0,2235
1591,05669,564,0,564
1592,05670,35,35,0
1593,05672,5238,0,5238
1594,05673,2680,0,2680
1595,05674,1977,0,1977
1596,05675,923,0,923
1597,05676,5190,0,5190
1598,05677,2233,0,2233
1599,05678,177,0,177
1600,05679,3263,0,3263
1601,05680,2121,0,2121
1602,05681,231,0,231
1603,05682,1227,0,1227
1604,05701,20349,17350,2999
1605,05730,442,0,442
1606,05731,17,0,17
1607,05732,915,0,915
1608,05733,5935,0,5935
1609,05734,1282,0,1282
1610,05735,4019,0,4019
1611,05736,583,298,285
1612,05737,626,0,626
1613,05738,1139,0,1139
1614,05739,1322,0,1322
1615,05742,641,0,641
1616,05743,4210,0,4210
1617,05744,665,0,665
1618,05746,3,0,3
1619,05747,270,0,270
1620,05748,348,0,348
1621,05751,1415,0,1415
1622,05753,11113,6154,4959
1623,05757,847,0,847
1624,05758,788,0,788
1625,05759,1831,514,1317
1626,05760,1084,0,1084
1627,05761,1132,0,1132
1628,05762,503,0,503
1629,05763,2625,0,2625
1630,05764,3045,0,3045
1631,05765,1722,0,1722
1632,05766,739,0,739
1633,05767,1115,0,1115
1634,05768,45,0,45
1635,05769,1248,0,1248
1636,05770,1179,0,1179
1637,05772,685,0,685
1638,05773,2036,0,2036
1639,05774,1300,0,1300
1640,05775,592,0,592
1641,05776,389,0,389
1642,05777,3100,1388,1712
1643,05778,738,0,738
1644,05819,9040,4883,4157
1645,05820,423,0,423
1646,05821,1172,0,1172
1647,05822,2061,0,2061
1648,05824,1082,0,1082
1649,05825,157,0,157
1650,05826,861,0,861
1651,05827,620,0,620
1652,05828,2019,0,2019
1653,05829,1854,0,1854
1654,05830,1411,0,1411
1655,05832,952,0,952
1656,05833,49,0,49
1657,05836,1132,0,1132
1658,05837,335,0,335
1659,05839,706,0,706
1660,05840,68,0,68
1661,05841,405,0,405
1662,05842,561,0,561
1663,05843,2538,0,2538
1664,05845,1194,0,1194
1665,05846,1298,0,1298
1666,05847,887,0,887
1667,05850,259,0,259
1668,05851,6081,0,6081
1669,05853,560,0,560
1670,05855,7388,0,7388
1671,05857,1402,0,1402
1672,05858,325,0,325
1673,05859,2024,0,2024
1674,05860,2604,0,2604
1675,05862,298,0,298
1676,05866,725,0,725
1677,05867,774,0,774
1678,05868,183,0,183
1679,05871,1540,0,1540
1680,05872,873,0,873
1681,05873,739,0,739
1682,05874,561,0,561
1683,05875,646,0,646
1684,05901,17,0,17
1685,05902,147,0,147
1686,05903,830,0,830
1687,05904,267,0,267
1688,05905,788,0,788
1689,05906,1144,0,1144
1690,05907,159,0,159
1691,06001,19262,17954,1308
1692,06002,21579,21138,441
1693,06010,60748,60686,62
1694,06013,9519,1898,7621
1695,06016,6273,4120,2153
1696,06018,2610,0,2610
1697,06019,9857,6250,3607
1698,06020,23,0,23
1699,06021,1361,8,1353
1700,06022,141,0,141
1701,06023,1344,1344,0
1702,06024,601,0,601
1703,06026,5177,2530,2647
1704,06027,1368,0,1368
1705,06029,16351,10638,5713
1706,06031,1364,0,1364
1707,06032,19060,18797,263
1708,06033,29658,26683,2975
1709,06035,7305,5626,1679
1710,06037,18855,16451,2404
1711,06039,2357,0,2357
1712,06040,35676,35153,523
1713,06042,24044,23998,46
1714,06043,4867,1077,3790
1715,06051,31134,31134,0
1716,06052,8017,7970,47
1717,06053,35024,35024,0
1718,06057,6429,894,5535
1719,06058,1677,0,1677
1720,06059,103,0,103
1721,06060,2452,86,2366
1722,06061,213,0,213
1723,06062,17628,17273,355
1724,06063,3451,35,3416
1725,06065,485,0,485
1726,06066,30237,29631,606
1727,06067,20809,20802,7
1728,06068,1519,0,1519
1729,06069,2463,0,2463
1730,06070,15658,13961,1697
1731,06071,10395,4654,5741
1732,06072,91,91,0
1733,06073,5501,3396,2105
1734,06074,26911,26091,820
1735,06076,11988,5107,6881
1736,06078,12221,10381,1840
1737,06079,89,0,89
1738,06080,43,43,0
1739,06081,1324,1324,0
1740,06082,42141,41201,940
1741,06084,14598,2262,12336
1742,06085,7208,7161,47
1743,06088,4917,3805,1112
1744,06089,3594,3594,0
1745,06090,1183,0,1183
1746,06091,202,0,202
1747,06092,3924,2692,1232
1748,06093,3488,979,2509
1749,06095,29458,29235,223
1750,06096,12613,12613,0
1751,06098,10188,7789,2399
1752,06103,2540,2540,0
1753,06105,18803,18803,0
1754,06106,38036,38036,0
1755,06107,19221,19221,0
1756,06108,24201,24201,0
1757,06109,27298,27292,6
1758,06110,13004,13004,0
1759,06111,30536,30536,0
1760,06112,23189,23189,0
1761,06114,26257,26257,0
1762,06117,16695,16394,301
1763,06118,26844,26844,0
1764,06119,14843,14843,0
1765,06120,12636,12636,0
1766,06226,19233,18978,255
1767,06231,3901,0,3901
1768,06232,3142,0,3142
1769,06234,8484,4357,4127
1770,06235,2089,10,2079
1771,06237,5272,0,5272
1772,06238,12235,687,11548
1773,06239,11410,7606,3804
1774,06241,6568,3272,3296
1775,06242,1365,0,1365
1776,06243,226,0,226
1777,06247,2603,0,2603
1778,06248,5197,0,5197
1779,06249,7142,67,7075
1780,06250,4951,2191,2760
1781,06254,1863,54,1809
1782,06255,4673,2120,2553
1783,06256,2114,1345,769
1784,06258,334,0,334
1785,06259,4163,0,4163
1786,06260,9236,7158,2078
1787,06262,572,450,122
1788,06263,312,312,0
1789,06264,109,0,109
1790,06266,409,332,77
1791,06268,12460,8758,3702
1792,06269,8161,8139,22
1793,06277,3940,770,3170
1794,06278,4266,0,4266
1795,06279,5566,850,4716
1796,06280,3286,1409,1877
1797,06281,7021,707,6314
1798,06282,1225,0,1225
1799,06320,27398,27398,0
1800,06330,3167,1011,2156
1801,06331,5085,0,5085
1802,06332,565,491,74
1803,06333,7289,5137,2152
1804,06334,2336,573,1763
1805,06335,6781,5321,1460
1806,06336,93,0,93
1807,06338,296,0,296
1808,06339,8346,989,7357
1809,06340,29788,28753,1035
1810,06350,133,0,133
1811,06351,15609,5303,10306
1812,06353,175,175,0
1813,06354,5647,3524,2123
1814,06355,12835,12257,578
1815,06357,11404,11194,210
1816,06359,5149,0,5149
1817,06360,37104,35937,1167
1818,06365,4770,789,3981
1819,06370,7138,3276,3862
1820,06371,9840,3289,6551
1821,06373,267,0,267
1822,06374,8108,4711,3397
1823,06375,3758,2989,769
1824,06376,40,40,0
1825,06377,2739,0,2739
1826,06378,5318,2988,2330
1827,06379,8813,7797,1016
1828,06380,2892,2892,0
1829,06382,11060,9804,1256
1830,06384,2611,0,2611
1831,06385,15796,15180,616
1832,06387,359,359,0
1833,06389,129,129,0
1834,06390,422,0,422
1835,06401,18946,18292,654
1836,06403,5985,5443,542
1837,06405,28171,27690,481
1838,06409,686,619,67
1839,06410,28559,25576,2983
1840,06412,3749,2073,1676
1841,06413,13161,12406,755
1842,06414,330,0,330
1843,06415,16300,5512,10788
1844,06416,14225,14041,184
1845,06417,4415,2024,2391
1846,06418,12297,12297,0
1847,06419,6174,22,6152
1848,06420,4250,0,4250
1849,06422,7152,2770,4382
1850,06423,4821,0,4821
1851,06424,12403,7622,4781
1852,06426,3453,2682,771
1853,06437,22064,17550,4514
1854,06438,2616,37,2579
1855,06439,100,0,100
1856,06441,5484,885,4599
1857,06442,2594,2506,88
1858,06443,17713,15510,2203
1859,06444,636,431,205
1860,06447,6133,0,6133
1861,06450,36007,35676,331
1862,06451,24894,24873,21
1863,06455,2958,1198,1760
1864,06456,355,0,355
1865,06457,46505,44043,2462
1866,06459,1212,1212,0
1867,06460,37310,37310,0
1868,06461,14734,14734,0
1869,06467,379,379,0
1870,06468,18825,16634,2191
1871,06469,3272,0,3272
1872,06470,16284,9214,7070
1873,06471,7195,6774,421
1874,06472,6438,5922,516
1875,06473,24574,24495,79
1876,06475,10481,9376,1105
1877,06477,14280,13955,325
1878,06478,12689,2539,10150
1879,06479,10156,9810,346
1880,06480,9365,6651,2714
1881,06481,1259,1230,29
1882,06482,10884,5830,5054
1883,06483,16748,16473,275
1884,06484,40869,40869,0
1885,06488,19896,15226,4670
1886,06489,32267,31638,629
1887,06492,44606,42947,1659
1888,06498,6793,4892,1901
1889,06510,4409,4409,0
1890,06511,55879,55879,0
1891,06512,29457,29445,12
1892,06513,38618,38618,0
1893,06514,26613,26402,211
1894,06515,17877,17559,318
1895,06516,55584,55584,0
1896,06517,14954,14954,0
1897,06518,19528,18274,1254
1898,06519,15450,15450,0
1899,06524,5297,602,4695
1900,06525,9087,5361,3726
1901,06604,30003,30003,0
1902,06605,23867,23867,0
1903,06606,48427,48427,0
1904,06607,8690,8690,0
1905,06608,14312,14312,0
1906,06610,23347,23347,0
1907,06611,36835,36835,0
1908,06612,7605,2810,4795
1909,06614,33749,33749,0
1910,06615,18606,18606,0
1911,06702,3882,3882,0
1912,06704,27300,27033,267
1913,06705,27197,27197,0
1914,06706,14699,14699,0
1915,06708,30345,30345,0
1916,06710,11056,11056,0
1917,06712,9344,7836,1508
1918,06716,15996,15553,443
1919,06750,1370,0,1370
1920,06751,3367,0,3367
1921,06752,1667,0,1667
1922,06753,103,0,103
1923,06754,1568,0,1568
1924,06755,1164,0,1164
1925,06756,2993,0,2993
1926,06757,2193,0,2193
1927,06758,39,0,39
1928,06759,5729,167,5562
1929,06762,7574,5893,1681
1930,06763,2217,0,2217
1931,06770,31634,30993,641
1932,06776,26848,20993,5855
1933,06777,1715,17,1698
1934,06778,1243,0,1243
1935,06779,8250,8205,45
1936,06782,2268,794,1474
1937,06783,2255,0,2255
1938,06784,3607,857,2750
1939,06785,753,0,753
1940,06786,9384,8072,1312
1941,06787,7545,4680,2865
1942,06790,35486,32370,3116
1943,06791,5546,1775,3771
1944,06793,1189,0,1189
1945,06794,1119,0,1119
1946,06795,13873,11233,2640
1947,06796,1023,0,1023
1948,06798,9723,3849,5874
1949,06801,20245,19104,1141
1950,06804,17748,17348,400
1951,06807,7197,7197,0
1952,06810,55200,53130,2070
1953,06811,31216,30590,626
1954,06812,13579,11568,2011
1955,06820,21499,21499,0
1956,06824,34876,32657,2219
1957,06825,22090,22090,0
1958,06830,25043,24899,144
1959,06831,15254,9795,5459
1960,06840,20612,17912,2700
1961,06850,20801,20801,0
1962,06851,28254,28254,0
1963,06853,3797,3797,0
1964,06854,29931,29931,0
1965,06855,8380,8371,9
1966,06870,7720,7666,54
1967,06877,25077,22552,2525
1968,06878,8519,8519,0
1969,06880,27233,27233,0
1970,06883,10354,8617,1737
1971,06890,4466,4360,106
1972,06896,8704,1829,6875
1973,06897,18520,16025,2495
1974,06901,10595,10595,0
1975,06902,69192,69177,15
1976,06903,14405,13732,673
1977,06905,21809,21809,0
1978,06906,9902,9902,0
1979,06907,9371,9371,0
1980,07001,16920,16920,0
1981,07002,71686,71686,0
1982,07003,52955,52955,0
1983,07004,7872,7753,119
1984,07005,15985,13957,2028
1985,07006,26733,26733,0
1986,07008,25342,25342,0
1987,07009,13014,13014,0
1988,07010,25721,25721,0
1989,07011,41691,41691,0
1990,07012,13333,13333,0
1991,07013,28843,28843,0
1992,07014,5589,5589,0
1993,07016,23827,23827,0
1994,07017,39054,39054,0
1995,07018,30429,30429,0
1996,07020,14336,14336,0
1997,07021,2244,2244,0
1998,07022,15025,15025,0
1999,07023,7774,7774,0
2000,07024,40171,40171,0
2001,07026,32655,32655,0
2002,07027,4454,4454,0
2003,07028,8094,8094,0
2004,07029,22044,22044,0
2005,07030,60456,60456,0
2006,07031,16457,16457,0
2007,07032,41999,41999,0
2008,07033,8427,8427,0
2009,07034,10163,10163,0
2010,07035,11015,11015,0
2011,07036,45161,45161,0
2012,07039,31325,31325,0
2013,07040,25684,25684,0
2014,07041,7649,7649,0
2015,07042,27384,27384,0
2016,07043,14219,14219,0
2017,07044,14572,14572,0
2018,07045,10573,10553,20
2019,07046,4508,4508,0
2020,07047,63361,63361,0
2021,07050,34315,34315,0
2022,07052,48867,48867,0
2023,07054,30228,30228,0
2024,07055,70518,70518,0
2025,07057,11868,11868,0
2026,07058,5584,5584,0
2027,07059,16096,16096,0
2028,07060,48423,48423,0
2029,07062,14196,14196,0
2030,07063,14745,14745,0
2031,07064,3905,3905,0
2032,07065,29556,29556,0
2033,07066,15555,15555,0
2034,07067,18609,18609,0
2035,07068,6299,6299,0
2036,07069,6696,6696,0
2037,07070,18834,18834,0
2038,07071,22519,22519,0
2039,07072,6372,6372,0
2040,07073,10022,10022,0
2041,07074,3133,3133,0
2042,07075,10137,10137,0
2043,07076,24871,24871,0
2044,07077,2885,2885,0
2045,07078,14061,14061,0
2046,07079,18597,18597,0
2047,07080,24261,24261,0
2048,07081,17200,17200,0
2049,07082,5720,5456,264
2050,07083,56131,56131,0
2051,07086,17197,17197,0
2052,07087,68611,68611,0
2053,07088,3580,3580,0
2054,07090,31056,31056,0
2055,07092,7082,7082,0
2056,07093,64929,64929,0
2057,07094,22181,22181,0
2058,07095,19839,19839,0
2059,07102,15047,15047,0
2060,07103,39439,39439,0
2061,07104,54051,54051,0
2062,07105,50870,50870,0
2063,07106,34596,34596,0
2064,07107,41627,41627,0
2065,07108,28715,28715,0
2066,07109,38078,38078,0
2067,07110,30149,30149,0
2068,07111,61176,61176,0
2069,07112,29773,29773,0
2070,07114,17767,17767,0
2071,07201,29390,29390,0
2072,07202,43389,43389,0
2073,07203,22715,22715,0
2074,07204,13984,13984,0
2075,07205,22432,22432,0
2076,07206,30982,30982,0
2077,07208,33561,33561,0
2078,07302,57033,57033,0
2079,07304,48681,48681,0
2080,07305,67947,67947,0
2081,07306,55342,55342,0
2082,07307,44247,44247,0
2083,07310,17536,17536,0
2084,07311,1604,1604,0
2085,07401,6834,6834,0
2086,07403,7691,7553,138
2087,07405,17910,12724,5186
2088,07407,21422,21422,0
2089,07410,34927,34927,0
2090,07416,5615,4232,1383
2091,07417,11086,11066,20
2092,07418,1997,1101,896
2093,07419,9378,8465,913
2094,07420,5053,5039,14
2095,07421,6917,1853,5064
2096,07422,6240,4196,2044
2097,07423,4258,4258,0
2098,07424,26776,26776,0
2099,07430,25487,24400,1087
2100,07432,6986,6986,0
2101,07435,2188,38,2150
2102,07436,12750,12700,50
2103,07438,11273,8871,2402
2104,07439,2258,2033,225
2105,07440,4414,4414,0
2106,07442,11101,11101,0
2107,07444,11144,11144,0
2108,07446,14812,14812,0
2109,07450,26007,26007,0
2110,07452,12133,12133,0
2111,07456,11735,8680,3055
2112,07457,4107,4107,0
2113,07458,11725,11725,0
2114,07460,3059,0,3059
2115,07461,18530,2366,16164
2116,07462,6670,5556,1114
2117,07463,10058,10058,0
2118,07465,6350,6015,335
2119,07470,55284,55284,0
2120,07480,15358,11327,4031
2121,07481,16602,16602,0
2122,07501,37918,37918,0
2123,07502,16592,16592,0
2124,07503,19893,19893,0
2125,07504,13413,13413,0
2126,07505,3215,3215,0
2127,07506,19637,19637,0
2128,07508,23959,23959,0
2129,07512,11042,11042,0
2130,07513,11995,11995,0
2131,07514,19200,19200,0
2132,07522,23345,23345,0
2133,07524,14130,14130,0
2134,07601,46030,46030,0
2135,07603,8778,8778,0
2136,07604,12112,12112,0
2137,07605,9324,9324,0
2138,07606,2701,2701,0
2139,07607,10080,10080,0
2140,07608,74,74,0
2141,07620,1762,1762,0
2142,07621,28321,28321,0
2143,07624,8594,8594,0
2144,07626,9155,9155,0
2145,07627,4981,4981,0
2146,07628,17863,17863,0
2147,07630,7290,7290,0
2148,07631,29308,29308,0
2149,07632,5342,5342,0
2150,07640,4741,4741,0
2151,07641,3343,3343,0
2152,07642,10143,10143,0
2153,07643,10987,10987,0
2154,07644,26206,26206,0
2155,07645,8436,8436,0
2156,07646,16923,16923,0
2157,07647,5168,5168,0
2158,07648,5641,5641,0
2159,07649,8244,8244,0
2160,07650,20292,20292,0
2161,07652,26698,26698,0
2162,07656,8883,8883,0
2163,07657,11473,11473,0
2164,07660,13224,13224,0
2165,07661,12049,12049,0
2166,07662,5814,5814,0
2167,07663,14294,14294,0
2168,07666,41246,41246,0
2169,07670,15409,15409,0
2170,07675,27079,27079,0
2171,07676,9285,9285,0
2172,07677,6128,6128,0
2173,07701,24568,24568,0
2174,07702,4184,4184,0
2175,07703,29,29,0
2176,07704,6278,6278,0
2177,07711,1506,1506,0
2178,07712,39397,39397,0
2179,07716,8713,8713,0
2180,07717,1933,1933,0
2181,07718,6210,6097,113
2182,07719,21665,21475,190
2183,07720,4175,4175,0
2184,07721,3894,3894,0
2185,07722,10041,6478,3563
2186,07723,1263,1263,0
2187,07724,23494,23494,0
2188,07726,44945,43119,1826
2189,07727,7707,5005,2702
2190,07728,56444,54050,2394
2191,07730,17263,17263,0
2192,07731,39677,36230,3447
2193,07732,4710,4710,0
2194,07733,17266,17169,97
2195,07734,12772,12772,0
2196,07735,18652,18652,0
2197,07737,4177,4177,0
2198,07738,7084,7076,8
2199,07739,6122,6122,0
2200,07740,31905,31905,0
2201,07746,18337,18103,234
2202,07747,31915,31454,461
2203,07748,28169,28169,0
2204,07750,3174,3174,0
2205,07751,21493,20447,1046
2206,07753,37397,37186,211
2207,07755,6375,6375,0
2208,07756,3164,3164,0
2209,07757,6169,6169,0
2210,07758,4942,4942,0
2211,07760,9575,9575,0
2212,07762,8642,8642,0
2213,07764,8587,8587,0
2214,07801,25935,25704,231
2215,07803,4015,4015,0
2216,07820,49,0,49
2217,07821,8877,1006,7871
2218,07822,981,0,981
2219,07823,7102,0,7102
2220,07825,9314,0,9314
2221,07826,5739,0,5739
2222,07827,4214,0,4214
2223,07828,14473,13522,951
2224,07830,6529,0,6529
2225,07831,58,0,58
2226,07832,3800,0,3800
2227,07833,112,0,112
2228,07834,17966,17966,0
2229,07836,12740,11746,994
2230,07838,3399,235,3164
2231,07840,31255,26583,4672
2232,07842,87,21,66
2233,07843,11413,11293,120
2234,07844,98,0,98
2235,07846,46,0,46
2236,07847,1871,1835,36
2237,07848,4818,1721,3097
2238,07849,8569,8334,235
2239,07850,6244,6244,0
2240,07851,245,0,245
2241,07852,3723,3616,107
2242,07853,12736,3845,8891
2243,07856,4791,4661,130
2244,07857,3397,3397,0
2245,07860,25704,11100,14604
2246,07863,4017,0,4017
2247,07865,2536,162,2374
2248,07866,22965,21327,1638
2249,07869,25993,25567,426
2250,07870,114,39,75
2251,07871,20992,12889,8103
2252,07874,8639,8077,562
2253,07876,10218,10218,0
2254,07878,736,736,0
2255,07880,216,0,216
2256,07881,7,0,7
2257,07882,14971,9976,4995
2258,07885,11521,11258,263
2259,07901,24199,24199,0
2260,07920,27912,26916,996
2261,07921,7733,6662,1071
2262,07922,12311,12311,0
2263,07924,7650,5460,2190
2264,07926,149,149,0
2265,07927,4120,4120,0
2266,07928,19778,19151,627
2267,07930,8514,1563,6951
2268,07931,3422,60,3362
2269,07932,11036,11036,0
2270,07933,3091,2984,107
2271,07934,1430,0,1430
2272,07935,589,177,412
2273,07936,11105,11105,0
2274,07939,459,459,0
2275,07940,18403,18363,40
2276,07945,9875,6540,3335
2277,07946,3110,2995,115
2278,07950,21459,21459,0
2279,07960,45609,42241,3368
2280,07961,31,31,0
2281,07970,156,92,64
2282,07974,13122,13122,0
2283,07976,479,156,323
2284,07977,939,0,939
2285,07979,362,0,362
2286,07980,2420,2277,143
2287,07981,9051,9051,0
2288,08001,858,0,858
2289,08002,23920,23920,0
2290,08003,31402,31402,0
2291,08004,12005,11601,404
2292,08005,25814,24523,1291
2293,08006,640,640,0
2294,08007,5486,5486,0
2295,08008,6914,6904,10
2296,08009,13885,12970,915
2297,08010,11555,11555,0
2298,08011,49,0,49
2299,08012,38581,38581,0
2300,08014,465,398,67
2301,08015,19691,15504,4187
2302,08016,34617,33969,648
2303,08019,889,0,889
2304,08020,2873,2527,346
2305,08021,51458,51458,0
2306,08022,9025,2958,6067
2307,08023,411,411,0
2308,08026,2189,2189,0
2309,08027,4893,4682,211
2310,08028,24818,23310,1508
2311,08029,4900,4900,0
2312,08030,13261,13261,0
2313,08031,11707,11707,0
2314,08032,424,424,0
2315,08033,17451,17451,0
2316,08034,19256,19256,0
2317,08035,7556,7556,0
2318,08036,6021,5812,209
2319,08037,23814,12506,11308
2320,08038,193,0,193
2321,08039,76,0,76
2322,08041,921,0,921
2323,08042,207,0,207
2324,08043,31069,31069,0
2325,08045,2930,2930,0
2326,08046,31846,31846,0
2327,08048,12782,12051,731
2328,08049,5284,5284,0
2329,08050,26507,25888,619
2330,08051,10644,10644,0
2331,08052,20003,20003,0
2332,08053,46826,44573,2253
2333,08054,44633,44633,0
2334,08055,28806,26761,2045
2335,08056,5337,4385,952
2336,08057,21691,21691,0
2337,08059,5639,5639,0
2338,08060,25426,23456,1970
2339,08061,3510,3510,0
2340,08062,17446,10446,7000
2341,08063,3109,3109,0
2342,08064,121,0,121
2343,08065,7438,7438,0
2344,08066,8414,8414,0
2345,08067,1768,464,1304
2346,08068,6628,4389,2239
2347,08069,13325,12097,1228
2348,08070,12386,11004,1382
2349,08071,9259,9213,46
2350,08072,231,0,231
2351,08073,153,153,0
2352,08074,76,12,64
2353,08075,30327,30327,0
2354,08077,19851,19851,0
2355,08078,8074,8074,0
2356,08079,10793,5927,4866
2357,08080,37942,36934,1008
2358,08081,50601,50484,117
2359,08083,9888,9888,0
2360,08084,6981,6981,0
2361,08085,21274,15459,5815
2362,08086,8358,8358,0
2363,08087,25191,22239,2952
2364,08088,24095,12823,11272
2365,08089,3774,2584,1190
2366,08090,8537,8537,0
2367,08091,5867,5867,0
2368,08092,3596,2093,1503
2369,08093,9933,9933,0
2370,08094,40774,32166,8608
2371,08095,56,0,56
2372,08096,36355,36355,0
2373,08097,3283,3283,0
2374,08098,9196,0,9196
2375,08102,8413,8413,0
2376,08103,12862,12862,0
2377,08104,21951,21951,0
2378,08105,26572,26572,0
2379,08106,9698,9698,0
2380,08107,13688,13688,0
2381,08108,18618,18618,0
2382,08109,23306,23306,0
2383,08110,19599,19599,0
2384,08201,10647,10400,247
2385,08202,1350,1243,107
2386,08203,7725,7713,12
2387,08204,17090,15835,1255
2388,08205,28666,27328,1338
2389,08210,17635,10425,7210
2390,08212,305,305,0
2391,08215,14092,7499,6593
2392,08217,33,0,33
2393,08221,6971,6897,74
2394,08223,4116,3705,411
2395,08224,294,0,294
2396,08225,8442,8407,35
2397,08226,11229,11208,21
2398,08230,5908,5289,619
2399,08232,19897,19844,53
2400,08234,46906,44284,2622
2401,08240,2441,0,2441
2402,08241,1101,456,645
2403,08242,4067,3752,315
2404,08243,2104,2104,0
2405,08244,10535,10469,66
2406,08245,35,0,35
2407,08246,99,0,99
2408,08247,862,796,66
2409,08248,137,137,0
2410,08251,10075,9837,238
2411,08260,12964,12912,52
2412,08270,7913,0,7913
2413,08302,47826,35453,12373
2414,08310,1776,667,1109
2415,08311,1914,0,1914
2416,08312,8465,8162,303
2417,08314,280,0,280
2418,08316,327,0,327
2419,08317,1102,0,1102
2420,08318,11896,0,11896
2421,08319,1272,0,1272
2422,08320,1054,0,1054
2423,08321,189,0,189
2424,08322,10325,4497,5828
2425,08323,771,0,771
2426,08324,408,0,408
2427,08326,1600,1479,121
2428,08327,3876,0,3876
2429,08328,1302,1289,13
2430,08329,220,0,220
2431,08330,29548,20149,9399
2432,08332,35396,24171,11225
2433,08340,862,0,862
2434,08341,1661,1621,40
2435,08343,4810,359,4451
2436,08344,5894,3255,2639
2437,08345,745,0,745
2438,08346,552,0,552
2439,08348,157,0,157
2440,08349,1895,0,1895
2441,08350,611,0,611
2442,08352,409,0,409
2443,08353,444,213,231
2444,08360,43043,39918,3125
2445,08361,18669,16815,1854
2446,08401,38536,38515,21
2447,08402,5291,5291,0
2448,08403,967,967,0
2449,08406,9188,9154,34
2450,08501,6574,3807,2767
2451,08502,11636,10972,664
2452,08505,18178,16583,1595
2453,08510,5101,0,5101
2454,08511,905,0,905
2455,08512,12897,11659,1238
2456,08514,4715,0,4715
2457,08515,6344,3984,2360
2458,08518,5943,5943,0
2459,08520,29291,27864,1427
2460,08525,4649,0,4649
2461,08527,57925,51749,6176
2462,08528,401,317,84
2463,08530,7832,4303,3529
2464,08533,6764,0,6764
2465,08534,12955,9059,3896
2466,08535,5273,0,5273
2467,08536,20682,19756,926
2468,08540,48216,43771,4445
2469,08542,3325,3325,0
2470,08544,4349,4349,0
2471,08550,21034,20162,872
2472,08551,5540,1757,3783
2473,08553,743,743,0
2474,08554,3689,3689,0
2475,08555,808,0,808
2476,08558,7754,3624,4130
2477,08559,5009,0,5009
2478,08560,3553,1968,1585
2479,08561,330,152,178
2480,08562,5025,1550,3475
2481,08608,1269,1269,0
2482,08609,14867,14867,0
2483,08610,32649,32649,0
2484,08611,31531,31531,0
2485,08618,37544,37544,0
2486,08619,23301,23301,0
2487,08620,14633,13599,1034
2488,08628,10310,10310,0
2489,08629,13359,13359,0
2490,08638,23548,23548,0
2491,08640,6508,5766,742
2492,08641,4499,4414,85
2493,08648,31955,31691,264
2494,08690,19470,19433,37
2495,08691,16866,14480,2386
2496,08701,135256,135128,128
2497,08720,899,586,313
2498,08721,22050,22050,0
2499,08722,10859,10844,15
2500,08723,31272,31272,0
2501,08724,41458,41061,397
2502,08730,4982,4982,0
2503,08731,20953,19814,1139
2504,08732,1471,1471,0
2505,08733,2738,2727,11
2506,08734,7702,7702,0
2507,08735,3064,3064,0
2508,08736,12566,12566,0
2509,08738,979,979,0
2510,08740,1932,1932,0
2511,08741,2739,2739,0
2512,08742,25056,25056,0
2513,08750,3505,3505,0
2514,08751,3867,3867,0
2515,08752,1961,1955,6
2516,08753,64369,63988,381
2517,08755,28643,28643,0
2518,08757,34679,34675,4
2519,08758,7582,7279,303
2520,08759,34547,33545,1002
2521,08801,8345,5245,3100
2522,08802,3911,0,3911
2523,08804,2987,0,2987
2524,08805,13948,13948,0
2525,08807,39299,39255,44
2526,08809,7255,6460,795
2527,08810,8170,8088,82
2528,08812,14593,14593,0
2529,08816,48729,48274,455
2530,08817,48243,48243,0
2531,08820,41169,41169,0
2532,08821,391,391,0
2533,08822,31844,23108,8736
2534,08823,9282,8781,501
2535,08824,13300,13300,0
2536,08825,4494,0,4494
2537,08826,5426,59,5367
2538,08827,4531,6,4525
2539,08828,2455,2417,38
2540,08829,3566,3459,107
2541,08830,20088,20088,0
2542,08831,55123,51889,3234
2543,08832,3027,3027,0
2544,08833,9117,3008,6109
2545,08835,10953,10953,0
2546,08836,3908,3908,0
2547,08837,18463,18463,0
2548,08840,17841,17841,0
2549,08844,43333,37908,5425
2550,08846,14636,14636,0
2551,08848,8103,0,8103
2552,08850,8325,8325,0
2553,08852,18956,18690,266
2554,08853,5445,2641,2804
2555,08854,60545,60545,0
2556,08857,40675,39578,1097
2557,08858,117,0,117
2558,08859,24666,24666,0
2559,08861,58039,58039,0
2560,08863,12939,12939,0
2561,08865,30537,26746,3791
2562,08867,5221,132,5089
2563,08869,7835,7835,0
2564,08872,20351,20337,14
2565,08873,55500,53115,2385
2566,08876,22849,22100,749
2567,08879,22965,22748,217
2568,08880,4872,4872,0
2569,08882,16118,16118,0
2570,08884,8185,8185,0
2571,08886,6697,4387,2310
2572,08887,1047,1012,35
2573,08889,9928,4822,5106
2574,08890,43,43,0
2575,08901,56278,56278,0
2576,08902,43296,42927,369
2577,08904,15072,15072,0
2578,10001,32612,32612,0
2579,10002,82155,82155,0
2580,10003,57076,57076,0
2581,10004,4287,4287,0
2582,10005,10639,10639,0
2583,10006,4282,4282,0
2584,10007,8421,8421,0
2585,10009,61716,61716,0
2586,10010,33991,33991,0
2587,10011,53318,53318,0
2588,10012,23125,23125,0
2589,10013,31042,31042,0
2590,10014,32590,32590,0
2591,10016,62336,62336,0
2592,10017,17401,17401,0
2593,10018,11145,11145,0
2594,10019,49029,49029,0
2595,10020,0,0,0
2596,10021,45691,45691,0
2597,10022,36708,36708,0
2598,10023,71164,71164,0
2599,10024,62250,62250,0
2600,10025,95424,95424,0
2601,10026,35644,35644,0
2602,10027,64037,64037,0
2603,10028,48116,48116,0
2604,10029,78141,78141,0
2605,10030,29686,29686,0
2606,10031,56363,56363,0
2607,10032,55170,55170,0
2608,10033,50085,50085,0
2609,10034,36778,36778,0
2610,10035,35980,35980,0
2611,10036,33868,33868,0
2612,10037,19670,19670,0
2613,10038,25332,25332,0
2614,10039,29239,29239,0
2615,10040,40405,40405,0
2616,10044,11722,11722,0
2617,10065,32891,32891,0
2618,10069,6671,6671,0
2619,10075,27796,27796,0
2620,10103,10,10,0
2621,10110,14,14,0
2622,10111,6,6,0
2623,10112,5,5,0
2624,10115,0,0,0
2625,10119,154,154,0
2626,10128,64249,64249,0
2627,10152,48,48,0
2628,10153,0,0,0
2629,10154,0,0,0
2630,10162,1814,1814,0
2631,10165,20,20,0
2632,10167,0,0,0
2633,10168,0,0,0
2634,10169,0,0,0
2635,10170,40,40,0
2636,10171,17,17,0
2637,10172,0,0,0
2638,10173,2,2,0
2639,10174,17,17,0
2640,10177,0,0,0
2641,10199,71,71,0
2642,10271,0,0,0
2643,10278,6,6,0
2644,10279,236,236,0
2645,10280,8993,8993,0
2646,10282,5847,5847,0
2647,10301,41474,41474,0
2648,10302,20931,20931,0
2649,10303,28155,28155,0
2650,10304,46944,46944,0
2651,10305,44008,44008,0
2652,10306,57919,57919,0
2653,10307,14129,14129,0
2654,10308,28198,28198,0
2655,10309,33523,33523,0
2656,10310,26667,26667,0
2657,10311,0,0,0
2658,10312,61642,61642,0
2659,10314,92157,92157,0
2660,10451,51536,51536,0
2661,10452,77564,77564,0
2662,10453,81951,81951,0
2663,10454,40232,40232,0
2664,10455,43804,43804,0
2665,10456,93412,93412,0
2666,10457,77488,77488,0
2667,10458,81299,81299,0
2668,10459,50984,50984,0
2669,10460,62625,62625,0
2670,10461,54901,54901,0
2671,10462,84655,84655,0
2672,10463,71301,71301,0
2673,10464,4592,4591,1
2674,10465,45799,45799,0
2675,10466,70420,70420,0
2676,10467,103660,103660,0
2677,10468,78238,78238,0
2678,10469,71571,71571,0
2679,10470,16686,16686,0
2680,10471,25121,25121,0
2681,10472,72245,72245,0
2682,10473,62692,62692,0
2683,10474,12013,12013,0
2684,10475,42609,42609,0
2685,10501,1486,1429,57
2686,10502,6261,6261,0
2687,10503,121,121,0
2688,10504,8258,4719,3539
2689,10505,1431,1431,0
2690,10506,5762,0,5762
2691,10507,6521,5578,943
2692,10509,19501,13644,5857
2693,10510,10010,9891,119
2694,10511,2369,2369,0
2695,10512,24664,18040,6624
2696,10514,12568,12102,466
2697,10516,5462,0,5462
2698,10517,549,549,0
2699,10518,1327,0,1327
2700,10519,278,251,27
2701,10520,13226,11539,1687
2702,10522,11587,11587,0
2703,10523,9489,9489,0
2704,10524,4447,1763,2684
2705,10526,1865,0,1865
2706,10527,785,785,0
2707,10528,13108,13108,0
2708,10530,13037,13037,0
2709,10532,5115,5115,0
2710,10533,7705,7705,0
2711,10535,531,531,0
2712,10536,10792,4873,5919
2713,10537,2527,2527,0
2714,10538,18318,18318,0
2715,10540,19,0,19
2716,10541,25651,23378,2273
2717,10542,85,85,0
2718,10543,21296,21296,0
2719,10545,160,160,0
2720,10546,1426,1426,0
2721,10547,7293,7293,0
2722,10548,3743,3743,0
2723,10549,16837,14457,2380
2724,10550,41137,41137,0
2725,10552,21296,21296,0
2726,10553,11281,11281,0
2727,10560,4854,1217,3637
2728,10562,34252,33141,1111
2729,10566,25384,25384,0
2730,10567,20400,19554,846
2731,10570,13986,13777,209
2732,10573,41758,41758,0
2733,10576,5099,0,5099
2734,10577,6008,6008,0
2735,10578,721,593,128
2736,10579,8633,3622,5011
2737,10580,18268,18262,6
2738,10583,41589,41589,0
2739,10588,2430,2354,76
2740,10589,8510,7835,675
2741,10590,6556,0,6556
2742,10591,23301,22897,404
2743,10594,5028,5028,0
2744,10595,7264,7264,0
2745,10596,1519,1519,0
2746,10597,1000,0,1000
2747,10598,29040,27439,1601
2748,10601,11882,11882,0
2749,10603,18033,18033,0
2750,10604,11526,11434,92
2751,10605,19438,19438,0
2752,10606,16929,16929,0
2753,10607,7441,7441,0
2754,10701,68704,68704,0
2755,10703,22571,22571,0
2756,10704,32426,32426,0
2757,10705,41785,41785,0
2758,10706,9339,9339,0
2759,10707,10553,10553,0
2760,10708,22299,22299,0
2761,10709,10131,10131,0
2762,10710,26725,26725,0
2763,10801,42949,42949,0
2764,10803,13255,13255,0
2765,10804,14455,14455,0
2766,10805,18479,18479,0
2767,10901,25145,24949,196
2768,10910,34,0,34
2769,10911,27,0,27
2770,10913,5647,5647,0
2771,10914,605,0,605
2772,10915,81,0,81
2773,10916,4604,0,4604
2774,10917,1973,1628,345
2775,10918,12547,5464,7083
2776,10919,1123,112,1011
2777,10920,8727,8727,0
2778,10921,4205,0,4205
2779,10922,1026,1002,24
2780,10923,9489,9489,0
2781,10924,14006,7957,6049
2782,10925,4341,4241,100
2783,10926,3645,3587,58
2784,10927,12323,12323,0
2785,10928,4637,4292,345
2786,10930,9331,8020,1311
2787,10931,967,698,269
2788,10932,47,0,47
2789,10933,445,0,445
2790,10940,52803,42389,10414
2791,10941,14549,10815,3734
2792,10950,62741,59263,3478
2793,10952,47426,47426,0
2794,10953,57,0,57
2795,10954,24248,24248,0
2796,10956,32499,32499,0
2797,10958,3562,1101,2461
2798,10960,14680,14680,0
2799,10962,5049,5049,0
2800,10963,3663,0,3663
2801,10964,1457,1457,0
2802,10965,15342,15342,0
2803,10968,2435,2435,0
2804,10969,1282,0,1282
2805,10970,11211,11089,122
2806,10973,2053,0,2053
2807,10974,3395,3001,394
2808,10975,267,0,267
2809,10976,2269,2269,0
2810,10977,71049,71049,0
2811,10979,115,115,0
2812,10980,13289,13177,112
2813,10983,5777,5777,0
2814,10984,2680,2680,0
2815,10985,147,0,147
2816,10986,1858,1651,207
2817,10987,4454,0,4454
2818,10988,603,0,603
2819,10989,8993,8993,0
2820,10990,19877,7084,12793
2821,10992,9301,7325,1976
2822,10993,5113,5113,0
2823,10994,7242,7242,0
2824,10996,7276,6862,414
2825,10998,3588,0,3588
2826,11001,27662,27662,0
2827,11003,43979,43979,0
2828,11004,13608,13608,0
2829,11005,1945,1945,0
2830,11010,25013,25013,0
2831,11020,6363,6363,0
2832,11021,19376,19376,0
2833,11023,10213,10213,0
2834,11024,8623,8623,0
2835,11030,17898,17898,0
2836,11040,43075,43075,0
2837,11042,19,19,0
2838,11050,31512,31407,105
2839,11096,9645,9645,0
2840,11101,48867,48867,0
2841,11102,37468,37468,0
2842,11103,37362,37362,0
2843,11104,27407,27407,0
2844,11105,38001,38001,0
2845,11106,41722,41722,0
2846,11109,8400,8400,0
2847,11201,69703,69703,0
2848,11203,81824,81824,0
2849,11204,85885,85885,0
2850,11205,50474,50474,0
2851,11206,91549,91549,0
2852,11207,100330,100330,0
2853,11208,101958,101958,0
2854,11209,73239,73239,0
2855,11210,62805,62805,0
2856,11211,68540,68540,0
2857,11212,91574,91574,0
2858,11213,67217,67217,0
2859,11214,96560,96560,0
2860,11215,67493,67493,0
2861,11216,61251,61251,0
2862,11217,42417,42417,0
2863,11218,78642,78642,0
2864,11219,103447,103447,0
2865,11220,105797,105797,0
2866,11221,89222,89222,0
2867,11222,41957,41957,0
2868,11223,83519,83519,0
2869,11224,46019,46019,0
2870,11225,58786,58786,0
2871,11226,101727,101727,0
2872,11228,45906,45906,0
2873,11229,83669,83669,0
2874,11230,91391,91391,0
2875,11231,37240,37240,0
2876,11232,30181,30181,0
2877,11233,75399,75399,0
2878,11234,92133,92133,0
2879,11235,88482,88482,0
2880,11236,100687,100687,0
2881,11237,49418,49418,0
2882,11238,60090,60090,0
2883,11239,17038,17038,0
2884,11249,42024,42024,0
2885,11354,61276,61276,0
2886,11355,89465,89465,0
2887,11356,28310,28310,0
2888,11357,42319,42319,0
2889,11358,40435,40435,0
2890,11359,0,0,0
2891,11360,20039,20039,0
2892,11361,29116,29116,0
2893,11362,18139,18139,0
2894,11363,7208,7208,0
2895,11364,37032,37032,0
2896,11365,46908,46908,0
2897,11366,14430,14430,0
2898,11367,43112,43112,0
2899,11368,117110,117110,0
2900,11369,40805,40805,0
2901,11370,34683,34683,0
2902,11371,0,0,0
2903,11372,68000,68000,0
2904,11373,105712,105712,0
2905,11374,47129,47129,0
2906,11375,72851,72851,0
2907,11377,91512,91512,0
2908,11378,38288,38288,0
2909,11379,37906,37906,0
2910,11385,100883,100883,0
2911,11411,19579,19579,0
2912,11412,37958,37958,0
2913,11413,42978,42978,0
2914,11414,27320,27320,0
2915,11415,20241,20241,0
2916,11416,28381,28381,0
2917,11417,31229,31229,0
2918,11418,37596,37596,0
2919,11419,47430,47430,0
2920,11420,47383,47383,0
2921,11421,42586,42586,0
2922,11422,32839,32839,0
2923,11423,31985,31985,0
2924,11424,0,0,0
2925,11426,19343,19343,0
2926,11427,24555,24555,0
2927,11428,19516,19516,0
2928,11429,25895,25895,0
2929,11430,571,571,0
2930,11432,65743,65743,0
2931,11433,39071,39071,0
2932,11434,66964,66964,0
2933,11435,58980,58980,0
2934,11436,20620,20620,0
2935,11439,2376,2376,0
2936,11451,1,1,0
2937,11501,21189,21189,0
2938,11507,7449,7449,0
2939,11509,2433,2433,0
2940,11510,34617,34605,12
2941,11514,4635,4635,0
2942,11516,8394,8394,0
2943,11518,10869,10869,0
2944,11520,45121,45121,0
2945,11530,28851,28851,0
2946,11542,29171,29151,20
2947,11545,12008,11661,347
2948,11547,995,995,0
2949,11548,2313,2296,17
2950,11549,2337,2337,0
2951,11550,61901,61901,0
2952,11552,24903,24903,0
2953,11553,26929,26929,0
2954,11554,37796,37796,0
2955,11556,18,18,0
2956,11557,8659,8659,0
2957,11558,8954,8954,0
2958,11559,8709,8440,269
2959,11560,6860,5968,892
2960,11561,39132,39132,0
2961,11563,23349,23349,0
2962,11565,8845,8845,0
2963,11566,35147,35147,0
2964,11568,4168,2891,1277
2965,11569,1527,1527,0
2966,11570,29023,29023,0
2967,11572,31157,31157,0
2968,11575,18048,18048,0
2969,11576,12962,12962,0
2970,11577,12695,12695,0
2971,11579,5039,5039,0
2972,11580,43026,43026,0
2973,11581,23183,23183,0
2974,11590,47838,47838,0
2975,11596,10849,10849,0
2976,11598,14515,14503,12
2977,11691,64673,64661,12
2978,11692,22776,22776,0
2979,11693,12467,12405,62
2980,11694,19780,19780,0
2981,11697,4468,4468,0
2982,11701,27831,27831,0
2983,11702,14580,14353,227
2984,11703,16635,16635,0
2985,11704,40367,40367,0
2986,11705,7951,7951,0
2987,11706,66263,66233,30
2988,11709,6748,6748,0
2989,11710,35155,35155,0
2990,11713,10970,10970,0
2991,11714,22989,22989,0
2992,11715,4423,4423,0
2993,11716,10315,10315,0
2994,11717,62193,62193,0
2995,11718,3181,3181,0
2996,11719,3447,3266,181
2997,11720,28623,28623,0
2998,11721,6318,6318,0
2999,11722,37491,37491,0
3000,11724,3268,3134,134
3001,11725,28838,28838,0
3002,11726,20763,20763,0
3003,11727,29716,29716,0
3004,11729,28569,28569,0
3005,11730,14523,14519,4
3006,11731,30353,30353,0
3007,11732,3638,3546,92
3008,11733,17967,17619,348
3009,11735,32989,32989,0
3010,11738,16732,16732,0
3011,11739,1385,1256,129
3012,11740,9593,9593,0
3013,11741,27046,27046,0
3014,11742,12699,12699,0
3015,11743,41522,39944,1578
3016,11746,69040,69040,0
3017,11747,20133,20133,0
3018,11749,3567,3567,0
3019,11751,14790,14790,0
3020,11752,9758,9758,0
3021,11753,13084,13066,18
3022,11754,18472,18454,18
3023,11755,12118,12118,0
3024,11756,42501,42501,0
3025,11757,45157,45157,0
3026,11758,54226,54226,0
3027,11762,22439,22439,0
3028,11763,29055,29055,0
3029,11764,12566,12264,302
3030,11765,701,200,501
3031,11766,11888,11660,228
3032,11767,14379,14379,0
3033,11768,21433,21433,0
3034,11769,9250,9250,0
3035,11770,331,331,0
3036,11771,10322,8242,2080
3037,11772,44459,44441,18
3038,11776,24205,24205,0
3039,11777,9346,9346,0
3040,11778,12449,12414,35
3041,11779,38250,38250,0
3042,11780,15508,14384,1124
3043,11782,15682,15682,0
3044,11783,21299,21299,0
3045,11784,24794,24794,0
3046,11786,6287,5828,459
3047,11787,35361,35361,0
3048,11788,16273,16273,0
3049,11789,7640,7640,0
3050,11790,21519,21519,0
3051,11791,25879,25567,312
3052,11792,8528,7555,973
3053,11793,32121,32086,35
3054,11794,1779,1779,0
3055,11795,25344,25344,0
3056,11796,3676,3662,14
3057,11797,9452,9452,0
3058,11798,17215,17215,0
3059,11801,41779,41779,0
3060,11803,30049,30049,0
3061,11804,4972,4972,0
3062,11901,30936,26099,4837
3063,11930,2062,1675,387
3064,11931,40,0,40
3065,11932,2129,1737,392
3066,11933,6899,4792,2107
3067,11934,8364,8194,170
3068,11935,3432,2237,1195
3069,11937,19968,19102,866
3070,11939,1048,1048,0
3071,11940,5396,5345,51
3072,11941,2605,2572,33
3073,11942,5571,5107,464
3074,11944,4801,4801,0
3075,11946,15535,14865,670
3076,11947,55,55,0
3077,11948,1212,985,227
3078,11949,14663,13467,1196
3079,11950,16233,16217,16
3080,11951,13827,13643,184
3081,11952,4701,3822,879
3082,11953,13249,12629,620
3083,11954,4318,3845,473
3084,11955,3258,3258,0
3085,11956,405,392,13
3086,11957,1004,373,631
3087,11958,691,428,263
3088,11959,1657,1641,16
3089,11960,1688,1688,0
3090,11961,13042,12498,544
3091,11962,1099,668,431
3092,11963,8384,7859,525
3093,11964,2470,0,2470
3094,11965,766,0,766
3095,11967,26213,26161,52
3096,11968,14467,13886,581
3097,11970,454,454,0
3098,11971,6105,6105,0
3099,11972,1013,1013,0
3100,11973,17,0,17
3101,11975,656,590,66
3102,11976,2764,1759,1005
3103,11977,2837,2353,484
3104,11978,4087,3912,175
3105,11980,4931,4042,889
3106,12007,260,0,260
3107,12008,475,369,106
3108,12009,7874,1673,6201
3109,12010,28845,19615,9230
3110,12015,3509,0,3509
3111,12017,358,0,358
3112,12018,7626,2814,4812
3113,12019,15826,11793,4033
3114,12020,34667,24824,9843
3115,12022,896,0,896
3116,12023,2036,0,2036
3117,12024,172,0,172
3118,12025,5356,0,5356
3119,12027,3958,2728,1230
3120,12028,1078,0,1078
3121,12029,1029,0,1029
3122,12031,118,0,118
3123,12032,834,0,834
3124,12033,8076,4241,3835
3125,12035,692,0,692
3126,12036,232,0,232
3127,12037,3895,0,3895
3128,12040,38,0,38
3129,12041,425,0,425
3130,12042,403,0,403
3131,12043,7883,4146,3737
3132,12045,662,647,15
3133,12046,646,0,646
3134,12047,23347,23158,189
3135,12051,5771,4971,800
3136,12052,1535,0,1535
3137,12053,4142,0,4142
3138,12054,17282,16543,739
3139,12056,2192,263,1929
3140,12057,1842,0,1842
3141,12058,1523,0,1523
3142,12059,1482,0,1482
3143,12060,1411,0,1411
3144,12061,9404,6753,2651
3145,12062,1878,0,1878
3146,12063,443,0,443
3147,12064,427,0,427
3148,12065,43893,43073,820
3149,12066,2007,0,2007
3150,12067,1513,0,1513
3151,12068,2899,153,2746
3152,12069,225,0,225
3153,12070,1475,448,1027
3154,12071,277,0,277
3155,12072,3016,0,3016
3156,12074,2901,0,2901
3157,12075,3135,0,3135
3158,12076,1247,0,1247
3159,12077,6739,5429,1310
3160,12078,23009,16813,6196
3161,12082,28,0,28
3162,12083,3592,0,3592
3163,12084,4658,4334,324
3164,12085,554,554,0
3165,12086,1698,1140,558
3166,12087,1131,0,1131
3167,12090,6223,0,6223
3168,12092,1241,0,1241
3169,12093,1576,0,1576
3170,12094,2337,0,2337
3171,12095,12242,8367,3875
3172,12106,2137,0,2137
3173,12108,415,0,415
3174,12110,19682,19018,664
3175,12115,190,0,190
3176,12116,1713,0,1713
3177,12117,2831,1106,1725
3178,12118,16618,12671,3947
3179,12120,593,0,593
3180,12121,1767,0,1767
3181,12122,3763,0,3763
3182,12123,5096,0,5096
3183,12124,443,423,20
3184,12125,1478,0,1478
3185,12130,845,0,845
3186,12131,135,0,135
3187,12132,130,0,130
3188,12134,3560,0,3560
3189,12136,927,0,927
3190,12137,1704,0,1704
3191,12138,3012,0,3012
3192,12139,266,0,266
3193,12140,1639,616,1023
3194,12143,4903,3467,1436
3195,12144,21277,20598,679
3196,12147,521,0,521
3197,12148,4935,2038,2897
3198,12149,2294,822,1472
3199,12150,799,0,799
3200,12151,957,841,116
3201,12153,818,0,818
3202,12154,2669,0,2669
3203,12155,1753,0,1753
3204,12156,853,0,853
3205,12157,4109,0,4109
3206,12158,6373,4668,1705
3207,12159,8524,7032,1492
3208,12160,938,0,938
3209,12161,75,0,75
3210,12164,487,0,487
3211,12165,146,0,146
3212,12166,1500,0,1500
3213,12167,2342,0,2342
3214,12168,1681,0,1681
3215,12169,445,0,445
3216,12170,4964,2987,1977
3217,12172,381,381,0
3218,12173,1732,0,1732
3219,12174,260,0,260
3220,12175,725,0,725
3221,12176,292,0,292
3222,12177,400,397,3
3223,12180,55907,51260,4647
3224,12182,14657,13229,1428
3225,12183,2934,2934,0
3226,12184,7178,0,7178
3227,12185,2059,0,2059
3228,12186,6485,3726,2759
3229,12187,571,72,499
3230,12188,11035,9726,1309
3231,12189,18970,18970,0
3232,12190,683,0,683
3233,12192,1617,413,1204
3234,12193,1934,0,1934
3235,12194,176,0,176
3236,12195,97,0,97
3237,12196,2930,1628,1302
3238,12197,2176,0,2176
3239,12198,7548,6142,1406
3240,12202,10257,10257,0
3241,12203,28210,28112,98
3242,12204,7818,7818,0
3243,12205,27168,27050,118
3244,12206,17219,17219,0
3245,12207,2399,2399,0
3246,12208,22118,22118,0
3247,12209,10231,10231,0
3248,12210,10559,10559,0
3249,12211,13532,13532,0
3250,12222,6149,6149,0
3251,12226,20,20,0
3252,12302,27618,24066,3552
3253,12303,30893,29588,1305
3254,12304,21513,21464,49
3255,12305,6085,6085,0
3256,12306,26935,24213,2722
3257,12307,7567,7567,0
3258,12308,15285,15285,0
3259,12309,31273,30911,362
3260,12401,35493,30083,5410
3261,12404,3625,0,3625
3262,12405,571,0,571
3263,12406,740,0,740
3264,12407,95,0,95
3265,12409,994,0,994
3266,12410,416,0,416
3267,12411,419,408,11
3268,12412,627,0,627
3269,12413,2914,749,2165
3270,12414,10163,5566,4597
3271,12416,208,0,208
3272,12417,748,748,0
3273,12418,558,0,558
3274,12419,660,0,660
3275,12420,175,0,175
3276,12421,334,0,334
3277,12422,354,0,354
3278,12423,940,0,940
3279,12424,249,0,249
3280,12427,905,0,905
3281,12428,6969,4833,2136
3282,12429,329,0,329
3283,12430,999,0,999
3284,12431,1639,0,1639
3285,12432,507,507,0
3286,12433,403,0,403
3287,12434,622,0,622
3288,12435,276,0,276
3289,12436,451,0,451
3290,12438,56,0,56
3291,12439,401,0,401
3292,12440,1863,0,1863
3293,12441,130,0,130
3294,12442,752,0,752
3295,12443,3868,2426,1442
3296,12444,430,0,430
3297,12446,4930,0,4930
3298,12448,255,0,255
3299,12449,3386,3077,309
3300,12450,171,0,171
3301,12451,1560,442,1118
3302,12452,48,0,48
3303,12453,271,271,0
3304,12454,233,0,233
3305,12455,1820,0,1820
3306,12456,590,590,0
3307,12457,738,0,738
3308,12458,3488,2257,1231
3309,12459,172,0,172
3310,12460,281,0,281
3311,12461,1661,0,1661
3312,12463,1405,0,1405
3313,12464,955,0,955
3314,12465,288,0,288
3315,12466,2353,2353,0
3316,12468,1417,0,1417
3317,12469,697,0,697
3318,12470,648,0,648
3319,12471,231,0,231
3320,12472,1519,78,1441
3321,12473,931,0,931
3322,12474,1128,0,1128
3323,12475,373,37,336
3324,12477,18559,9306,9253
3325,12480,604,0,604
3326,12481,1259,0,1259
3327,12482,599,255,344
3328,12483,191,0,191
3329,12484,2809,0,2809
3330,12485,939,0,939
3331,12486,1457,0,1457
3332,12487,3508,370,3138
3333,12489,267,0,267
3334,12490,70,0,70
3335,12491,1782,0,1782
3336,12492,296,0,296
3337,12493,426,0,426
3338,12494,712,0,712
3339,12495,212,0,212
3340,12496,1508,0,1508
3341,12498,4845,0,4845
3342,12501,2125,0,2125
3343,12502,1146,0,1146
3344,12503,675,0,675
3345,12504,333,0,333
3346,12507,166,0,166
3347,12508,19537,19128,409
3348,12512,143,97,46
3349,12513,621,127,494
3350,12514,2784,0,2784
3351,12515,1349,0,1349
3352,12516,1722,0,1722
3353,12517,430,0,430
3354,12518,5622,5113,509
3355,12520,3287,2819,468
3356,12521,1636,0,1636
3357,12522,4993,0,4993
3358,12523,1819,0,1819
3359,12524,15617,14184,1433
3360,12525,3359,0,3359
3361,12526,3687,0,3687
3362,12527,108,108,0
3363,12528,14089,7510,6579
3364,12529,2755,0,2755
3365,12530,81,0,81
3366,12531,3267,0,3267
3367,12533,26147,21482,4665
3368,12534,17539,10102,7437
3369,12538,14181,10687,3494
3370,12540,7666,3122,4544
3371,12542,5726,3632,2094
3372,12543,3170,3126,44
3373,12544,156,0,156
3374,12545,4741,0,4741
3375,12546,3026,0,3026
3376,12547,2934,888,2046
3377,12548,1334,0,1334
3378,12549,10349,5102,5247
3379,12550,55869,54250,1619
3380,12553,26728,25239,1489
3381,12561,18726,10419,8307
3382,12563,7586,2024,5562
3383,12564,7159,0,7159
3384,12565,1402,0,1402
3385,12566,10923,0,10923
3386,12567,2564,0,2564
3387,12569,10177,4491,5686
3388,12570,6825,5149,1676
3389,12571,9600,0,9600
3390,12572,9258,0,9258
3391,12574,299,0,299
3392,12575,2478,491,1987
3393,12577,2280,1786,494
3394,12578,2298,28,2270
3395,12580,4204,1228,2976
3396,12581,2091,0,2091
3397,12582,6148,2456,3692
3398,12583,2212,0,2212
3399,12585,850,0,850
3400,12586,13087,8985,4102
3401,12589,16935,1610,15325
3402,12590,37051,34607,2444
3403,12592,1230,0,1230
3404,12594,4018,0,4018
3405,12601,44264,43315,949
3406,12603,41470,39897,1573
3407,12604,2011,2011,0
3408,12701,12360,8114,4246
3409,12719,1056,0,1056
3410,12720,179,0,179
3411,12721,7504,0,7504
3412,12722,120,0,120
3413,12723,1687,0,1687
3414,12724,215,0,215
3415,12725,287,0,287
3416,12726,1168,0,1168
3417,12729,1708,0,1708
3418,12732,735,0,735
3419,12733,1887,1557,330
3420,12734,870,38,832
3421,12736,114,0,114
3422,12737,1765,0,1765
3423,12738,270,0,270
3424,12740,1714,0,1714
3425,12741,251,0,251
3426,12742,200,0,200
3427,12743,347,0,347
3428,12745,62,0,62
3429,12746,1010,310,700
3430,12747,1849,0,1849
3431,12748,1890,0,1890
3432,12749,293,0,293
3433,12750,148,0,148
3434,12751,1151,406,745
3435,12752,283,0,283
3436,12754,7654,5246,2408
3437,12758,4033,0,4033
3438,12759,1568,0,1568
3439,12760,477,0,477
3440,12762,433,0,433
3441,12763,891,0,891
3442,12764,1717,0,1717
3443,12765,789,0,789
3444,12766,458,0,458
3445,12767,61,0,61
3446,12768,958,0,958
3447,12769,135,0,135
3448,12770,176,0,176
3449,12771,14423,9987,4436
3450,12775,2467,0,2467
3451,12776,1865,0,1865
3452,12777,710,0,710
3453,12778,708,0,708
3454,12779,2665,2341,324
3455,12780,2218,542,1676
3456,12781,106,0,106
3457,12783,1388,0,1388
3458,12784,34,0,34
3459,12785,749,0,749
3460,12786,711,0,711
3461,12787,259,0,259
3462,12788,3596,1910,1686
3463,12789,1930,0,1930
3464,12790,4817,0,4817
3465,12791,547,0,547
3466,12792,311,0,311
3467,12801,14850,14850,0
3468,12803,8990,8868,122
3469,12804,27790,25132,2658
3470,12808,343,0,343
3471,12809,3426,0,3426
3472,12810,556,0,556
3473,12811,209,0,209
3474,12812,173,0,173
3475,12814,1348,129,1219
3476,12815,938,0,938
3477,12816,4366,0,4366
3478,12817,2142,0,2142
3479,12819,297,0,297
3480,12820,21,21,0
3481,12821,2447,0,2447
3482,12822,6282,2867,3415
3483,12823,243,0,243
3484,12824,801,199,602
3485,12827,3878,0,3878
3486,12828,9442,6669,2773
3487,12831,17483,9273,8210
3488,12832,6559,0,6559
3489,12833,4686,387,4299
3490,12834,6396,0,6396
3491,12835,2575,0,2575
3492,12836,528,0,528
3493,12837,746,0,746
3494,12838,560,0,560
3495,12839,13618,11160,2458
3496,12841,81,0,81
3497,12842,1154,0,1154
3498,12843,542,0,542
3499,12844,303,204,99
3500,12845,4873,3151,1722
3501,12846,3008,1003,2005
3502,12847,692,0,692
3503,12849,421,0,421
3504,12850,2786,0,2786
3505,12851,290,0,290
3506,12852,418,0,418
3507,12853,1489,0,1489
3508,12854,44,0,44
3509,12855,230,0,230
3510,12856,220,0,220
3511,12857,571,0,571
3512,12858,123,0,123
3513,12859,2041,0,2041
3514,12860,579,0,579
3515,12861,548,0,548
3516,12862,102,0,102
3517,12863,762,0,762
3518,12864,36,0,36
3519,12865,3394,0,3394
3520,12866,40355,35306,5049
3521,12870,1652,0,1652
3522,12871,3934,0,3934
3523,12872,44,0,44
3524,12873,760,0,760
3525,12874,112,0,112
3526,12878,705,0,705
3527,12883,4808,0,4808
3528,12884,541,0,541
3529,12885,4371,0,4371
3530,12886,179,0,179
3531,12887,4966,0,4966
3532,12901,32147,25502,6645
3533,12903,1810,1810,0
3534,12910,1985,0,1985
3535,12911,35,0,35
3536,12912,1964,0,1964
3537,12913,1035,0,1035
3538,12914,888,0,888
3539,12915,41,0,41
3540,12916,2340,0,2340
3541,12917,1430,0,1430
3542,12918,2424,0,2424
3543,12919,3011,0,3011
3544,12920,2352,0,2352
3545,12921,2270,0,2270
3546,12922,68,0,68
3547,12923,523,0,523
3548,12924,148,0,148
3549,12926,2129,0,2129
3550,12927,249,0,249
3551,12928,2030,0,2030
3552,12929,3292,0,3292
3553,12930,707,0,707
3554,12932,1342,0,1342
3555,12933,7,0,7
3556,12934,1106,0,1106
3557,12935,1491,0,1491
3558,12936,655,0,655
3559,12937,1406,0,1406
3560,12939,244,0,244
3561,12941,1330,0,1330
3562,12942,651,0,651
3563,12943,478,0,478
3564,12944,4088,0,4088
3565,12945,531,0,531
3566,12946,5217,3486,1731
3567,12950,741,0,741
3568,12952,497,0,497
3569,12953,13731,6885,6846
3570,12955,371,0,371
3571,12956,1350,0,1350
3572,12957,1663,0,1663
3573,12958,1866,0,1866
3574,12959,1382,0,1382
3575,12960,1009,0,1009
3576,12961,148,0,148
3577,12962,5463,1646,3817
3578,12964,170,0,170
3579,12965,548,0,548
3580,12966,2848,0,2848
3581,12967,1145,0,1145
3582,12969,413,0,413
3583,12970,682,0,682
3584,12972,6212,0,6212
3585,12973,131,0,131
3586,12974,1537,0,1537
3587,12975,292,0,292
3588,12976,215,0,215
3589,12977,693,0,693
3590,12978,323,0,323
3591,12979,2321,0,2321
3592,12980,1292,0,1292
3593,12981,2215,0,2215
3594,12983,7073,5163,1910
3595,12985,1079,0,1079
3596,12986,5363,3683,1680
3597,12987,296,0,296
3598,12989,947,0,947
3599,12992,4796,0,4796
3600,12993,1657,0,1657
3601,12996,1879,0,1879
3602,12997,1139,0,1139
3603,12998,569,0,569
3604,13020,149,0,149
3605,13021,38479,30311,8168
3606,13024,1122,1122,0
3607,13026,1523,0,1523
3608,13027,34507,28164,6343
3609,13028,1217,0,1217
3610,13029,7118,5917,1201
3611,13030,3754,1248,2506
3612,13031,16335,13363,2972
3613,13032,12336,6974,5362
3614,13033,3763,0,3763
3615,13034,1836,0,1836
3616,13035,8226,0,8226
3617,13036,8601,4247,4354
3618,13037,9230,5256,3974
3619,13039,17485,15749,1736
3620,13040,2507,0,2507
3621,13041,11724,10135,1589
3622,13042,2447,0,2447
3623,13044,2506,0,2506
3624,13045,28406,21682,6724
3625,13051,111,0,111
3626,13052,1653,0,1653
3627,13053,4605,0,4605
3628,13054,1388,193,1195
3629,13057,14676,13196,1480
3630,13060,2584,0,2584
3631,13061,987,0,987
3632,13062,237,0,237
3633,13063,1902,0,1902
3634,13065,64,0,64
3635,13066,12949,12089,860
3636,13068,5189,0,5189
3637,13069,24071,12761,11310
3638,13071,953,0,953
3639,13072,772,0,772
3640,13073,6190,0,6190
3641,13074,4206,0,4206
3642,13076,2297,53,2244
3643,13077,6446,3184,3262
3644,13078,10019,6582,3437
3645,13080,3375,0,3375
3646,13081,1058,0,1058
3647,13082,4539,784,3755
3648,13083,1896,0,1896
3649,13084,4101,0,4101
3650,13087,183,0,183
3651,13088,22331,22331,0
3652,13090,30472,30124,348
3653,13092,2655,0,2655
3654,13101,2397,0,2397
3655,13102,69,0,69
3656,13103,298,0,298
3657,13104,16430,11997,4433
3658,13108,6054,0,6054
3659,13110,2236,0,2236
3660,13111,1609,0,1609
3661,13112,1889,0,1889
3662,13113,77,0,77
3663,13114,6596,0,6596
3664,13115,195,190,5
3665,13116,3657,3648,9
3666,13117,197,0,197
3667,13118,5849,0,5849
3668,13119,52,0,52
3669,13120,2536,1040,1496
3670,13121,52,0,52
3671,13122,1068,0,1068
3672,13123,104,55,49
3673,13124,91,0,91
3674,13126,35477,24231,11246
3675,13131,3649,0,3649
3676,13132,3865,59,3806
3677,13134,64,0,64
3678,13135,6303,2743,3560
3679,13136,409,0,409
3680,13138,55,0,55
3681,13140,4044,0,4044
3682,13141,661,0,661
3683,13142,6323,0,6323
3684,13143,2619,0,2619
3685,13144,1401,0,1401
3686,13145,1793,0,1793
3687,13146,2205,0,2205
3688,13147,1213,0,1213
3689,13148,10541,7481,3060
3690,13152,7696,0,7696
3691,13153,309,0,309
3692,13154,76,0,76
3693,13155,605,0,605
3694,13156,2231,0,2231
3695,13157,570,570,0
3696,13158,1397,0,1397
3697,13159,5155,0,5155
3698,13160,1942,0,1942
3699,13162,251,202,49
3700,13163,311,307,4
3701,13164,2730,898,1832
3702,13165,10354,6223,4131
3703,13166,5398,0,5398
3704,13167,3263,0,3263
3705,13202,6967,6967,0
3706,13203,16240,16240,0
3707,13204,19752,19752,0
3708,13205,18834,18834,0
3709,13206,16599,16599,0
3710,13207,13140,13127,13
3711,13208,23603,23603,0
3712,13209,13018,12743,275
3713,13210,23150,23150,0
3714,13211,6382,6382,0
3715,13212,20220,20214,6
3716,13214,9072,9072,0
3717,13215,15007,11521,3486
3718,13219,15436,15436,0
3719,13224,8705,8705,0
3720,13244,6975,6975,0
3721,13290,0,0,0
3722,13301,90,0,90
3723,13302,1594,0,1594
3724,13303,1140,0,1140
3725,13304,1573,0,1573
3726,13305,275,0,275
3727,13308,3722,557,3165
3728,13309,5906,0,5906
3729,13310,591,0,591
3730,13312,332,0,332
3731,13313,520,0,520
3732,13314,86,0,86
3733,13315,1228,0,1228
3734,13316,6512,0,6512
3735,13317,3758,2037,1721
3736,13318,1306,0,1306
3737,13319,795,770,25
3738,13320,2068,0,2068
3739,13321,1026,1026,0
3740,13322,1102,362,740
3741,13323,11415,7380,4035
3742,13324,1963,0,1963
3743,13325,980,0,980
3744,13326,4893,0,4893
3745,13327,2234,0,2234
3746,13328,1147,0,1147
3747,13329,3789,0,3789
3748,13331,210,0,210
3749,13332,2471,0,2471
3750,13333,92,0,92
3751,13334,1223,0,1223
3752,13335,1525,0,1525
3753,13337,686,0,686
3754,13338,1187,0,1187
3755,13339,6646,2083,4563
3756,13340,7652,3999,3653
3757,13342,144,0,144
3758,13343,1594,0,1594
3759,13345,192,0,192
3760,13346,6427,0,6427
3761,13348,1323,0,1323
3762,13350,9513,8115,1398
3763,13352,81,0,81
3764,13353,92,0,92
3765,13354,3339,0,3339
3766,13355,856,0,856
3767,13357,10330,8315,2015
3768,13360,350,0,350
3769,13361,825,0,825
3770,13363,2240,198,2042
3771,13364,225,0,225
3772,13365,8448,4597,3851
3773,13367,8678,0,8678
3774,13368,1161,0,1161
3775,13402,1364,0,1364
3776,13403,6844,3964,2880
3777,13404,167,0,167
3778,13406,392,0,392
3779,13407,4930,2582,2348
3780,13408,3452,0,3452
3781,13409,2325,0,2325
3782,13410,336,298,38
3783,13411,3129,0,3129
3784,13413,15574,14816,758
3785,13415,98,0,98
3786,13416,2099,0,2099
3787,13417,3280,3280,0
3788,13418,241,0,241
3789,13420,1263,0,1263
3790,13421,12807,9276,3531
3791,13424,2450,1315,1135
3792,13425,2052,0,2052
3793,13428,1592,860,732
3794,13431,1960,0,1960
3795,13433,1537,0,1537
3796,13435,248,0,248
3797,13436,106,0,106
3798,13437,404,0,404
3799,13438,3626,0,3626
3800,13439,3681,0,3681
3801,13440,41024,28894,12130
3802,13441,130,130,0
3803,13450,169,0,169
3804,13452,4445,0,4445
3805,13454,608,0,608
3806,13455,57,0,57
3807,13456,3941,1212,2729
3808,13457,78,0,78
3809,13459,1956,0,1956
3810,13460,4309,0,4309
3811,13461,3111,3012,99
3812,13464,1182,0,1182
3813,13468,321,0,321
3814,13469,753,0,753
3815,13470,633,0,633
3816,13471,3023,0,3023
3817,13472,292,0,292
3818,13473,786,0,786
3819,13475,76,0,76
3820,13476,3092,0,3092
3821,13477,1279,0,1279
3822,13478,3084,0,3084
3823,13480,3231,0,3231
3824,13482,65,0,65
3825,13483,310,0,310
3826,13484,30,0,30
3827,13485,1349,0,1349
3828,13486,710,0,710
3829,13488,138,0,138
3830,13489,556,0,556
3831,13490,1278,0,1278
3832,13491,3494,0,3494
3833,13492,11457,10576,881
3834,13493,2017,0,2017
3835,13494,265,0,265
3836,13495,2183,2183,0
3837,13501,40885,40742,143
3838,13502,33990,30689,3301
3839,13601,37287,27955,9332
3840,13602,4951,4728,223
3841,13603,11808,11714,94
3842,13605,4517,0,4517
3843,13606,2606,0,2606
3844,13607,1610,0,1610
3845,13608,1501,0,1501
3846,13611,222,0,222
3847,13612,2673,1669,1004
3848,13613,2709,0,2709
3849,13614,403,0,403
3850,13615,930,917,13
3851,13616,1714,1180,534
3852,13617,12083,6812,5271
3853,13618,1765,0,1765
3854,13619,10600,5383,5217
3855,13620,2148,0,2148
3856,13621,690,0,690
3857,13622,2182,0,2182
3858,13623,45,0,45
3859,13624,4967,1995,2972
3860,13625,1834,0,1834
3861,13626,2021,0,2021
3862,13628,202,202,0
3863,13630,1486,0,1486
3864,13632,187,0,187
3865,13633,296,0,296
3866,13634,3999,0,3999
3867,13635,915,0,915
3868,13636,230,0,230
3869,13637,4980,2839,2141
3870,13638,398,328,70
3871,13639,80,0,80
3872,13640,348,3,345
3873,13641,101,94,7
3874,13642,9397,0,9397
3875,13643,77,77,0
3876,13645,9,0,9
3877,13646,2232,0,2232
3878,13647,113,0,113
3879,13648,2250,0,2250
3880,13649,91,0,91
3881,13650,1336,0,1336
3882,13651,95,0,95
3883,13652,1958,0,1958
3884,13654,2620,0,2620
3885,13655,3789,0,3789
3886,13656,2901,0,2901
3887,13658,2545,0,2545
3888,13659,514,0,514
3889,13660,2019,0,2019
3890,13661,1667,0,1667
3891,13662,15814,10582,5232
3892,13664,398,0,398
3893,13665,895,0,895
3894,13666,220,0,220
3895,13667,3217,0,3217
3896,13668,3248,0,3248
3897,13669,14990,10246,4744
3898,13670,446,0,446
3899,13672,526,0,526
3900,13673,2503,0,2503
3901,13674,22,0,22
3902,13675,89,0,89
3903,13676,13211,6012,7199
3904,13678,180,0,180
3905,13679,1791,0,1791
3906,13680,1427,0,1427
3907,13681,809,0,809
3908,13682,921,0,921
3909,13683,185,0,185
3910,13684,1141,0,1141
3911,13685,2224,0,2224
3912,13687,496,0,496
3913,13690,692,0,692
3914,13691,2981,0,2981
3915,13692,95,0,95
3916,13693,495,0,495
3917,13694,1316,0,1316
3918,13695,124,0,124
3919,13696,181,0,181
3920,13697,2206,0,2206
3921,13699,2225,2225,0
3922,13730,2691,0,2691
3923,13731,949,0,949
3924,13732,7569,4865,2704
3925,13733,4809,170,4639
3926,13734,2160,0,2160
3927,13736,2433,0,2433
3928,13738,51,0,51
3929,13739,908,0,908
3930,13740,531,0,531
3931,13743,3705,0,3705
3932,13744,1086,0,1086
3933,13746,2678,0,2678
3934,13747,6,0,6
3935,13748,3579,2078,1501
3936,13750,936,0,936
3937,13751,190,0,190
3938,13752,808,0,808
3939,13753,5619,0,5619
3940,13754,2912,0,2912
3941,13755,989,0,989
3942,13756,475,0,475
3943,13757,1002,0,1002
3944,13760,44153,40064,4089
3945,13774,191,0,191
3946,13775,1452,0,1452
3947,13776,404,0,404
3948,13777,768,0,768
3949,13778,5495,0,5495
3950,13780,1011,0,1011
3951,13782,642,0,642
3952,13783,2345,0,2345
3953,13784,180,0,180
3954,13786,333,0,333
3955,13787,3359,0,3359
3956,13788,870,0,870
3957,13790,18478,16204,2274
3958,13795,3617,1999,1618
3959,13796,1147,0,1147
3960,13797,2130,0,2130
3961,13801,1284,0,1284
3962,13802,692,94,598
3963,13803,4208,0,4208
3964,13804,249,0,249
3965,13806,111,0,111
3966,13807,1061,0,1061
3967,13808,1583,0,1583
3968,13809,1492,0,1492
3969,13810,1038,0,1038
3970,13811,4032,0,4032
3971,13812,2136,0,2136
3972,13813,814,0,814
3973,13814,55,0,55
3974,13815,13063,7740,5323
3975,13820,21605,15897,5708
3976,13825,3020,0,3020
3977,13826,117,0,117
3978,13827,11381,4365,7016
3979,13830,4599,0,4599
3980,13832,528,0,528
3981,13833,4004,229,3775
3982,13834,168,0,168
3983,13835,1384,0,1384
3984,13838,4203,3741,462
3985,13839,1475,0,1475
3986,13841,421,0,421
3987,13842,414,0,414
3988,13843,1849,0,1849
3989,13844,686,0,686
3990,13846,293,0,293
3991,13847,23,0,23
3992,13849,4456,336,4120
3993,13850,22135,17303,4832
3994,13856,6193,0,6193
3995,13859,162,0,162
3996,13860,207,0,207
3997,13861,426,131,295
3998,13862,3960,0,3960
3999,13863,527,0,527
4000,13864,1113,0,1113
4001,13865,5754,298,5456
4002,13901,20548,18891,1657
4003,13902,7260,7260,0
4004,13903,18140,14239,3901
4005,13904,9236,6639,2597
4006,13905,27672,25779,1893
4007,14001,9482,497,8985
4008,14004,11583,1658,9925
4009,14005,1868,0,1868
4010,14006,9140,7396,1744
4011,14008,1306,0,1306
4012,14009,5474,0,5474
4013,14011,7832,0,7832
4014,14012,2334,0,2334
4015,14013,1317,0,1317
4016,14020,22627,17472,5155
4017,14024,1584,0,1584
4018,14025,2996,1578,1418
4019,14026,792,792,0
4020,14027,97,0,97
4021,14028,1553,0,1553
4022,14029,72,0,72
4023,14030,1755,0,1755
4024,14031,9983,8037,1946
4025,14032,9368,6353,3015
4026,14033,2173,39,2134
4027,14034,3743,2499,1244
4028,14035,146,0,146
4029,14036,4931,0,4931
4030,14037,1173,0,1173
4031,14039,96,0,96
4032,14040,2087,0,2087
4033,14041,154,0,154
4034,14042,3891,0,3891
4035,14043,24962,24962,0
4036,14047,6152,4249,1903
4037,14048,15062,13287,1775
4038,14051,20721,19828,893
4039,14052,17679,8641,9038
4040,14054,1355,0,1355
4041,14055,1472,0,1472
4042,14056,164,0,164
4043,14057,7915,305,7610
4044,14058,2107,0,2107
4045,14059,9280,3264,6016
4046,14060,394,0,394
4047,14061,77,0,77
4048,14062,3375,0,3375
4049,14063,13028,10123,2905
4050,14065,1799,0,1799
4051,14066,1172,0,1172
4052,14067,4820,79,4741
4053,14068,7399,7399,0
4054,14069,773,0,773
4055,14070,5093,2949,2144
4056,14072,21389,19584,1805
4057,14075,44053,40818,3235
4058,14080,4109,0,4109
4059,14081,2983,518,2465
4060,14082,421,0,421
4061,14083,57,0,57
4062,14085,8157,7555,602
4063,14086,35010,31037,3973
4064,14091,1128,0,1128
4065,14092,11030,9144,1886
4066,14094,50969,35813,15156
4067,14098,2944,0,2944
4068,14101,1853,0,1853
4069,14102,1130,0,1130
4070,14103,10589,6279,4310
4071,14105,4388,0,4388
4072,14108,5654,0,5654
4073,14109,940,940,0
4074,14111,3198,0,3198
4075,14112,56,56,0
4076,14113,768,0,768
4077,14120,44538,39115,5423
4078,14125,3717,0,3717
4079,14126,560,0,560
4080,14127,30565,26632,3933
4081,14129,1638,0,1638
4082,14130,88,0,88
4083,14131,5207,0,5207
4084,14132,6155,248,5907
4085,14134,71,0,71
4086,14135,78,0,78
4087,14136,5029,3048,1981
4088,14138,1841,0,1841
4089,14139,2231,0,2231
4090,14141,7585,0,7585
4091,14143,1310,0,1310
4092,14145,1536,0,1536
4093,14150,41161,41161,0
4094,14166,36,0,36
4095,14167,1567,0,1567
4096,14168,60,0,60
4097,14169,88,0,88
4098,14170,2248,66,2182
4099,14171,1852,0,1852
4100,14172,3301,0,3301
4101,14173,386,0,386
4102,14174,5654,218,5436
4103,14201,12364,12364,0
4104,14202,3850,3850,0
4105,14203,2006,1994,12
4106,14204,9026,9026,0
4107,14206,21706,21706,0
4108,14207,26006,26006,0
4109,14208,12088,12088,0
4110,14209,8251,8251,0
4111,14210,15480,15480,0
4112,14211,26449,26449,0
4113,14212,13533,13533,0
4114,14213,25834,25834,0
4115,14214,20732,20732,0
4116,14215,42447,42447,0
4117,14216,22979,22979,0
4118,14217,23085,23085,0
4119,14218,20878,20878,0
4120,14219,11593,11593,0
4121,14220,23959,23959,0
4122,14221,55275,55231,44
4123,14222,13629,13629,0
4124,14223,22658,22658,0
4125,14224,40736,40736,0
4126,14225,34066,34066,0
4127,14226,29861,29861,0
4128,14227,23130,23130,0
4129,14228,23945,22360,1585
4130,14260,787,787,0
4131,14261,5686,5686,0
4132,14301,12618,12618,0
4133,14302,105,105,0
4134,14303,5958,5958,0
4135,14304,28923,28260,663
4136,14305,16427,16427,0
4137,14411,13334,7216,6118
4138,14413,171,0,171
4139,14414,6935,0,6935
4140,14415,194,0,194
4141,14416,3971,0,3971
4142,14418,1296,130,1166
4143,14420,19567,13079,6488
4144,14422,2182,0,2182
4145,14423,4557,0,4557
4146,14424,28353,18309,10044
4147,14425,13068,10792,2276
4148,14427,1990,141,1849
4149,14428,8259,1362,6897
4150,14432,5746,3006,2740
4151,14433,4707,0,4707
4152,14435,2761,525,2236
4153,14437,9141,4806,4335
4154,14441,326,296,30
4155,14445,7781,7781,0
4156,14450,42633,40198,2435
4157,14453,44,0,44
4158,14454,10759,8546,2213
4159,14456,19602,15338,4264
4160,14462,614,0,614
4161,14463,181,0,181
4162,14464,7065,0,7065
4163,14466,1616,0,1616
4164,14467,9526,9122,404
4165,14468,19174,10941,8233
4166,14469,6265,0,6265
4167,14470,7648,0,7648
4168,14471,2610,0,2610
4169,14472,8566,0,8566
4170,14475,334,0,334
4171,14476,2250,0,2250
4172,14477,1501,0,1501
4173,14478,1646,1053,593
4174,14479,263,0,263
4175,14480,826,773,53
4176,14481,1711,0,1711
4177,14482,8365,4645,3720
4178,14485,4111,0,4111
4179,14486,305,0,305
4180,14487,5889,3048,2841
4181,14489,7347,3856,3491
4182,14502,10760,39,10721
4183,14504,1648,1622,26
4184,14505,5202,0,5202
4185,14506,1289,0,1289
4186,14507,1298,0,1298
4187,14510,4902,0,4902
4188,14511,520,0,520
4189,14512,4533,0,4533
4190,14513,13459,9344,4115
4191,14514,6734,6592,142
4192,14515,72,72,0
4193,14516,2190,0,2190
4194,14517,2549,0,2549
4195,14519,12354,5673,6681
4196,14521,3473,0,3473
4197,14522,9028,4686,4342
4198,14525,2921,0,2921
4199,14526,20932,19812,1120
4200,14527,12716,6248,6468
4201,14529,57,0,57
4202,14530,6583,3788,2795
4203,14532,4174,0,4174
4204,14533,1753,0,1753
4205,14534,32834,30539,2295
4206,14536,607,0,607
4207,14537,203,142,61
4208,14539,225,0,225
4209,14541,3298,77,3221
4210,14542,68,0,68
4211,14543,3160,48,3112
4212,14544,2035,79,1956
4213,14545,157,0,157
4214,14546,4872,2801,2071
4215,14548,3972,1772,2200
4216,14549,137,137,0
4217,14550,1564,0,1564
4218,14551,5163,0,5163
4219,14555,934,0,934
4220,14556,875,0,875
4221,14557,136,0,136
4222,14559,17964,10722,7242
4223,14560,2167,0,2167
4224,14561,3026,0,3026
4225,14564,16138,11319,4819
4226,14568,5975,0,5975
4227,14569,6302,0,6302
4228,14571,1207,0,1207
4229,14572,4636,0,4636
4230,14580,54148,51739,2409
4231,14585,187,0,187
4232,14586,13089,12720,369
4233,14588,8,0,8
4234,14589,7637,0,7637
4235,14590,4902,0,4902
4236,14591,1451,0,1451
4237,14592,222,0,222
4238,14604,3138,3138,0
4239,14605,12172,12172,0
4240,14606,28252,28236,16
4241,14607,16298,16298,0
4242,14608,13177,13177,0
4243,14609,41329,41329,0
4244,14610,14311,14311,0
4245,14611,18586,18586,0
4246,14612,34844,34484,360
4247,14613,14882,14882,0
4248,14614,1109,1109,0
4249,14615,16862,16862,0
4250,14616,27946,27946,0
4251,14617,22599,22585,14
4252,14618,23998,23998,0
4253,14619,14061,14061,0
4254,14620,24185,24185,0
4255,14621,32891,32891,0
4256,14622,11930,11905,25
4257,14623,27865,27319,546
4258,14624,37200,37145,55
4259,14625,10487,10487,0
4260,14626,30032,29673,359
4261,14627,2986,2986,0
4262,14642,8,8,0
4263,14701,38428,32534,5894
4264,14706,5910,2651,3259
4265,14707,151,0,151
4266,14708,148,0,148
4267,14709,1423,0,1423
4268,14710,3367,754,2613
4269,14711,1822,0,1822
4270,14712,3242,1732,1510
4271,14714,361,0,361
4272,14715,2613,0,2613
4273,14716,2638,0,2638
4274,14717,689,0,689
4275,14718,1845,0,1845
4276,14719,3449,0,3449
4277,14720,633,633,0
4278,14721,177,0,177
4279,14722,194,194,0
4280,14723,1222,0,1222
4281,14724,2595,0,2595
4282,14726,2016,0,2016
4283,14727,5257,0,5257
4284,14728,937,253,684
4285,14729,763,0,763
4286,14731,1269,0,1269
4287,14732,56,0,56
4288,14733,3663,2616,1047
4289,14735,2836,0,2836
4290,14736,271,0,271
4291,14737,4101,0,4101
4292,14738,3561,0,3561
4293,14739,2853,0,2853
4294,14740,1301,0,1301
4295,14741,1881,0,1881
4296,14742,119,119,0
4297,14743,1584,222,1362
4298,14744,1937,0,1937
4299,14747,2197,29,2168
4300,14748,659,254,405
4301,14750,4673,3721,952
4302,14752,168,0,168
4303,14753,1067,19,1048
4304,14754,721,0,721
4305,14755,2855,0,2855
4306,14756,43,43,0
4307,14757,3072,1742,1330
4308,14760,18031,15503,2528
4309,14767,2171,0,2171
4310,14769,948,0,948
4311,14770,2747,1199,1548
4312,14772,4141,0,4141
4313,14774,142,0,142
4314,14775,2402,0,2402
4315,14777,509,0,509
4316,14778,1352,1352,0
4317,14779,7191,6121,1070
4318,14781,2114,0,2114
4319,14782,2236,0,2236
4320,14783,352,0,352
4321,14784,967,0,967
4322,14785,54,54,0
4323,14787,4825,0,4825
4324,14788,217,217,0
4325,14801,5202,0,5202
4326,14802,4016,0,4016
4327,14803,1216,0,1216
4328,14804,1300,0,1300
4329,14805,1108,0,1108
4330,14806,1963,0,1963
4331,14807,2834,800,2034
4332,14808,588,0,588
4333,14809,2258,0,2258
4334,14810,11620,6335,5285
4335,14812,3273,0,3273
4336,14813,2307,0,2307
4337,14814,1938,1524,414
4338,14815,928,0,928
4339,14816,583,0,583
4340,14817,2474,0,2474
4341,14818,1830,0,1830
4342,14819,684,0,684
4343,14820,659,0,659
4344,14821,3115,0,3115
4345,14822,926,0,926
4346,14823,3686,0,3686
4347,14824,663,0,663
4348,14825,763,0,763
4349,14826,1936,0,1936
4350,14827,204,204,0
4351,14830,18949,12360,6589
4352,14836,963,0,963
4353,14837,5345,106,5239
4354,14838,1820,0,1820
4355,14839,686,0,686
4356,14840,2905,993,1912
4357,14841,809,0,809
4358,14842,797,0,797
4359,14843,12637,9766,2871
4360,14845,20628,16536,4092
4361,14846,653,0,653
4362,14847,2443,0,2443
4363,14850,69271,56425,12846
4364,14853,1993,1993,0
4365,14854,47,0,47
4366,14855,1029,0,1029
4367,14856,72,0,72
4368,14858,1672,0,1672
4369,14859,1153,0,1153
4370,14860,1000,0,1000
4371,14861,1303,0,1303
4372,14864,1311,333,978
4373,14865,2598,0,2598
4374,14867,5490,0,5490
4375,14869,1208,0,1208
4376,14870,9648,6977,2671
4377,14871,4025,1374,2651
4378,14872,641,344,297
4379,14873,2348,0,2348
4380,14874,180,26,154
4381,14877,505,0,505
4382,14878,780,0,780
4383,14879,2152,0,2152
4384,14880,1545,0,1545
4385,14881,254,0,254
4386,14882,3890,684,3206
4387,14883,3998,0,3998
4388,14884,309,0,309
4389,14885,689,0,689
4390,14886,6648,0,6648
4391,14889,1514,0,1514
4392,14891,4140,0,4140
4393,14892,7949,5087,2862
4394,14893,21,0,21
4395,14894,1716,0,1716
4396,14895,9375,5339,4036
4397,14897,850,0,850
4398,14898,1573,0,1573
4399,14901,14893,13569,1324
4400,14903,7279,5473,1806
4401,14904,15102,14751,351
4402,14905,8645,8564,81
4403,15001,32299,26973,5326
4404,15003,11672,11534,138
4405,15004,224,0,224
4406,15005,9375,7443,1932
4407,15006,279,206,73
4408,15007,391,391,0
4409,15009,15594,11942,3652
4410,15010,28736,23227,5509
4411,15012,15756,11965,3791
4412,15014,3165,3165,0
4413,15015,1223,1223,0
4414,15017,16971,16865,106
4415,15018,763,431,332
4416,15019,1587,39,1548
4417,15020,284,43,241
4418,15021,6813,362,6451
4419,15022,10241,8217,2024
4420,15024,8943,8228,715
4421,15025,17118,17118,0
4422,15026,4071,854,3217
4423,15027,2236,2236,0
4424,15028,111,83,28
4425,15030,1125,1053,72
4426,15031,560,560,0
4427,15033,4677,4677,0
4428,15034,1612,1612,0
4429,15035,2098,2098,0
4430,15037,10519,7654,2865
4431,15038,291,291,0
4432,15042,7931,5932,1999
4433,15043,2092,0,2092
4434,15044,29105,25454,3651
4435,15045,4475,4475,0
4436,15046,2488,2488,0
4437,15047,302,302,0
4438,15049,901,901,0
4439,15050,2429,0,2429
4440,15051,488,488,0
4441,15052,3366,0,3366
4442,15053,146,0,146
4443,15054,525,0,525
4444,15055,1368,1368,0
4445,15056,1092,1092,0
4446,15057,16709,11001,5708
4447,15059,3913,71,3842
4448,15060,925,911,14
4449,15061,12591,11344,1247
4450,15062,6880,6880,0
4451,15063,11003,8562,2441
4452,15064,339,339,0
4453,15065,11158,10152,1006
4454,15066,12126,9010,3116
4455,15067,2130,2054,76
4456,15068,37104,31715,5389
4457,15071,12229,10466,1763
4458,15072,69,69,0
4459,15074,8617,6155,2462
4460,15075,107,107,0
4461,15076,995,995,0
4462,15077,144,0,144
4463,15078,529,0,529
4464,15081,360,360,0
4465,15082,358,358,0
4466,15083,977,0,977
4467,15084,10063,6154,3909
4468,15085,8010,7775,235
4469,15086,684,684,0
4470,15087,280,155,125
4471,15088,405,405,0
4472,15089,6151,3953,2198
4473,15090,24985,23821,1164
4474,15101,24667,23941,726
4475,15102,30548,30548,0
4476,15104,7858,7858,0
4477,15106,19166,18509,657
4478,15108,43422,43306,116
4479,15110,5254,5254,0
4480,15112,3314,3314,0
4481,15116,14264,14264,0
4482,15120,17950,17950,0
4483,15122,19340,19340,0
4484,15123,5,5,0
4485,15126,7335,6733,602
4486,15129,10901,10656,245
4487,15131,8144,8017,127
4488,15132,19418,19418,0
4489,15133,6144,6023,121
4490,15135,4820,4488,332
4491,15136,23663,23663,0
4492,15137,9939,9939,0
4493,15139,6764,6758,6
4494,15140,3103,3103,0
4495,15142,1894,1894,0
4496,15143,22329,17164,5165
4497,15144,3998,3850,148
4498,15145,6923,6923,0
4499,15146,28672,28672,0
4500,15147,16356,16356,0
4501,15148,2363,2363,0
4502,15201,12802,12802,0
4503,15202,20081,20081,0
4504,15203,10720,10720,0
4505,15204,8213,8213,0
4506,15205,23594,23494,100
4507,15206,28774,28774,0
4508,15207,10615,10615,0
4509,15208,9601,9601,0
4510,15209,12044,12044,0
4511,15210,25123,25123,0
4512,15211,10935,10935,0
4513,15212,27016,27016,0
4514,15213,31075,31075,0
4515,15214,14072,14072,0
4516,15215,12489,12489,0
4517,15216,22966,22966,0
4518,15217,26851,26851,0
4519,15218,13497,13497,0
4520,15219,10949,10949,0
4521,15220,17840,17840,0
4522,15221,28913,28913,0
4523,15222,5976,5976,0
4524,15223,7080,7080,0
4525,15224,10568,10568,0
4526,15225,1108,1108,0
4527,15226,13931,13931,0
4528,15227,30036,30036,0
4529,15228,18110,18110,0
4530,15229,14625,14625,0
4531,15232,12042,12042,0
4532,15233,2656,2656,0
4533,15234,13966,13966,0
4534,15235,34610,34610,0
4535,15236,31594,31594,0
4536,15237,45670,45670,0
4537,15238,13266,13159,107
4538,15239,21211,20934,277
4539,15241,22198,22198,0
4540,15243,14329,14329,0
4541,15260,29,29,0
4542,15275,50,50,0
4543,15282,5066,5066,0
4544,15290,0,0,0
4545,15301,48963,38311,10652
4546,15310,265,0,265
4547,15311,1340,0,1340
4548,15312,3372,0,3372
4549,15313,363,0,363
4550,15314,3515,0,3515
4551,15315,714,0,714
4552,15316,246,0,246
4553,15317,42801,40412,2389
4554,15320,5087,0,5087
4555,15321,1792,1660,132
4556,15322,1869,0,1869
4557,15323,4217,0,4217
4558,15324,600,0,600
4559,15325,522,0,522
4560,15327,1326,0,1326
4561,15329,1430,0,1430
4562,15330,5292,1192,4100
4563,15331,1003,0,1003
4564,15332,8058,5547,2511
4565,15333,2232,0,2232
4566,15334,113,0,113
4567,15337,560,0,560
4568,15338,1538,0,1538
4569,15340,1265,0,1265
4570,15341,744,0,744
4571,15342,5066,5042,24
4572,15344,1471,0,1471
4573,15345,1457,0,1457
4574,15346,670,0,670
4575,15347,608,608,0
4576,15348,250,0,250
4577,15349,1640,0,1640
4578,15350,612,612,0
4579,15351,837,0,837
4580,15352,793,0,793
4581,15353,47,0,47
4582,15357,1518,0,1518
4583,15358,852,0,852
4584,15359,152,0,152
4585,15360,1768,0,1768
4586,15361,140,0,140
4587,15362,616,0,616
4588,15363,782,782,0
4589,15364,589,0,589
4590,15365,151,0,151
4591,15366,141,0,141
4592,15367,9634,9505,129
4593,15368,473,0,473
4594,15370,14153,8754,5399
4595,15376,1652,0,1652
4596,15377,598,0,598
4597,15378,82,0,82
4598,15379,101,0,101
4599,15380,624,0,624
4600,15401,30619,24687,5932
4601,15410,799,0,799
4602,15411,592,0,592
4603,15412,257,166,91
4604,15413,452,385,67
4605,15416,498,498,0
4606,15417,7973,5352,2621
4607,15419,3574,3528,46
4608,15420,232,0,232
4609,15421,136,0,136
4610,15422,242,0,242
4611,15423,1792,116,1676
4612,15424,2252,0,2252
4613,15425,17975,12445,5530
4614,15427,996,0,996
4615,15428,1764,0,1764
4616,15429,316,189,127
4617,15430,263,0,263
4618,15431,4375,1531,2844
4619,15432,371,371,0
4620,15433,750,0,750
4621,15434,246,236,10
4622,15435,199,0,199
4623,15436,2666,2160,506
4624,15437,2426,0,2426
4625,15438,2123,806,1317
4626,15440,316,0,316
4627,15442,2316,146,2170
4628,15443,329,0,329
4629,15444,469,469,0
4630,15445,2688,1682,1006
4631,15446,112,0,112
4632,15447,249,0,249
4633,15448,154,0,154
4634,15449,475,0,475
4635,15450,2231,0,2231
4636,15451,854,0,854
4637,15454,215,0,215
4638,15455,404,126,278
4639,15456,2368,2042,326
4640,15458,2180,0,2180
4641,15459,1531,0,1531
4642,15460,113,0,113
4643,15461,4078,0,4078
4644,15462,284,0,284
4645,15463,242,0,242
4646,15464,1378,0,1378
4647,15465,336,336,0
4648,15466,374,0,374
4649,15467,148,0,148
4650,15468,2271,0,2271
4651,15469,2260,0,2260
4652,15470,859,0,859
4653,15472,267,267,0
4654,15473,3736,0,3736
4655,15474,2096,0,2096
4656,15475,970,0,970
4657,15476,209,0,209
4658,15477,894,894,0
4659,15478,5889,374,5515
4660,15479,1942,0,1942
4661,15480,1657,18,1639
4662,15482,484,0,484
4663,15483,421,421,0
4664,15484,594,496,98
4665,15486,2127,0,2127
4666,15488,65,0,65
4667,15489,362,0,362
4668,15490,550,0,550
4669,15492,81,0,81
4670,15501,16277,10098,6179
4671,15502,302,0,302
4672,15510,2320,0,2320
4673,15520,254,0,254
4674,15521,1869,0,1869
4675,15522,11622,4392,7230
4676,15530,5090,0,5090
4677,15531,3614,0,3614
4678,15532,120,0,120
4679,15533,1301,0,1301
4680,15534,842,0,842
4681,15535,2127,0,2127
4682,15536,427,0,427
4683,15537,7629,0,7629
4684,15538,655,0,655
4685,15539,418,0,418
4686,15540,403,0,403
4687,15541,3622,0,3622
4688,15542,1177,0,1177
4689,15544,235,0,235
4690,15545,2612,55,2557
4691,15546,384,0,384
4692,15547,402,0,402
4693,15550,1577,0,1577
4694,15551,674,0,674
4695,15552,5988,0,5988
4696,15554,2498,0,2498
4697,15555,119,0,119
4698,15557,3657,0,3657
4699,15558,1914,0,1914
4700,15559,1895,0,1895
4701,15560,171,0,171
4702,15561,151,0,151
4703,15562,282,0,282
4704,15563,3008,0,3008
4705,15564,113,0,113
4706,15565,43,0,43
4707,15601,57141,50694,6447
4708,15610,3430,0,3430
4709,15611,419,419,0
4710,15612,385,194,191
4711,15613,13462,4446,9016
4712,15615,244,244,0
4713,15616,379,188,191
4714,15617,251,231,20
4715,15618,2272,0,2272
4716,15619,412,412,0
4717,15620,808,780,28
4718,15622,1223,0,1223
4719,15623,760,674,86
4720,15624,353,0,353
4721,15625,130,0,130
4722,15626,5095,4928,167
4723,15627,6461,4729,1732
4724,15628,410,0,410
4725,15629,602,602,0
4726,15631,986,986,0
4727,15632,9662,6873,2789
4728,15633,504,0,504
4729,15634,499,499,0
4730,15635,270,0,270
4731,15636,3730,3599,131
4732,15637,1836,1179,657
4733,15638,342,342,0
4734,15639,2062,1079,983
4735,15640,298,0,298
4736,15641,509,509,0
4737,15642,46461,43443,3018
4738,15644,18320,16238,2082
4739,15646,201,0,201
4740,15647,36,24,12
4741,15650,26523,19650,6873
4742,15655,357,0,357
4743,15656,9827,5931,3896
4744,15658,8149,0,8149
4745,15660,230,0,230
4746,15661,543,543,0
4747,15662,393,109,284
4748,15663,401,0,401
4749,15665,1558,1558,0
4750,15666,15585,9019,6566
4751,15668,13433,10532,2901
4752,15670,3435,0,3435
4753,15671,684,293,391
4754,15672,3320,2421,899
4755,15673,1246,1246,0
4756,15674,281,0,281
4757,15675,993,993,0
4758,15676,586,434,152
4759,15677,382,0,382
4760,15678,603,385,218
4761,15679,2957,1,2956
4762,15680,188,0,188
4763,15681,4772,0,4772
4764,15682,250,0,250
4765,15683,8285,6483,1802
4766,15684,471,0,471
4767,15686,925,0,925
4768,15687,1317,0,1317
4769,15688,791,0,791
4770,15689,120,0,120
4771,15690,8754,6631,2123
4772,15691,161,161,0
4773,15692,944,944,0
4774,15693,228,0,228
4775,15695,295,0,295
4776,15696,252,252,0
4777,15697,2923,2923,0
4778,15698,767,0,767
4779,15701,30269,21162,9107
4780,15705,3374,3374,0
4781,15710,305,0,305
4782,15711,363,0,363
4783,15712,77,0,77
4784,15713,251,0,251
4785,15714,5477,0,5477
4786,15715,647,0,647
4787,15716,488,488,0
4788,15717,9454,4911,4543
4789,15720,224,0,224
4790,15721,188,0,188
4791,15722,2452,0,2452
4792,15723,38,0,38
4793,15724,1941,0,1941
4794,15725,1184,0,1184
4795,15727,213,0,213
4796,15728,3417,0,3417
4797,15729,1315,0,1315
4798,15730,129,0,129
4799,15731,257,257,0
4800,15732,1557,0,1557
4801,15733,91,0,91
4802,15734,295,0,295
4803,15736,397,0,397
4804,15737,190,0,190
4805,15738,265,0,265
4806,15739,417,0,417
4807,15741,57,0,57
4808,15742,990,0,990
4809,15744,74,0,74
4810,15745,327,0,327
4811,15746,195,0,195
4812,15747,1970,0,1970
4813,15748,6661,2901,3760
4814,15750,285,258,27
4815,15752,63,0,63
4816,15753,514,0,514
4817,15754,498,498,0
4818,15756,213,0,213
4819,15757,1497,0,1497
4820,15759,2661,0,2661
4821,15760,119,0,119
4822,15761,74,0,74
4823,15762,875,0,875
4824,15763,16,0,16
4825,15764,136,0,136
4826,15765,1549,0,1549
4827,15767,14501,6199,8302
4828,15770,219,0,219
4829,15771,898,0,898
4830,15772,1605,0,1605
4831,15773,410,0,410
4832,15774,2985,0,2985
4833,15775,410,0,410
4834,15776,62,0,62
4835,15777,118,0,118
4836,15778,135,0,135
4837,15779,399,0,399
4838,15780,123,0,123
4839,15781,107,0,107
4840,15783,103,0,103
4841,15784,80,0,80
4842,15801,20246,15303,4943
4843,15821,147,0,147
4844,15823,1370,0,1370
4845,15824,5370,0,5370
4846,15825,9629,4644,4985
4847,15827,259,0,259
4848,15828,297,0,297
4849,15829,1146,0,1146
4850,15831,197,0,197
4851,15832,313,0,313
4852,15834,4078,0,4078
4853,15840,1892,1030,862
4854,15841,208,0,208
4855,15845,3088,0,3088
4856,15846,3209,0,3209
4857,15847,62,0,62
4858,15848,945,0,945
4859,15849,1195,0,1195
4860,15851,6537,0,6537
4861,15853,6457,4259,2198
4862,15856,874,0,874
4863,15857,12906,9402,3504
4864,15860,1118,0,1118
4865,15861,135,0,135
4866,15863,217,0,217
4867,15864,1815,0,1815
4868,15865,1187,0,1187
4869,15866,230,0,230
4870,15868,1570,0,1570
4871,15870,1262,0,1262
4872,15901,3379,3379,0
4873,15902,11107,10134,973
4874,15904,16065,13827,2238
4875,15905,19654,17103,2551
4876,15906,10060,8083,1977
4877,15909,5116,2051,3065
4878,15920,780,0,780
4879,15921,471,0,471
4880,15922,74,0,74
4881,15923,1544,0,1544
4882,15924,979,0,979
4883,15925,162,162,0
4884,15926,2429,0,2429
4885,15927,1097,0,1097
4886,15928,2002,690,1312
4887,15929,66,0,66
4888,15930,295,0,295
4889,15931,9158,4359,4799
4890,15934,87,46,41
4891,15935,2247,0,2247
4892,15936,1493,0,1493
4893,15937,899,0,899
4894,15938,2472,1348,1124
4895,15940,3712,0,3712
4896,15942,1864,0,1864
4897,15943,3603,0,3603
4898,15944,3151,0,3151
4899,15945,218,218,0
4900,15946,6642,4324,2318
4901,15948,525,521,4
4902,15949,631,0,631
4903,15951,570,0,570
4904,15952,1233,0,1233
4905,15953,83,0,83
4906,15954,2153,0,2153
4907,15955,2116,0,2116
4908,15956,2626,0,2626
4909,15957,380,0,380
4910,15958,2136,0,2136
4911,15960,280,0,280
4912,15961,928,0,928
4913,15962,198,0,198
4914,15963,10733,5990,4743
4915,16001,40085,32284,7801
4916,16002,15379,2616,12763
4917,16020,1155,0,1155
4918,16022,294,0,294
4919,16023,3987,0,3987
4920,16024,212,205,7
4921,16025,5220,0,5220
4922,16027,376,0,376
4923,16028,1761,0,1761
4924,16029,764,655,109
4925,16030,307,0,307
4926,16033,6670,2508,4162
4927,16034,1769,0,1769
4928,16035,128,0,128
4929,16036,183,0,183
4930,16037,5012,1410,3602
4931,16038,3153,0,3153
4932,16040,963,0,963
4933,16041,1781,0,1781
4934,16045,1195,1195,0
4935,16046,19257,16412,2845
4936,16048,168,0,168
4937,16049,3098,0,3098
4938,16050,1250,0,1250
4939,16051,2895,0,2895
4940,16052,2283,0,2283
4941,16053,4028,1204,2824
4942,16054,418,0,418
4943,16055,8886,2223,6663
4944,16056,4779,0,4779
4945,16057,14327,7226,7101
4946,16059,9520,4942,4578
4947,16061,2499,0,2499
4948,16063,7596,6051,1545
4949,16066,32922,32571,351
4950,16101,31960,23634,8326
4951,16102,5468,3086,2382
4952,16105,15420,13386,2034
4953,16110,357,0,357
4954,16111,1244,0,1244
4955,16112,1525,0,1525
4956,16113,330,306,24
4957,16114,613,0,613
4958,16115,3324,422,2902
4959,16116,2573,137,2436
4960,16117,16459,12130,4329
4961,16120,2221,0,2221
4962,16121,4258,4258,0
4963,16123,2158,11,2147
4964,16124,1923,0,1923
4965,16125,17198,10277,6921
4966,16127,15298,9830,5468
4967,16130,1964,0,1964
4968,16131,971,0,971
4969,16132,380,0,380
4970,16133,1365,0,1365
4971,16134,3498,0,3498
4972,16136,748,718,30
4973,16137,12654,0,12654
4974,16140,226,0,226
4975,16141,1653,0,1653
4976,16142,5906,0,5906
4977,16143,2398,0,2398
4978,16145,2586,0,2586
4979,16146,13181,13181,0
4980,16148,16673,12942,3731
4981,16150,7172,4915,2257
4982,16151,69,0,69
4983,16153,2451,0,2451
4984,16154,2354,276,2078
4985,16155,100,0,100
4986,16156,3218,0,3218
4987,16157,3112,219,2893
4988,16159,4264,1019,3245
4989,16160,799,0,799
4990,16161,597,597,0
4991,16172,707,0,707
4992,16201,17236,8832,8404
4993,16210,961,0,961
4994,16211,115,0,115
4995,16212,324,306,18
4996,16213,132,0,132
4997,16214,8308,5662,2646
4998,16217,59,0,59
4999,16218,1041,0,1041
5000,16220,45,0,45
5001,16222,2557,0,2557
5002,16223,142,0,142
5003,16224,1086,0,1086
5004,16226,7880,4467,3413
5005,16228,361,361,0
5006,16229,4978,2461,2517
5007,16230,477,0,477
5008,16232,4479,0,4479
5009,16233,1161,0,1161
5010,16235,1223,0,1223
5011,16236,250,250,0
5012,16238,382,382,0
5013,16239,4196,0,4196
5014,16240,1520,0,1520
5015,16242,4623,0,4623
5016,16244,247,0,247
5017,16245,199,0,199
5018,16246,220,0,220
5019,16248,3141,0,3141
5020,16249,1717,0,1717
5021,16250,404,0,404
5022,16253,161,0,161
5023,16254,3174,0,3174
5024,16255,1932,0,1932
5025,16256,2076,0,2076
5026,16258,1774,0,1774
5027,16259,1725,0,1725
5028,16260,229,0,229
5029,16262,2783,0,2783
5030,16263,330,0,330
5031,16301,14935,11534,3401
5032,16311,514,0,514
5033,16312,17,0,17
5034,16313,1691,751,940
5035,16314,5296,0,5296
5036,16316,5056,2657,2399
5037,16317,1306,0,1306
5038,16319,1401,0,1401
5039,16321,43,0,43
5040,16322,123,0,123
5041,16323,15116,8500,6616
5042,16326,377,0,377
5043,16327,2557,0,2557
5044,16328,183,0,183
5045,16329,378,0,378
5046,16331,87,0,87
5047,16332,119,0,119
5048,16333,311,0,311
5049,16334,416,0,416
5050,16335,27452,19430,8022
5051,16340,1775,0,1775
5052,16341,1975,0,1975
5053,16342,2092,0,2092
5054,16343,405,0,405
5055,16344,457,361,96
5056,16345,3562,440,3122
5057,16346,2846,1771,1075
5058,16347,1924,0,1924
5059,16350,2669,0,2669
5060,16351,1493,0,1493
5061,16352,243,0,243
5062,16353,2690,0,2690
5063,16354,10255,5219,5036
5064,16360,1261,0,1261
5065,16361,61,0,61
5066,16362,1085,0,1085
5067,16364,1363,0,1363
5068,16365,17428,13103,4325
5069,16370,157,0,157
5070,16371,3218,0,3218
5071,16372,435,0,435
5072,16373,3355,0,3355
5073,16374,1789,0,1789
5074,16401,4209,0,4209
5075,16402,734,0,734
5076,16403,6626,0,6626
5077,16404,3113,0,3113
5078,16405,646,175,471
5079,16406,3383,0,3383
5080,16407,10526,6049,4477
5081,16410,1798,0,1798
5082,16411,1323,0,1323
5083,16412,9292,4528,4764
5084,16415,9898,6836,3062
5085,16416,166,0,166
5086,16417,8109,4472,3637
5087,16420,599,0,599
5088,16421,2351,554,1797
5089,16422,309,189,120
5090,16423,4122,3287,835
5091,16424,4405,0,4405
5092,16426,3785,678,3107
5093,16427,238,0,238
5094,16428,12524,6513,6011
5095,16430,101,0,101
5096,16433,4982,1222,3760
5097,16434,3118,0,3118
5098,16435,1764,0,1764
5099,16436,706,0,706
5100,16438,7504,0,7504
5101,16440,816,0,816
5102,16441,10240,756,9484
5103,16442,2750,0,2750
5104,16443,1330,0,1330
5105,16444,1202,1202,0
5106,16475,2275,0,2275
5107,16501,2241,2241,0
5108,16502,15435,15435,0
5109,16503,15328,15328,0
5110,16504,16135,16135,0
5111,16505,16437,16403,34
5112,16506,23918,23158,760
5113,16507,9429,9429,0
5114,16508,15172,15172,0
5115,16509,28005,24067,3938
5116,16510,24515,20597,3918
5117,16511,11347,10640,707
5118,16546,1166,1166,0
5119,16550,0,0,0
5120,16563,1466,1466,0
5121,16601,32764,27155,5609
5122,16602,27996,27770,226
5123,16611,2376,0,2376
5124,16613,1528,0,1528
5125,16616,112,0,112
5126,16617,2655,2532,123
5127,16619,348,0,348
5128,16620,415,0,415
5129,16621,646,0,646
5130,16622,116,0,116
5131,16623,480,0,480
5132,16624,267,0,267
5133,16625,3402,1587,1815
5134,16627,2199,0,2199
5135,16630,4679,4486,193
5136,16631,85,0,85
5137,16633,181,0,181
5138,16634,283,0,283
5139,16635,11661,8152,3509
5140,16636,722,0,722
5141,16637,2463,1103,1360
5142,16638,73,0,73
5143,16639,1212,0,1212
5144,16640,1064,0,1064
5145,16641,2527,1853,674
5146,16645,127,0,127
5147,16646,2440,0,2440
5148,16647,762,0,762
5149,16648,15149,11541,3608
5150,16650,1826,0,1826
5151,16651,5796,0,5796
5152,16652,15955,9300,6655
5153,16654,2011,2011,0
5154,16655,1451,0,1451
5155,16656,1137,0,1137
5156,16657,1260,0,1260
5157,16659,261,0,261
5158,16661,1007,0,1007
5159,16662,5574,0,5574
5160,16664,2089,0,2089
5161,16665,324,324,0
5162,16666,2643,1667,976
5163,16667,1368,0,1368
5164,16668,3409,0,3409
5165,16669,2034,0,2034
5166,16670,133,0,133
5167,16671,491,0,491
5168,16672,187,0,187
5169,16673,5317,2910,2407
5170,16674,484,0,484
5171,16675,102,0,102
5172,16677,416,0,416
5173,16678,2548,0,2548
5174,16679,734,0,734
5175,16680,416,0,416
5176,16682,206,191,15
5177,16683,395,0,395
5178,16684,65,65,0
5179,16685,279,0,279
5180,16686,13861,7777,6084
5181,16689,379,0,379
5182,16691,352,0,352
5183,16692,807,0,807
5184,16693,4061,0,4061
5185,16694,320,0,320
5186,16695,967,0,967
5187,16699,0,0,0
5188,16701,16887,11163,5724
5189,16720,1126,0,1126
5190,16724,94,0,94
5191,16725,128,0,128
5192,16726,493,0,493
5193,16727,196,0,196
5194,16729,745,0,745
5195,16730,165,0,165
5196,16731,2607,0,2607
5197,16732,251,0,251
5198,16733,195,0,195
5199,16734,207,0,207
5200,16735,6208,0,6208
5201,16738,1985,0,1985
5202,16740,930,0,930
5203,16743,3933,0,3933
5204,16744,219,0,219
5205,16745,555,0,555
5206,16746,1099,0,1099
5207,16748,2831,0,2831
5208,16749,3852,0,3852
5209,16750,453,0,453
5210,16801,42446,40174,2272
5211,16802,12977,12977,0
5212,16803,24751,24165,586
5213,16820,1106,0,1106
5214,16821,249,0,249
5215,16822,2189,0,2189
5216,16823,29345,15180,14165
5217,16825,254,0,254
5218,16826,581,0,581
5219,16827,4995,3528,1467
5220,16828,4377,0,4377
5221,16829,676,0,676
5222,16830,13121,9822,3299
5223,16832,469,0,469
5224,16833,5309,0,5309
5225,16834,266,0,266
5226,16835,226,0,226
5227,16836,1167,0,1167
5228,16837,190,0,190
5229,16838,1720,0,1720
5230,16839,465,0,465
5231,16840,366,366,0
5232,16841,5601,7,5594
5233,16843,702,702,0
5234,16844,2644,56,2588
5235,16845,1055,0,1055
5236,16847,313,0,313
5237,16848,254,0,254
5238,16849,318,0,318
5239,16851,956,828,128
5240,16852,350,0,350
5241,16853,404,404,0
5242,16854,884,0,884
5243,16855,305,0,305
5244,16856,159,0,159
5245,16858,3847,0,3847
5246,16859,460,0,460
5247,16860,380,0,380
5248,16861,316,0,316
5249,16863,727,0,727
5250,16864,64,0,64
5251,16865,1575,0,1575
5252,16866,9850,7346,2504
5253,16868,640,378,262
5254,16870,7452,1565,5887
5255,16871,33,0,33
5256,16872,1584,0,1584
5257,16874,1264,0,1264
5258,16875,4031,0,4031
5259,16876,295,0,295
5260,16877,1684,0,1684
5261,16878,1862,0,1862
5262,16879,342,0,342
5263,16881,1923,0,1923
5264,16882,482,0,482
5265,16901,10561,0,10561
5266,16910,72,0,72
5267,16911,164,0,164
5268,16912,2060,0,2060
5269,16914,2248,0,2248
5270,16915,5756,0,5756
5271,16917,1464,0,1464
5272,16920,1977,0,1977
5273,16921,563,0,563
5274,16922,1775,0,1775
5275,16923,1360,0,1360
5276,16925,3328,0,3328
5277,16926,875,0,875
5278,16927,595,0,595
5279,16928,1327,0,1327
5280,16929,2506,0,2506
5281,16930,1255,0,1255
5282,16932,669,0,669
5283,16933,6643,0,6643
5284,16935,1194,0,1194
5285,16936,2111,0,2111
5286,16937,152,0,152
5287,16938,711,0,711
5288,16939,198,0,198
5289,16940,58,0,58
5290,16941,48,0,48
5291,16942,716,0,716
5292,16943,462,0,462
5293,16946,2524,0,2524
5294,16947,4759,0,4759
5295,16948,1669,0,1669
5296,16950,3463,0,3463
5297,17002,665,0,665
5298,17003,12329,8198,4131
5299,17004,5414,0,5414
5300,17005,309,0,309
5301,17006,1071,0,1071
5302,17007,5954,3683,2271
5303,17009,1920,1879,41
5304,17010,113,113,0
5305,17011,36184,36184,0
5306,17013,36578,33986,2592
5307,17014,213,0,213
5308,17015,22316,7901,14415
5309,17016,508,398,110
5310,17017,1723,0,1723
5311,17018,4324,1869,2455
5312,17019,19156,9722,9434
5313,17020,8587,320,8267
5314,17021,875,0,875
5315,17022,31163,24763,6400
5316,17023,3298,0,3298
5317,17024,1964,0,1964
5318,17025,17664,15740,1924
5319,17026,3651,1475,2176
5320,17027,3420,3420,0
5321,17028,3448,970,2478
5322,17029,350,0,350
5323,17030,523,0,523
5324,17032,7816,92,7724
5325,17033,16414,14231,2183
5326,17034,2765,2765,0
5327,17035,734,0,734
5328,17036,24146,21237,2909
5329,17037,993,0,993
5330,17038,7842,4233,3609
5331,17039,34,0,34
5332,17040,2555,0,2555
5333,17041,194,0,194
5334,17042,40618,33624,6994
5335,17043,6184,6184,0
5336,17044,20681,13859,6822
5337,17045,3322,0,3322
5338,17046,31272,26173,5099
5339,17047,2688,0,2688
5340,17048,4006,0,4006
5341,17049,3121,0,3121
5342,17050,42722,41313,1409
5343,17051,4425,0,4425
5344,17052,1514,0,1514
5345,17053,5127,2755,2372
5346,17054,147,0,147
5347,17055,40353,36279,4074
5348,17056,57,0,57
5349,17057,23112,20733,2379
5350,17058,1779,0,1779
5351,17059,7655,0,7655
5352,17060,1152,0,1152
5353,17061,6966,4283,2683
5354,17062,4096,0,4096
5355,17063,3484,1683,1801
5356,17064,847,0,847
5357,17065,4265,0,4265
5358,17066,4883,0,4883
5359,17067,15677,8801,6876
5360,17068,4302,0,4302
5361,17069,316,0,316
5362,17070,16359,15924,435
5363,17071,151,0,151
5364,17073,5927,2620,3307
5365,17074,7552,0,7552
5366,17075,119,0,119
5367,17076,36,0,36
5368,17077,105,0,105
5369,17078,23496,20765,2731
5370,17080,292,0,292
5371,17081,443,356,87
5372,17082,3282,0,3282
5373,17084,4341,2527,1814
5374,17086,2343,0,2343
5375,17087,2787,1584,1203
5376,17088,668,0,668
5377,17090,5093,0,5093
5378,17093,705,705,0
5379,17094,2339,0,2339
5380,17097,845,0,845
5381,17098,2397,0,2397
5382,17099,1158,1051,107
5383,17101,2901,2901,0
5384,17102,7989,7989,0
5385,17103,12225,12225,0
5386,17104,20058,20058,0
5387,17109,25232,25232,0
5388,17110,27239,26983,256
5389,17111,36557,36215,342
5390,17112,37137,32718,4419
5391,17113,11649,11649,0
5392,17120,4,4,0
5393,17201,27556,26694,862
5394,17202,30805,17557,13248
5395,17210,241,0,241
5396,17211,407,0,407
5397,17212,635,0,635
5398,17213,535,0,535
5399,17214,1093,966,127
5400,17215,256,0,256
5401,17217,148,0,148
5402,17219,515,0,515
5403,17220,568,0,568
5404,17221,538,0,538
5405,17222,11224,5708,5516
5406,17223,287,0,287
5407,17224,1742,0,1742
5408,17225,20199,9135,11064
5409,17228,1121,0,1121
5410,17229,1252,0,1252
5411,17232,25,0,25
5412,17233,5143,0,5143
5413,17235,559,529,30
5414,17236,8620,0,8620
5415,17237,1765,0,1765
5416,17238,1748,0,1748
5417,17239,264,0,264
5418,17240,3598,0,3598
5419,17241,11878,0,11878
5420,17243,1348,0,1348
5421,17244,2362,0,2362
5422,17246,282,0,282
5423,17247,391,0,391
5424,17249,379,0,379
5425,17250,111,111,0
5426,17251,140,0,140
5427,17252,4000,0,4000
5428,17253,318,0,318
5429,17254,416,365,51
5430,17255,960,0,960
5431,17257,28673,16739,11934
5432,17260,1193,0,1193
5433,17261,0,0,0
5434,17262,1029,0,1029
5435,17263,661,661,0
5436,17264,2336,0,2336
5437,17265,448,0,448
5438,17266,552,275,277
5439,17267,2799,0,2799
5440,17268,29587,20111,9476
5441,17271,552,0,552
5442,17301,4280,0,4280
5443,17302,3205,0,3205
5444,17303,420,0,420
5445,17304,3097,0,3097
5446,17306,565,0,565
5447,17307,5368,0,5368
5448,17309,2065,0,2065
5449,17311,256,0,256
5450,17313,10755,10274,481
5451,17314,5973,0,5973
5452,17315,26317,17175,9142
5453,17316,8357,0,8357
5454,17317,528,0,528
5455,17318,507,507,0
5456,17319,10950,8892,2058
5457,17320,8004,0,8004
5458,17321,2306,0,2306
5459,17322,5978,0,5978
5460,17323,88,73,15
5461,17324,4232,0,4232
5462,17325,27879,14733,13146
5463,17327,7753,86,7667
5464,17329,2665,0,2665
5465,17331,55458,45876,9582
5466,17339,6704,1356,5348
5467,17340,11238,6442,4796
5468,17342,309,292,17
5469,17343,209,0,209
5470,17344,3676,3676,0
5471,17345,8122,7020,1102
5472,17347,6578,5497,1081
5473,17349,8084,5706,2378
5474,17350,13391,7160,6231
5475,17352,1205,0,1205
5476,17353,3196,0,3196
5477,17355,249,143,106
5478,17356,23176,17737,5439
5479,17360,6398,2422,3976
5480,17361,5961,5917,44
5481,17362,13935,3722,10213
5482,17363,9122,242,8880
5483,17364,4075,1018,3057
5484,17365,2712,0,2712
5485,17366,5648,3072,2576
5486,17368,7432,3380,4052
5487,17370,6457,4690,1767
5488,17371,262,0,262
5489,17372,4072,0,4072
5490,17401,18771,18771,0
5491,17402,36978,36929,49
5492,17403,40344,38701,1643
5493,17404,37745,36661,1084
5494,17406,23700,16915,6785
5495,17407,2277,2226,51
5496,17408,24187,18893,5294
5497,17501,4637,4586,51
5498,17502,2704,0,2704
5499,17504,148,148,0
5500,17505,2018,499,1519
5501,17506,250,250,0
5502,17507,78,0,78
5503,17508,1020,1020,0
5504,17509,5066,0,5066
5505,17512,18267,16404,1863
5506,17516,4512,0,4512
5507,17517,16092,7733,8359
5508,17518,1325,0,1325
5509,17519,7134,2342,4792
5510,17520,4863,4863,0
5511,17522,33848,26270,7578
5512,17527,6550,2674,3876
5513,17529,4472,799,3673
5514,17532,3429,0,3429
5515,17534,116,0,116
5516,17535,2871,982,1889
5517,17536,2841,0,2841
5518,17538,7064,7064,0
5519,17540,10821,7902,2919
5520,17543,45320,38124,7196
5521,17545,22718,12500,10218
5522,17547,8166,6892,1274
5523,17550,765,765,0
5524,17551,11056,9902,1154
5525,17552,20393,17273,3120
5526,17554,8042,8011,31
5527,17555,7464,0,7464
5528,17557,14761,8678,6083
5529,17560,5253,0,5253
5530,17562,4655,1351,3304
5531,17563,4016,0,4016
5532,17565,2646,0,2646
5533,17566,12724,0,12724
5534,17568,132,0,132
5535,17569,6198,3478,2720
5536,17570,263,263,0
5537,17572,3972,1107,2865
5538,17576,145,145,0
5539,17578,6896,3760,3136
5540,17579,6662,0,6662
5541,17581,233,0,233
5542,17582,1948,0,1948
5543,17584,10409,7615,2794
5544,17601,55710,54881,829
5545,17602,52665,50681,1984
5546,17603,66739,63970,2769
5547,17606,1183,1183,0
5548,17701,43197,39050,4147
5549,17702,10378,7462,2916
5550,17720,251,0,251
5551,17721,1777,1760,17
5552,17723,40,0,40
5553,17724,4711,0,4711
5554,17727,37,0,37
5555,17728,4935,962,3973
5556,17729,122,0,122
5557,17730,198,198,0
5558,17731,239,0,239
5559,17737,6292,3439,2853
5560,17739,39,0,39
5561,17740,12371,5836,6535
5562,17742,45,0,45
5563,17744,2891,465,2426
5564,17745,17096,14162,2934
5565,17747,3219,0,3219
5566,17748,377,285,92
5567,17749,291,0,291
5568,17750,119,0,119
5569,17751,7189,2474,4715
5570,17752,4885,0,4885
5571,17754,12458,7216,5242
5572,17756,12458,4294,8164
5573,17758,950,0,950
5574,17760,616,0,616
5575,17762,459,0,459
5576,17763,296,0,296
5577,17764,2097,0,2097
5578,17765,1134,0,1134
5579,17768,305,0,305
5580,17769,35,0,35
5581,17771,3041,0,3041
5582,17772,2433,0,2433
5583,17774,1060,0,1060
5584,17776,227,0,227
5585,17777,6769,3699,3070
5586,17778,94,0,94
5587,17779,174,117,57
5588,17801,16332,10628,5704
5589,17810,5270,239,5031
5590,17812,1553,0,1553
5591,17813,2046,0,2046
5592,17814,4673,0,4673
5593,17815,28936,20924,8012
5594,17820,5459,1515,3944
5595,17821,18663,9013,9650
5596,17822,27,27,0
5597,17823,1225,0,1225
5598,17824,3997,2058,1939
5599,17827,718,0,718
5600,17829,193,0,193
5601,17830,2017,0,2017
5602,17832,581,541,40
5603,17834,3411,3345,66
5604,17835,69,0,69
5605,17836,184,0,184
5606,17837,18734,13680,5054
5607,17840,295,0,295
5608,17841,4497,0,4497
5609,17842,8631,0,8631
5610,17844,9996,0,9996
5611,17845,2207,0,2207
5612,17846,3693,0,3693
5613,17847,11703,8441,3262
5614,17850,595,566,29
5615,17851,7256,6857,399
5616,17853,3073,0,3073
5617,17855,924,0,924
5618,17856,3473,694,2779
5619,17857,7743,5838,1905
5620,17858,76,0,76
5621,17859,2993,286,2707
5622,17860,2172,69,2103
5623,17861,216,0,216
5624,17862,423,0,423
5625,17864,2476,0,2476
5626,17865,57,0,57
5627,17866,10105,8519,1586
5628,17867,181,0,181
5629,17868,774,774,0
5630,17870,14730,10194,4536
5631,17872,9223,7072,2151
5632,17876,1688,1589,99
5633,17878,1569,0,1569
5634,17880,71,0,71
5635,17881,1477,0,1477
5636,17884,208,0,208
5637,17885,221,0,221
5638,17886,777,777,0
5639,17887,305,305,0
5640,17888,297,0,297
5641,17889,2979,11,2968
5642,17901,22608,18912,3696
5643,17920,279,0,279
5644,17921,7038,2672,4366
5645,17922,4814,0,4814
5646,17923,364,0,364
5647,17925,377,0,377
5648,17929,1611,1611,0
5649,17930,405,319,86
5650,17931,8796,6169,2627
5651,17933,140,99,41
5652,17934,327,242,85
5653,17935,1528,1406,122
5654,17936,768,0,768
5655,17938,2379,0,2379
5656,17941,766,0,766
5657,17943,158,0,158
5658,17944,172,158,14
5659,17945,171,171,0
5660,17946,292,0,292
5661,17948,4258,3720,538
5662,17949,230,200,30
5663,17951,299,299,0
5664,17952,245,0,245
5665,17953,435,0,435
5666,17954,4606,4606,0
5667,17957,362,0,362
5668,17959,1341,976,365
5669,17960,3902,0,3902
5670,17961,6659,3605,3054
5671,17963,9013,0,9013
5672,17964,769,0,769
5673,17965,1990,1912,78
5674,17967,2364,0,2364
5675,17968,370,0,370
5676,17970,2949,2936,13
5677,17972,11994,8118,3876
5678,17974,314,314,0
5679,17976,5933,5414,519
5680,17978,502,0,502
5681,17979,93,0,93
5682,17980,3246,0,3246
5683,17981,2652,0,2652
5684,17982,375,0,375
5685,17983,1521,0,1521
5686,17985,1299,0,1299
5687,18011,5859,4009,1850
5688,18012,41,41,0
5689,18013,17436,9945,7491
5690,18014,11560,5812,5748
5691,18015,33286,32788,498
5692,18017,39663,39096,567
5693,18018,32388,32388,0
5694,18020,20582,20582,0
5695,18030,487,429,58
5696,18031,11369,9829,1540
5697,18032,9489,9423,66
5698,18034,9271,8258,1013
5699,18035,195,0,195
5700,18036,14084,8718,5366
5701,18037,7444,6176,1268
5702,18038,3180,0,3180
5703,18040,16980,15771,1209
5704,18041,5632,3453,2179
5705,18042,44026,40437,3589
5706,18045,30317,30309,8
5707,18046,66,66,0
5708,18049,18440,16048,2392
5709,18051,3343,2806,537
5710,18052,29317,29064,253
5711,18053,2347,0,2347
5712,18054,4615,1809,2806
5713,18055,12077,8015,4062
5714,18056,951,805,146
5715,18058,9655,0,9655
5716,18059,1158,827,331
5717,18062,25802,23063,2739
5718,18063,552,0,552
5719,18064,27696,21722,5974
5720,18065,189,189,0
5721,18066,5834,0,5834
5722,18067,19800,14048,5752
5723,18069,7863,5545,2318
5724,18070,875,304,571
5725,18071,10688,6307,4381
5726,18072,6734,5013,1721
5727,18073,11028,7992,3036
5728,18074,5534,170,5364
5729,18076,2868,2868,0
5730,18077,2403,0,2403
5731,18078,6996,5023,1973
5732,18079,415,0,415
5733,18080,11454,6690,4764
5734,18081,316,0,316
5735,18083,679,679,0
5736,18085,1042,1042,0
5737,18086,224,0,224
5738,18087,747,747,0
5739,18088,8603,2821,5782
5740,18091,5767,3729,2038
5741,18092,3297,0,3297
5742,18101,5108,5108,0
5743,18102,51567,51567,0
5744,18103,48358,48108,250
5745,18104,47289,46170,1119
5746,18106,7477,7408,69
5747,18109,18915,18915,0
5748,18195,0,0,0
5749,18201,31310,30505,805
5750,18202,13894,12079,1815
5751,18210,8787,0,8787
5752,18211,1283,0,1283
5753,18212,42,0,42
5754,18214,2097,0,2097
5755,18216,1270,897,373
5756,18218,2426,2211,215
5757,18219,1331,1331,0
5758,18220,351,0,351
5759,18221,314,96,218
5760,18222,9114,518,8596
5761,18223,74,0,74
5762,18224,6377,5658,719
5763,18225,113,113,0
5764,18229,8322,3522,4800
5765,18230,112,0,112
5766,18231,497,497,0
5767,18232,4222,4119,103
5768,18234,411,411,0
5769,18235,19139,8032,11107
5770,18237,3463,2852,611
5771,18239,137,137,0
5772,18240,3838,0,3838
5773,18241,439,0,439
5774,18242,248,0,248
5775,18244,316,172,144
5776,18245,364,0,364
5777,18246,154,0,154
5778,18248,509,0,509
5779,18249,4151,914,3237
5780,18250,3046,2404,642
5781,18252,11016,6424,4592
5782,18254,832,606,226
5783,18255,4337,0,4337
5784,18256,241,0,241
5785,18301,29184,25490,3694
5786,18302,17685,0,17685
5787,18321,1866,1782,84
5788,18322,2511,0,2511
5789,18323,349,0,349
5790,18324,9739,0,9739
5791,18325,2284,0,2284
5792,18326,4291,0,4291
5793,18327,641,641,0
5794,18328,8080,0,8080
5795,18330,8351,0,8351
5796,18331,562,0,562
5797,18332,2843,869,1974
5798,18333,212,0,212
5799,18334,4312,3027,1285
5800,18335,1241,0,1241
5801,18336,3707,3087,620
5802,18337,15519,2261,13258
5803,18340,157,0,157
5804,18342,490,0,490
5805,18343,3819,0,3819
5806,18344,3497,3129,368
5807,18346,2711,2061,650
5808,18347,3283,69,3214
5809,18349,139,0,139
5810,18350,1837,1698,139
5811,18351,494,0,494
5812,18353,11992,0,11992
5813,18354,1103,0,1103
5814,18355,1514,232,1282
5815,18356,179,0,179
5816,18357,120,0,120
5817,18360,29079,17538,11541
5818,18370,829,0,829
5819,18371,894,0,894
5820,18372,2673,1559,1114
5821,18403,7369,7032,337
5822,18405,2353,0,2353
5823,18407,14047,10965,3082
5824,18411,22851,17755,5096
5825,18413,25,0,25
5826,18414,5194,1264,3930
5827,18415,1247,0,1247
5828,18417,1041,0,1041
5829,18419,4556,1223,3333
5830,18420,169,0,169
5831,18421,4573,0,4573
5832,18424,5598,0,5598
5833,18425,1263,0,1263
5834,18426,3883,1532,2351
5835,18428,12314,1825,10489
5836,18430,70,0,70
5837,18431,12602,4969,7633
5838,18433,6416,4139,2277
5839,18434,4093,4083,10
5840,18435,1055,0,1055
5841,18436,13576,0,13576
5842,18437,168,0,168
5843,18438,1186,0,1186
5844,18439,474,0,474
5845,18440,56,9,47
5846,18441,316,0,316
5847,18443,494,0,494
5848,18444,13540,0,13540
5849,18445,2260,0,2260
5850,18446,3451,0,3451
5851,18447,10362,8571,1791
5852,18451,388,182,206
5853,18452,4950,4950,0
5854,18453,1182,0,1182
5855,18454,89,0,89
5856,18455,134,0,134
5857,18456,337,0,337
5858,18457,96,0,96
5859,18458,3092,0,3092
5860,18460,184,0,184
5861,18461,313,0,313
5862,18462,443,0,443
5863,18463,144,0,144
5864,18464,1368,291,1077
5865,18465,1385,0,1385
5866,18466,17000,14689,2311
5867,18469,405,0,405
5868,18470,2057,0,2057
5869,18471,722,447,275
5870,18472,7071,0,7071
5871,18473,381,377,4
5872,18503,1792,1792,0
5873,18504,21267,20582,685
5874,18505,20982,20531,451
5875,18507,4968,4968,0
5876,18508,11664,11400,264
5877,18509,13720,13720,0
5878,18510,14110,14110,0
5879,18512,12081,12042,39
5880,18517,5253,5253,0
5881,18518,8497,8392,105
5882,18519,5000,5000,0
5883,18602,291,0,291
5884,18603,18728,13954,4774
5885,18610,4810,0,4810
5886,18612,18210,9627,8583
5887,18614,2110,0,2110
5888,18615,1716,0,1716
5889,18616,726,0,726
5890,18617,1644,0,1644
5891,18618,3732,1968,1764
5892,18619,180,0,180
5893,18621,5014,2,5012
5894,18622,247,0,247
5895,18623,2540,0,2540
5896,18624,549,0,549
5897,18625,222,0,222
5898,18626,556,0,556
5899,18627,9,0,9
5900,18628,243,0,243
5901,18629,1666,0,1666
5902,18630,3013,0,3013
5903,18631,1122,1042,80
5904,18632,346,0,346
5905,18634,13702,12717,985
5906,18635,3773,1448,2325
5907,18636,1409,0,1409
5908,18640,16351,15428,923
5909,18641,6608,6608,0
5910,18642,4547,4456,91
5911,18643,12165,9857,2308
5912,18644,7336,5380,1956
5913,18651,8723,8023,700
5914,18655,5881,0,5881
5915,18656,2106,0,2106
5916,18657,10793,0,10793
5917,18660,3578,0,3578
5918,18661,5611,0,5611
5919,18701,4658,4658,0
5920,18702,42133,39945,2188
5921,18704,31138,30715,423
5922,18705,14832,14832,0
5923,18706,16338,15174,1164
5924,18707,16042,10520,5522
5925,18708,8988,6316,2672
5926,18709,2779,2779,0
5927,18801,7829,0,7829
5928,18810,6075,3691,2384
5929,18812,1333,0,1333
5930,18814,147,0,147
5931,18816,100,0,100
5932,18817,115,0,115
5933,18818,1181,0,1181
5934,18820,40,0,40
5935,18821,1031,0,1031
5936,18822,3200,0,3200
5937,18823,154,0,154
5938,18824,1146,0,1146
5939,18825,169,0,169
5940,18826,1594,0,1594
5941,18828,210,0,210
5942,18829,786,0,786
5943,18830,702,0,702
5944,18831,1207,89,1118
5945,18832,1618,0,1618
5946,18833,1879,0,1879
5947,18834,3349,0,3349
5948,18837,2940,0,2940
5949,18840,10505,8395,2110
5950,18842,191,0,191
5951,18843,273,0,273
5952,18844,1443,0,1443
5953,18845,386,0,386
5954,18846,717,0,717
5955,18847,5139,0,5139
5956,18848,8672,3798,4874
5957,18850,2399,0,2399
5958,18851,689,0,689
5959,18853,4086,0,4086
5960,18854,1299,231,1068
5961,18901,28395,27810,585
5962,18902,22236,17927,4309
5963,18912,314,234,80
5964,18913,290,0,290
5965,18914,21475,20341,1134
5966,18915,1668,1668,0
5967,18917,2227,2184,43
5968,18920,480,0,480
5969,18921,264,0,264
5970,18923,1198,850,348
5971,18925,6679,5209,1470
5972,18927,167,0,167
5973,18929,8819,8328,491
5974,18930,2350,0,2350
5975,18932,524,197,327
5976,18933,198,0,198
5977,18935,254,254,0
5978,18936,253,253,0
5979,18938,14301,6324,7977
5980,18940,30280,25137,5143
5981,18942,3118,0,3118
5982,18944,26396,19701,6695
5983,18946,543,0,543
5984,18947,6089,1604,4485
5985,18950,89,0,89
5986,18951,36111,25319,10792
5987,18954,9574,9245,329
5988,18955,1664,1353,311
5989,18960,13561,11123,2438
5990,18962,323,323,0
5991,18964,14366,14366,0
5992,18966,38079,38079,0
5993,18969,15808,13563,2245
5994,18970,666,635,31
5995,18972,3173,0,3173
5996,18974,42507,41406,1101
5997,18976,22395,22395,0
5998,18977,4354,3666,688
5999,18980,238,0,238
6000,19001,17215,17215,0
6001,19002,33279,33279,0
6002,19003,13984,13984,0
6003,19004,10668,10668,0
6004,19006,23148,23148,0
6005,19007,21849,21849,0
6006,19008,21008,21008,0
6007,19009,1220,1220,0
6008,19010,21270,21270,0
6009,19012,6699,6699,0
6010,19013,34252,34252,0
6011,19014,21642,21642,0
6012,19015,16260,16260,0
6013,19017,200,139,61
6014,19018,23664,23664,0
6015,19020,57043,57043,0
6016,19021,10001,10001,0
6017,19022,3797,3797,0
6018,19023,22180,22180,0
6019,19025,6033,6033,0
6020,19026,32021,32021,0
6021,19027,19170,19170,0
6022,19029,3979,3979,0
6023,19030,12504,12504,0
6024,19031,5326,5326,0
6025,19032,6792,6792,0
6026,19033,7798,7798,0
6027,19034,6685,6685,0
6028,19035,4096,4096,0
6029,19036,13102,13102,0
6030,19038,32490,32490,0
6031,19040,22396,22396,0
6032,19041,6526,6526,0
6033,19043,2737,2737,0
6034,19044,16273,16273,0
6035,19046,19669,19669,0
6036,19047,35452,35452,0
6037,19050,29176,29176,0
6038,19052,412,412,0
6039,19053,28179,28179,0
6040,19054,17659,17659,0
6041,19055,13783,13783,0
6042,19056,15858,15858,0
6043,19057,16916,16916,0
6044,19060,11646,11646,0
6045,19061,20207,20207,0
6046,19063,38338,37877,461
6047,19064,25045,25045,0
6048,19066,6107,6107,0
6049,19067,53153,53107,46
6050,19070,7306,7306,0
6051,19072,10008,10008,0
6052,19073,20853,20150,703
6053,19074,5943,5943,0
6054,19075,7698,7698,0
6055,19076,6488,6488,0
6056,19078,11453,11453,0
6057,19079,9371,9371,0
6058,19081,10803,10803,0
6059,19082,42761,42761,0
6060,19083,36964,36964,0
6061,19085,11313,11313,0
6062,19086,12270,12270,0
6063,19087,33501,33501,0
6064,19090,20180,20180,0
6065,19094,4426,4426,0
6066,19095,7880,7880,0
6067,19096,15390,15390,0
6068,19102,7568,7568,0
6069,19103,28717,28717,0
6070,19104,56839,56839,0
6071,19106,15190,15190,0
6072,19107,17600,17600,0
6073,19108,39,39,0
6074,19109,26,26,0
6075,19111,67017,67017,0
6076,19112,3,3,0
6077,19113,4,4,0
6078,19114,32645,32645,0
6079,19115,35919,35919,0
6080,19116,35610,35610,0
6081,19118,9728,9728,0
6082,19119,27265,27265,0
6083,19120,66177,66177,0
6084,19121,41799,41799,0
6085,19122,26668,26668,0
6086,19123,18793,18793,0
6087,19124,68766,68766,0
6088,19125,25325,25325,0
6089,19126,16159,16159,0
6090,19127,6929,6929,0
6091,19128,36808,36808,0
6092,19129,11437,11437,0
6093,19130,31477,31477,0
6094,19131,42705,42705,0
6095,19132,33926,33926,0
6096,19133,24772,24772,0
6097,19134,57463,57463,0
6098,19135,35422,35422,0
6099,19136,39151,39151,0
6100,19137,8682,8682,0
6101,19138,31816,31816,0
6102,19139,43281,43281,0
6103,19140,52124,52124,0
6104,19141,31047,31047,0
6105,19142,29565,29565,0
6106,19143,64648,64648,0
6107,19144,44481,44481,0
6108,19145,47079,47079,0
6109,19146,41920,41920,0
6110,19147,41096,41096,0
6111,19148,53976,53976,0
6112,19149,60408,60408,0
6113,19150,23126,23126,0
6114,19151,30394,30394,0
6115,19152,35911,35911,0
6116,19153,11985,11985,0
6117,19154,34681,34681,0
6118,19301,7542,7461,81
6119,19310,2898,0,2898
6120,19311,9556,8632,924
6121,19312,11848,11383,465
6122,19316,166,0,166
6123,19317,10714,7036,3678
6124,19319,824,132,692
6125,19320,54149,43581,10568
6126,19330,5705,0,5705
6127,19333,7734,7734,0
6128,19335,52406,50371,2035
6129,19341,18808,18808,0
6130,19342,20550,19823,727
6131,19343,8711,3431,5280
6132,19344,12869,1995,10874
6133,19345,788,788,0
6134,19348,22606,19745,2861
6135,19350,11030,6297,4733
6136,19352,10495,5071,5424
6137,19355,29273,25286,3987
6138,19358,318,318,0
6139,19362,5888,1335,4553
6140,19363,18104,9031,9073
6141,19365,7410,5128,2282
6142,19367,188,188,0
6143,19369,252,252,0
6144,19372,2348,2348,0
6145,19373,2648,2519,129
6146,19374,988,882,106
6147,19375,212,119,93
6148,19380,50692,49864,828
6149,19382,52498,48466,4032
6150,19383,5053,5053,0
6151,19390,14101,10904,3197
6152,19401,43414,43414,0
6153,19403,43734,42966,768
6154,19405,5558,5558,0
6155,19406,28553,28552,1
6156,19422,20117,20117,0
6157,19425,16352,11014,5338
6158,19426,43541,41743,1798
6159,19428,19690,19690,0
6160,19435,224,0,224
6161,19436,573,573,0
6162,19437,955,955,0
6163,19438,25134,21939,3195
6164,19440,19683,19090,593
6165,19442,61,61,0
6166,19444,10806,10806,0
6167,19446,58930,58715,215
6168,19453,1338,1338,0
6169,19454,28833,28833,0
6170,19456,302,302,0
6171,19457,103,103,0
6172,19460,43611,41598,2013
6173,19462,16267,16267,0
6174,19464,48409,47860,549
6175,19465,18217,10458,7759
6176,19468,27869,27830,39
6177,19472,92,0,92
6178,19473,16028,12447,3581
6179,19474,682,682,0
6180,19475,12028,8780,3248
6181,19477,126,126,0
6182,19490,316,188,128
6183,19492,941,0,941
6184,19501,906,892,14
6185,19503,1270,1213,57
6186,19504,5343,1575,3768
6187,19505,3397,2196,1201
6188,19506,7443,0,7443
6189,19507,3434,0,3434
6190,19508,15855,10393,5462
6191,19510,7717,7053,664
6192,19511,200,0,200
6193,19512,16928,9766,7162
6194,19516,140,138,2
6195,19518,16441,11105,5336
6196,19520,5932,0,5932
6197,19522,14098,5389,8709
6198,19523,170,0,170
6199,19525,16506,15228,1278
6200,19526,11139,6792,4347
6201,19529,2986,0,2986
6202,19530,14830,9087,5743
6203,19533,7710,3576,4134
6204,19534,2065,0,2065
6205,19535,96,0,96
6206,19536,443,421,22
6207,19538,124,116,8
6208,19539,4488,14,4474
6209,19540,11861,3766,8095
6210,19541,4200,825,3375
6211,19543,6256,0,6256
6212,19544,232,0,232
6213,19545,225,225,0
6214,19547,4429,270,4159
6215,19549,278,0,278
6216,19550,581,0,581
6217,19551,5075,2534,2541
6218,19554,337,0,337
6219,19555,3594,1935,1659
6220,19559,423,0,423
6221,19560,9290,7991,1299
6222,19562,2631,0,2631
6223,19564,171,0,171
6224,19565,8995,6598,2397
6225,19567,5710,3585,2125
6226,19601,35477,35477,0
6227,19602,19782,19733,49
6228,19604,29347,29320,27
6229,19605,21356,20730,626
6230,19606,35153,32210,2943
6231,19607,23431,22947,484
6232,19608,24378,20567,3811
6233,19609,10478,10478,0
6234,19610,16024,16024,0
6235,19611,11238,11238,0
6236,19701,42717,41613,1104
6237,19702,55653,55336,317
6238,19703,16175,16175,0
6239,19706,1938,0,1938
6240,19707,17274,16673,601
6241,19709,49599,35266,14333
6242,19710,108,0,108
6243,19711,48477,47978,499
6244,19713,31867,31867,0
6245,19716,42,42,0
6246,19717,6201,6201,0
6247,19720,61043,60868,175
6248,19730,472,472,0
6249,19731,329,0,329
6250,19732,223,141,82
6251,19733,320,320,0
6252,19734,14116,6113,8003
6253,19735,16,0,16
6254,19736,34,0,34
6255,19801,16219,16219,0
6256,19802,26189,26189,0
6257,19803,21886,21738,148
6258,19804,18292,18292,0
6259,19805,39985,39985,0
6260,19806,10083,10083,0
6261,19807,8089,5154,2935
6262,19808,39285,39285,0
6263,19809,14658,14658,0
6264,19810,25270,25270,0
6265,19901,36839,33817,3022
6266,19902,108,108,0
6267,19904,36880,30491,6389
6268,19930,2657,2657,0
6269,19931,258,0,258
6270,19933,9784,4579,5205
6271,19934,14243,9135,5108
6272,19936,329,329,0
6273,19938,10131,4506,5625
6274,19939,7357,4101,3256
6275,19940,6541,2321,4220
6276,19941,2857,0,2857
6277,19943,12523,6597,5926
6278,19944,519,519,0
6279,19945,8041,2880,5161
6280,19946,4932,2139,2793
6281,19947,20964,9921,11043
6282,19950,7095,0,7095
6283,19951,1986,694,1292
6284,19952,10621,4943,5678
6285,19953,4500,0,4500
6286,19954,1629,0,1629
6287,19955,191,0,191
6288,19956,16327,7361,8966
6289,19958,27911,24617,3294
6290,19960,7121,2031,5090
6291,19962,13692,13287,405
6292,19963,20827,15723,5104
6293,19964,1298,0,1298
6294,19966,32520,24292,8228
6295,19967,1802,1802,0
6296,19968,13800,4212,9588
6297,19970,8591,8591,0
6298,19971,14348,14296,52
6299,19973,25550,17207,8343
6300,19975,10476,6031,4445
6301,19977,27505,22028,5477
6302,19979,722,429,293
6303,19980,235,235,0
6304,20001,49040,49040,0
6305,20002,69422,69422,0
6306,20003,36501,36501,0
6307,20004,1682,1682,0
6308,20005,12953,12953,0
6309,20006,1599,1599,0
6310,20007,26827,26827,0
6311,20008,30143,30143,0
6312,20009,53357,53357,0
6313,20010,32663,32663,0
6314,20011,67815,67815,0
6315,20012,15485,15485,0
6316,20015,16628,16628,0
6317,20016,35068,35068,0
6318,20017,20293,20293,0
6319,20018,20646,20646,0
6320,20019,59601,59601,0
6321,20020,51616,51616,0
6322,20024,15952,15952,0
6323,20032,38904,38904,0
6324,20036,6109,6109,0
6325,20037,14945,14945,0
6326,20045,7,7,0
6327,20052,3691,3691,0
6328,20057,4091,4091,0
6329,20059,1717,1717,0
6330,20064,1914,1914,0
6331,20105,34475,33313,1162
6332,20106,4554,0,4554
6333,20109,43849,43555,294
6334,20110,49120,49120,0
6335,20111,38883,38539,344
6336,20112,29459,26234,3225
6337,20115,6536,0,6536
6338,20117,2746,0,2746
6339,20119,4263,0,4263
6340,20120,42697,41370,1327
6341,20121,28901,28527,374
6342,20124,14999,9927,5072
6343,20129,482,0,482
6344,20130,359,0,359
6345,20132,18483,8997,9486
6346,20135,2935,0,2935
6347,20136,31622,31154,468
6348,20137,1801,16,1785
6349,20141,8178,5152,3026
6350,20143,1124,0,1124
6351,20144,1096,0,1096
6352,20147,66394,66380,14
6353,20148,61793,60225,1568
6354,20151,22653,22588,65
6355,20152,37013,36153,860
6356,20155,37218,35226,1992
6357,20158,4639,2326,2313
6358,20164,40888,40888,0
6359,20165,33777,33777,0
6360,20166,14164,14164,0
6361,20169,28182,22574,5608
6362,20170,42756,42756,0
6363,20171,51759,51759,0
6364,20175,33245,23515,9730
6365,20176,51777,44758,7019
6366,20180,8073,0,8073
6367,20181,9765,1141,8624
6368,20184,735,0,735
6369,20186,15171,10080,5091
6370,20187,18888,14357,4531
6371,20190,20957,20957,0
6372,20191,29948,29948,0
6373,20194,13171,13171,0
6374,20197,2558,0,2558
6375,20198,2440,0,2440
6376,20204,0,0,0
6377,20220,0,0,0
6378,20230,0,0,0
6379,20240,0,0,0
6380,20245,0,0,0
6381,20250,0,0,0
6382,20260,0,0,0
6383,20317,49,49,0
6384,20319,72,72,0
6385,20373,396,396,0
6386,20388,0,0,0
6387,20390,255,255,0
6388,20408,13,13,0
6389,20415,0,0,0
6390,20418,0,0,0
6391,20422,47,47,0
6392,20427,0,0,0
6393,20431,0,0,0
6394,20510,0,0,0
6395,20515,4,4,0
6396,20520,0,0,0
6397,20530,0,0,0
6398,20535,8,8,0
6399,20540,0,0,0
6400,20542,12,12,0
6401,20551,0,0,0
6402,20560,0,0,0
6403,20565,0,0,0
6404,20566,5,5,0
6405,20591,15,15,0
6406,20601,27789,22752,5037
6407,20602,28736,28346,390
6408,20603,32485,32480,5
6409,20606,251,0,251
6410,20607,12762,11473,1289
6411,20608,878,0,878
6412,20609,1076,0,1076
6413,20611,1100,0,1100
6414,20612,232,0,232
6415,20613,15726,6460,9266
6416,20615,379,0,379
6417,20616,7356,6739,617
6418,20617,761,0,761
6419,20618,1073,0,1073
6420,20619,14179,12634,1545
6421,20620,1588,861,727
6422,20621,1214,0,1214
6423,20622,4741,0,4741
6424,20623,2846,2763,83
6425,20624,1138,0,1138
6426,20625,848,0,848
6427,20626,403,0,403
6428,20628,599,0,599
6429,20629,1188,1188,0
6430,20630,586,0,586
6431,20632,538,0,538
6432,20634,6984,6011,973
6433,20636,10615,917,9698
6434,20637,6111,0,6111
6435,20639,15344,0,15344
6436,20640,9949,6255,3694
6437,20645,769,0,769
6438,20646,20411,10536,9875
6439,20650,15298,6092,9206
6440,20653,25180,21659,3521
6441,20656,106,0,106
6442,20657,20042,16579,3463
6443,20658,968,0,968
6444,20659,24427,0,24427
6445,20660,107,0,107
6446,20661,0,0,0
6447,20662,2564,0,2564
6448,20664,2940,0,2940
6449,20667,471,192,279
6450,20670,1226,849,377
6451,20674,718,0,718
6452,20675,1728,0,1728
6453,20676,3462,0,3462
6454,20677,2475,0,2475
6455,20678,12818,0,12818
6456,20680,944,0,944
6457,20684,1193,0,1193
6458,20685,6648,0,6648
6459,20686,977,0,977
6460,20687,304,0,304
6461,20688,1462,1462,0
6462,20689,1915,0,1915
6463,20690,954,0,954
6464,20692,738,0,738
6465,20693,1067,0,1067
6466,20695,13318,12244,1074
6467,20701,1195,1195,0
6468,20705,29456,28834,622
6469,20706,43623,43623,0
6470,20707,37702,37702,0
6471,20708,27832,27237,595
6472,20710,9850,9850,0
6473,20711,7193,2208,4985
6474,20712,9526,9526,0
6475,20714,4036,4036,0
6476,20715,27127,26731,396
6477,20716,22874,22324,550
6478,20720,25702,25285,417
6479,20721,29847,29847,0
6480,20722,6498,6498,0
6481,20723,35353,35353,0
6482,20724,19163,19007,156
6483,20732,10626,8558,2068
6484,20733,2806,0,2806
6485,20735,38200,33510,4690
6486,20736,9632,4332,5300
6487,20737,24555,24555,0
6488,20740,36930,36930,0
6489,20742,4769,4769,0
6490,20743,40709,40709,0
6491,20744,52747,52747,0
6492,20745,32024,32024,0
6493,20746,31635,31635,0
6494,20747,40696,40696,0
6495,20748,39689,39689,0
6496,20751,2374,0,2374
6497,20754,6913,0,6913
6498,20755,9324,9324,0
6499,20758,741,0,741
6500,20759,6562,5097,1465
6501,20762,3002,3002,0
6502,20763,2745,2745,0
6503,20764,4199,0,4199
6504,20765,466,0,466
6505,20769,7009,7002,7
6506,20770,28612,28561,51
6507,20771,3,3,0
6508,20772,51395,47091,4304
6509,20774,51984,50347,1637
6510,20776,3266,0,3266
6511,20777,3527,2057,1470
6512,20778,1871,0,1871
6513,20779,1272,0,1272
6514,20781,13662,13662,0
6515,20782,35356,35356,0
6516,20783,48946,48946,0
6517,20784,32567,32567,0
6518,20785,41636,41636,0
6519,20794,16658,16658,0
6520,20812,287,287,0
6521,20814,31919,31919,0
6522,20815,31517,31517,0
6523,20816,17035,17035,0
6524,20817,38908,38908,0
6525,20818,1832,1832,0
6526,20832,25969,25536,433
6527,20833,7913,4907,3006
6528,20837,6634,5685,949
6529,20838,218,0,218
6530,20839,176,0,176
6531,20841,9538,7474,2064
6532,20842,2021,0,2021
6533,20850,51045,51045,0
6534,20851,14327,14327,0
6535,20852,48347,48347,0
6536,20853,30611,30611,0
6537,20854,50698,46819,3879
6538,20855,17003,16668,335
6539,20860,2079,1777,302
6540,20861,3067,2452,615
6541,20862,453,0,453
6542,20866,15199,14828,371
6543,20868,671,420,251
6544,20871,28557,26403,2154
6545,20872,13349,10022,3327
6546,20874,62908,60389,2519
6547,20876,26034,25018,1016
6548,20877,37577,37577,0
6549,20878,65990,65665,325
6550,20879,26176,26158,18
6551,20880,504,504,0
6552,20882,13890,10075,3815
6553,20886,35649,35649,0
6554,20889,1010,1010,0
6555,20892,2,2,0
6556,20894,0,0,0
6557,20895,19753,19753,0
6558,20896,1019,1019,0
6559,20899,125,125,0
6560,20901,36537,36537,0
6561,20902,52533,52533,0
6562,20903,24103,24103,0
6563,20904,59051,59051,0
6564,20905,17700,16888,812
6565,20906,71641,71641,0
6566,20910,45610,45610,0
6567,20912,25463,25463,0
6568,21001,25714,22576,3138
6569,21005,1709,1285,424
6570,21009,31835,31835,0
6571,21010,153,82,71
6572,21012,22377,22377,0
6573,21013,4861,0,4861
6574,21014,38395,38325,70
6575,21015,30400,26783,3617
6576,21017,6526,6526,0
6577,21023,89,0,89
6578,21028,3172,0,3172
6579,21029,12919,9250,3669
6580,21030,26156,24318,1838
6581,21031,11,11,0
6582,21032,9180,5021,4159
6583,21034,3314,0,3314
6584,21035,8298,915,7383
6585,21036,2307,0,2307
6586,21037,21453,20241,1212
6587,21040,25138,25138,0
6588,21042,43147,36665,6482
6589,21043,48775,48610,165
6590,21044,44284,44284,0
6591,21045,39321,39321,0
6592,21046,16023,16023,0
6593,21047,12876,8472,4404
6594,21048,10774,5547,5227
6595,21050,18681,12672,6009
6596,21051,256,0,256
6597,21052,430,358,72
6598,21053,3199,0,3199
6599,21054,13970,11152,2818
6600,21056,329,0,329
6601,21057,4060,164,3896
6602,21060,38269,38269,0
6603,21061,57352,57352,0
6604,21071,619,384,235
6605,21074,15279,8969,6310
6606,21075,35900,35257,643
6607,21076,22299,22299,0
6608,21077,336,336,0
6609,21078,20321,16735,3586
6610,21082,815,0,815
6611,21084,7600,0,7600
6612,21085,17142,15035,2107
6613,21087,5634,1967,3667
6614,21090,10623,10623,0
6615,21093,38677,37939,738
6616,21102,12100,5573,6527
6617,21104,5686,3230,2456
6618,21105,56,0,56
6619,21108,18065,17114,951
6620,21111,5062,0,5062
6621,21113,35670,33566,2104
6622,21114,26404,26404,0
6623,21117,59154,57056,2098
6624,21120,7178,0,7178
6625,21122,62368,61980,388
6626,21128,14861,14818,43
6627,21130,140,127,13
6628,21131,7468,0,7468
6629,21132,2930,0,2930
6630,21133,30527,29939,588
6631,21136,34973,28656,6317
6632,21140,3625,3625,0
6633,21144,37295,36602,693
6634,21146,28593,28593,0
6635,21152,6045,2645,3400
6636,21153,865,430,435
6637,21154,6309,0,6309
6638,21155,2553,0,2553
6639,21156,259,94,165
6640,21157,38584,22743,15841
6641,21158,20917,10696,10221
6642,21160,2449,0,2449
6643,21161,5333,0,5333
6644,21162,5029,4946,83
6645,21163,7657,5288,2369
6646,21201,18382,18382,0
6647,21202,22247,22247,0
6648,21204,20967,20967,0
6649,21205,14691,14691,0
6650,21206,49470,49470,0
6651,21207,46595,46595,0
6652,21208,35007,34887,120
6653,21209,28659,28659,0
6654,21210,14441,14441,0
6655,21211,17721,17721,0
6656,21212,32317,32317,0
6657,21213,28217,28217,0
6658,21214,19344,19344,0
6659,21215,54198,54198,0
6660,21216,27729,27729,0
6661,21217,30448,30448,0
6662,21218,46238,46238,0
6663,21219,9594,9434,160
6664,21220,44568,44281,287
6665,21221,43381,42676,705
6666,21222,59062,59062,0
6667,21223,20438,20438,0
6668,21224,54266,54266,0
6669,21225,34138,34138,0
6670,21226,7368,7368,0
6671,21227,35837,35635,202
6672,21228,50418,50418,0
6673,21229,43464,43464,0
6674,21230,36660,36660,0
6675,21231,17062,17062,0
6676,21233,4,4,0
6677,21234,67308,67259,49
6678,21236,40555,40555,0
6679,21237,31477,31477,0
6680,21239,26605,26605,0
6681,21240,0,0,0
6682,21244,38015,36611,1404
6683,21250,3391,3391,0
6684,21251,277,277,0
6685,21252,5775,5775,0
6686,21285,2,2,0
6687,21286,21470,21460,10
6688,21287,0,0,0
6689,21401,39308,38712,596
6690,21402,1026,943,83
6691,21403,31521,31521,0
6692,21405,622,392,230
6693,21409,20326,20278,48
6694,21502,41153,34759,6394
6695,21520,2060,0,2060
6696,21521,1171,0,1171
6697,21523,271,0,271
6698,21524,500,350,150
6699,21529,651,463,188
6700,21530,1520,0,1520
6701,21531,2176,0,2176
6702,21532,13328,8357,4971
6703,21536,4029,0,4029
6704,21538,622,0,622
6705,21539,2536,0,2536
6706,21540,85,0,85
6707,21541,1626,0,1626
6708,21542,110,0,110
6709,21543,230,127,103
6710,21545,1719,0,1719
6711,21550,13499,4548,8951
6712,21555,1619,0,1619
6713,21557,1911,94,1817
6714,21560,35,0,35
6715,21561,2571,0,2571
6716,21562,2857,129,2728
6717,21601,23945,18033,5912
6718,21607,492,0,492
6719,21610,297,0,297
6720,21612,432,0,432
6721,21613,17967,14978,2989
6722,21617,10719,0,10719
6723,21619,6598,4739,1859
6724,21620,12726,7392,5334
6725,21622,475,0,475
6726,21623,2244,0,2244
6727,21624,201,0,201
6728,21625,2329,0,2329
6729,21626,101,0,101
6730,21627,27,0,27
6731,21628,496,0,496
6732,21629,9911,5009,4902
6733,21631,2644,0,2644
6734,21632,6616,0,6616
6735,21634,302,0,302
6736,21635,1969,0,1969
6737,21636,1186,0,1186
6738,21638,5058,2911,2147
6739,21639,4354,0,4354
6740,21640,1798,0,1798
6741,21641,128,0,128
6742,21643,5820,0,5820
6743,21644,93,0,93
6744,21645,1005,0,1005
6745,21647,248,0,248
6746,21648,233,0,233
6747,21649,1764,0,1764
6748,21650,206,0,206
6749,21651,2718,0,2718
6750,21652,161,0,161
6751,21653,124,0,124
6752,21654,1129,0,1129
6753,21655,4798,0,4798
6754,21657,1108,0,1108
6755,21658,3723,0,3723
6756,21659,1102,0,1102
6757,21660,3927,0,3927
6758,21661,2427,0,2427
6759,21662,668,0,668
6760,21663,3142,0,3142
6761,21664,472,0,472
6762,21665,291,0,291
6763,21666,12848,11224,1624
6764,21667,285,0,285
6765,21668,1745,0,1745
6766,21669,189,0,189
6767,21671,773,0,773
6768,21672,158,0,158
6769,21673,3122,0,3122
6770,21675,87,0,87
6771,21676,315,0,315
6772,21677,415,0,415
6773,21678,2145,0,2145
6774,21679,429,0,429
6775,21701,39629,36251,3378
6776,21702,46412,42824,3588
6777,21703,41138,38870,2268
6778,21704,19275,16969,2306
6779,21705,9,9,0
6780,21710,4769,3266,1503
6781,21711,1108,0,1108
6782,21713,9800,36,9764
6783,21714,358,358,0
6784,21715,87,0,87
6785,21716,6753,6490,263
6786,21717,199,159,40
6787,21718,134,0,134
6788,21719,1230,1112,118
6789,21722,5674,0,5674
6790,21723,937,0,937
6791,21727,6593,0,6593
6792,21733,1134,0,1134
6793,21734,845,792,53
6794,21737,2318,0,2318
6795,21738,3373,0,3373
6796,21740,65619,58800,6819
6797,21742,33069,28450,4619
6798,21746,2861,2861,0
6799,21750,3662,0,3662
6800,21754,7115,2057,5058
6801,21755,5627,21,5606
6802,21756,3669,0,3669
6803,21757,2870,0,2870
6804,21758,4809,1779,3030
6805,21762,233,0,233
6806,21766,633,0,633
6807,21767,1150,1150,0
6808,21769,11759,7004,4755
6809,21770,7575,2760,4815
6810,21771,30697,16424,14273
6811,21773,5410,0,5410
6812,21774,15496,13861,1635
6813,21776,5726,1054,4672
6814,21777,1890,0,1890
6815,21778,1145,0,1145
6816,21779,971,0,971
6817,21780,1688,34,1654
6818,21781,165,154,11
6819,21782,3866,0,3866
6820,21783,9306,4709,4597
6821,21784,40028,28312,11716
6822,21787,11066,7158,3908
6823,21788,11491,6789,4702
6824,21790,93,0,93
6825,21791,5292,0,5292
6826,21793,10447,8589,1858
6827,21794,2532,0,2532
6828,21795,9873,6826,3047
6829,21797,8956,0,8956
6830,21798,2366,0,2366
6831,21801,31183,28338,2845
6832,21804,40049,36183,3866
6833,21810,199,0,199
6834,21811,23907,19688,4219
6835,21813,2862,259,2603
6836,21814,342,0,342
6837,21817,4825,3509,1316
6838,21821,847,0,847
6839,21822,2548,171,2377
6840,21824,166,0,166
6841,21826,5436,5370,66
6842,21829,479,0,479
6843,21830,4217,207,4010
6844,21835,472,0,472
6845,21837,2647,0,2647
6846,21838,1717,0,1717
6847,21840,371,0,371
6848,21841,903,0,903
6849,21842,11104,11026,78
6850,21849,3162,319,2843
6851,21850,3167,0,3167
6852,21851,7229,0,7229
6853,21853,10179,6406,3773
6854,21856,879,0,879
6855,21861,830,0,830
6856,21862,119,0,119
6857,21863,4843,0,4843
6858,21864,590,0,590
6859,21865,439,0,439
6860,21866,36,0,36
6861,21867,78,0,78
6862,21869,908,0,908
6863,21871,1918,0,1918
6864,21872,684,0,684
6865,21874,2240,0,2240
6866,21875,7231,5166,2065
6867,21890,3258,0,3258
6868,21901,18517,12693,5824
6869,21902,414,414,0
6870,21903,5835,5290,545
6871,21904,6689,2148,4541
6872,21911,11207,4339,6868
6873,21912,1312,0,1312
6874,21913,682,0,682
6875,21914,736,690,46
6876,21915,2981,0,2981
6877,21917,2384,1046,1338
6878,21918,4269,0,4269
6879,21919,3124,0,3124
6880,21920,555,0,555
6881,21921,44983,26956,18027
6882,21930,56,0,56
6883,22003,59372,59372,0
6884,22015,43941,43941,0
6885,22025,18470,18371,99
6886,22026,20225,20225,0
6887,22027,2330,2330,0
6888,22030,60431,58777,1654
6889,22031,35256,35256,0
6890,22032,29909,29909,0
6891,22033,40692,40692,0
6892,22035,22,22,0
6893,22039,18278,14276,4002
6894,22041,28039,28039,0
6895,22042,34638,34638,0
6896,22043,25850,25850,0
6897,22044,13847,13847,0
6898,22046,18576,18576,0
6899,22060,9677,9627,50
6900,22066,18165,15244,2921
6901,22079,35225,33630,1595
6902,22101,31414,31414,0
6903,22102,27743,27156,587
6904,22124,18488,18488,0
6905,22125,917,917,0
6906,22134,7357,6687,670
6907,22150,27955,27955,0
6908,22151,18026,18026,0
6909,22152,29843,29843,0
6910,22153,32697,32697,0
6911,22172,10679,10476,203
6912,22180,26666,26666,0
6913,22181,15555,15555,0
6914,22182,27778,27778,0
6915,22191,74189,74151,38
6916,22192,60299,59729,570
6917,22193,83064,83064,0
6918,22201,39331,39331,0
6919,22202,28472,28472,0
6920,22203,25437,25437,0
6921,22204,52761,52761,0
6922,22205,18594,18594,0
6923,22206,21645,21645,0
6924,22207,33734,33734,0
6925,22209,14859,14859,0
6926,22211,924,924,0
6927,22213,3600,3600,0
6928,22214,0,0,0
6929,22301,14356,14356,0
6930,22302,17972,17972,0
6931,22303,16109,16109,0
6932,22304,49237,49237,0
6933,22305,17849,17849,0
6934,22306,33330,33330,0
6935,22307,10271,10271,0
6936,22308,13935,13935,0
6937,22309,33773,33526,247
6938,22310,29611,29611,0
6939,22311,19934,19934,0
6940,22312,30447,30447,0
6941,22314,35784,35784,0
6942,22315,28184,28184,0
6943,22401,27799,27799,0
6944,22405,34430,29081,5349
6945,22406,27129,15451,11678
6946,22407,62668,56053,6615
6947,22408,32043,28539,3504
6948,22427,3379,0,3379
6949,22432,351,0,351
6950,22433,192,0,192
6951,22435,2124,0,2124
6952,22436,618,0,618
6953,22437,694,0,694
6954,22438,426,0,426
6955,22443,9151,3975,5176
6956,22448,724,0,724
6957,22454,1994,0,1994
6958,22460,1817,0,1817
6959,22469,1722,0,1722
6960,22472,1023,0,1023
6961,22473,5409,0,5409
6962,22476,333,0,333
6963,22480,850,0,850
6964,22482,2794,0,2794
6965,22485,26025,0,26025
6966,22488,1211,0,1211
6967,22503,3997,0,3997
6968,22504,251,0,251
6969,22508,14748,10902,3846
6970,22509,74,0,74
6971,22511,1143,0,1143
6972,22514,2605,0,2605
6973,22520,5659,0,5659
6974,22529,276,0,276
6975,22534,3102,0,3102
6976,22535,667,0,667
6977,22538,255,0,255
6978,22539,2113,0,2113
6979,22542,2048,0,2048
6980,22546,17757,0,17757
6981,22548,88,0,88
6982,22551,21236,979,20257
6983,22553,16476,9777,6699
6984,22554,64354,57538,6816
6985,22556,29688,24454,5234
6986,22560,6465,0,6465
6987,22567,2949,0,2949
6988,22572,6283,0,6283
6989,22576,1672,0,1672
6990,22578,2449,0,2449
6991,22580,5293,0,5293
6992,22601,29720,29720,0
6993,22602,30865,19809,11056
6994,22603,16298,7442,8856
6995,22610,2125,0,2125
6996,22611,9176,0,9176
6997,22620,2595,0,2595
6998,22623,660,0,660
6999,22624,2595,134,2461
7000,22625,3784,0,3784
7001,22627,668,0,668
7002,22630,33829,17961,15868
7003,22637,2122,0,2122
7004,22639,664,0,664
7005,22640,498,0,498
7006,22641,299,0,299
7007,22642,4701,0,4701
7008,22643,362,0,362
7009,22644,2381,0,2381
7010,22645,4208,0,4208
7011,22646,80,0,80
7012,22650,962,0,962
7013,22652,1535,0,1535
7014,22654,894,0,894
7015,22655,22395,19528,2867
7016,22656,5454,4352,1102
7017,22657,11974,7572,4402
7018,22660,1715,0,1715
7019,22663,1761,758,1003
7020,22664,9383,5852,3531
7021,22701,37411,22563,14848
7022,22709,945,0,945
7023,22711,148,0,148
7024,22712,10587,6608,3979
7025,22713,1454,0,1454
7026,22714,921,0,921
7027,22715,1124,0,1124
7028,22716,883,0,883
7029,22718,690,0,690
7030,22719,312,0,312
7031,22720,916,0,916
7032,22722,238,0,238
7033,22723,114,0,114
7034,22724,2400,0,2400
7035,22725,38,0,38
7036,22726,766,0,766
7037,22727,5495,0,5495
7038,22728,3133,0,3133
7039,22729,1192,0,1192
7040,22730,157,0,157
7041,22731,316,0,316
7042,22732,325,0,325
7043,22733,1391,0,1391
7044,22734,3470,0,3470
7045,22735,2259,0,2259
7046,22736,620,0,620
7047,22737,3382,0,3382
7048,22738,1225,0,1225
7049,22740,1240,0,1240
7050,22741,226,0,226
7051,22742,1726,0,1726
7052,22743,145,0,145
7053,22746,216,0,216
7054,22747,1081,0,1081
7055,22749,469,0,469
7056,22801,40460,37994,2466
7057,22802,28383,19650,8733
7058,22807,5575,5575,0
7059,22810,798,0,798
7060,22811,435,0,435
7061,22812,9799,6701,3098
7062,22815,9083,4730,4353
7063,22820,281,0,281
7064,22821,5848,1705,4143
7065,22824,6070,0,6070
7066,22827,10769,3153,7616
7067,22830,1671,0,1671
7068,22831,918,0,918
7069,22832,1181,217,964
7070,22834,1354,0,1354
7071,22835,11561,4742,6819
7072,22840,4524,1879,2645
7073,22841,3047,517,2530
7074,22842,5215,0,5215
7075,22843,2374,0,2374
7076,22844,4599,0,4599
7077,22845,72,0,72
7078,22846,2254,1018,1236
7079,22847,993,0,993
7080,22849,4891,0,4891
7081,22850,971,0,971
7082,22851,5771,0,5771
7083,22853,4608,2458,2150
7084,22901,36938,29738,7200
7085,22902,22457,19952,2505
7086,22903,42170,36213,5957
7087,22904,4917,4917,0
7088,22908,0,0,0
7089,22911,19236,12931,6305
7090,22920,4192,0,4192
7091,22922,1997,0,1997
7092,22923,5819,0,5819
7093,22931,357,0,357
7094,22932,10443,7663,2780
7095,22935,1068,0,1068
7096,22936,5356,125,5231
7097,22937,1401,0,1401
7098,22938,1314,0,1314
7099,22939,6478,4101,2377
7100,22940,1081,0,1081
7101,22942,9435,0,9435
7102,22943,543,0,543
7103,22946,182,0,182
7104,22947,5000,2030,2970
7105,22948,252,0,252
7106,22949,1322,0,1322
7107,22952,1939,0,1939
7108,22957,5,0,5
7109,22958,1981,0,1981
7110,22959,1712,0,1712
7111,22960,11067,4802,6265
7112,22963,16279,9825,6454
7113,22964,193,0,193
7114,22967,1857,0,1857
7115,22968,10632,0,10632
7116,22969,1313,0,1313
7117,22971,1709,0,1709
7118,22972,391,0,391
7119,22973,6588,0,6588
7120,22974,5427,0,5427
7121,22976,307,0,307
7122,22980,33049,25421,7628
7123,22989,170,0,170
7124,23002,10555,0,10555
7125,23004,759,0,759
7126,23005,17818,10144,7674
7127,23009,7737,0,7737
7128,23011,1555,0,1555
7129,23015,4590,0,4590
7130,23021,78,0,78
7131,23022,910,0,910
7132,23023,395,0,395
7133,23024,9108,0,9108
7134,23025,531,0,531
7135,23027,1345,0,1345
7136,23030,4678,0,4678
7137,23032,252,0,252
7138,23035,1410,0,1410
7139,23038,1935,0,1935
7140,23039,1124,0,1124
7141,23040,4555,0,4555
7142,23043,1627,0,1627
7143,23045,133,0,133
7144,23047,2064,0,2064
7145,23050,671,0,671
7146,23055,831,0,831
7147,23056,425,0,425
7148,23059,40249,37853,2396
7149,23060,38288,38288,0
7150,23061,22256,0,22256
7151,23062,2652,2652,0
7152,23063,5527,0,5527
7153,23065,1602,0,1602
7154,23066,578,0,578
7155,23068,241,0,241
7156,23069,3835,0,3835
7157,23070,463,0,463
7158,23071,1567,0,1567
7159,23072,12312,7966,4346
7160,23075,10236,10147,89
7161,23076,433,0,433
7162,23079,401,0,401
7163,23081,8,0,8
7164,23083,2180,0,2180
7165,23084,1842,0,1842
7166,23085,384,0,384
7167,23086,3416,0,3416
7168,23089,5507,0,5507
7169,23091,329,0,329
7170,23092,657,0,657
7171,23093,14170,0,14170
7172,23102,3195,0,3195
7173,23103,5836,0,5836
7174,23106,960,0,960
7175,23108,149,0,149
7176,23109,1806,0,1806
7177,23110,687,0,687
7178,23111,38151,30656,7495
7179,23112,54592,54216,376
7180,23113,26190,24821,1369
7181,23114,21160,20962,198
7182,23116,32410,26373,6037
7183,23117,10324,0,10324
7184,23119,289,0,289
7185,23120,14424,10683,3741
7186,23123,1827,0,1827
7187,23124,4879,0,4879
7188,23126,459,0,459
7189,23128,707,0,707
7190,23129,300,0,300
7191,23130,163,0,163
7192,23138,1156,0,1156
7193,23139,27015,0,27015
7194,23140,5956,0,5956
7195,23141,7739,0,7739
7196,23146,3151,0,3151
7197,23147,5,0,5
7198,23148,1504,0,1504
7199,23149,3031,0,3031
7200,23150,12556,7948,4608
7201,23153,1609,0,1609
7202,23156,1472,0,1472
7203,23160,1009,0,1009
7204,23161,130,0,130
7205,23163,186,0,186
7206,23168,8624,3992,4632
7207,23169,1077,0,1077
7208,23173,2098,2098,0
7209,23175,1931,0,1931
7210,23176,732,0,732
7211,23177,612,0,612
7212,23180,438,0,438
7213,23181,5626,0,5626
7214,23185,51566,50096,1470
7215,23188,45438,39516,5922
7216,23192,6592,0,6592
7217,23219,5307,5307,0
7218,23220,36942,36942,0
7219,23221,14841,14841,0
7220,23222,24337,24337,0
7221,23223,51960,51320,640
7222,23224,39468,39468,0
7223,23225,40876,40876,0
7224,23226,16955,16955,0
7225,23227,25283,25283,0
7226,23228,36384,36384,0
7227,23229,34471,34468,3
7228,23230,8263,8263,0
7229,23231,37455,30266,7189
7230,23233,32610,32376,234
7231,23234,46610,46610,0
7232,23235,34058,34058,0
7233,23236,27516,27516,0
7234,23237,24906,24867,39
7235,23238,26200,24591,1609
7236,23250,0,0,0
7237,23284,3074,3074,0
7238,23294,18538,18538,0
7239,23298,28,28,0
7240,23301,1600,0,1600
7241,23302,78,0,78
7242,23303,685,0,685
7243,23304,101,101,0
7244,23306,1066,0,1066
7245,23307,547,0,547
7246,23308,2068,0,2068
7247,23310,5260,0,5260
7248,23314,9523,5738,3785
7249,23315,1479,0,1479
7250,23316,107,0,107
7251,23320,60412,59364,1048
7252,23321,37752,36828,924
7253,23322,66994,52838,14156
7254,23323,42736,39578,3158
7255,23324,24239,24239,0
7256,23325,17601,17601,0
7257,23336,3345,3223,122
7258,23337,524,0,524
7259,23347,447,0,447
7260,23350,3433,0,3433
7261,23354,327,0,327
7262,23356,1736,0,1736
7263,23357,730,0,730
7264,23358,123,0,123
7265,23359,653,0,653
7266,23389,180,0,180
7267,23395,922,0,922
7268,23398,83,0,83
7269,23401,168,0,168
7270,23405,1075,0,1075
7271,23407,313,0,313
7272,23408,49,0,49
7273,23409,149,0,149
7274,23410,2440,0,2440
7275,23413,799,0,799
7276,23414,96,0,96
7277,23415,2021,0,2021
7278,23416,330,0,330
7279,23417,3625,0,3625
7280,23418,1010,0,1010
7281,23420,2387,0,2387
7282,23421,4172,0,4172
7283,23422,226,0,226
7284,23423,384,0,384
7285,23426,140,0,140
7286,23427,173,0,173
7287,23430,18232,9624,8608
7288,23432,1539,0,1539
7289,23433,1291,0,1291
7290,23434,51430,41669,9761
7291,23435,32597,26917,5680
7292,23436,962,0,962
7293,23437,4448,0,4448
7294,23438,1839,0,1839
7295,23440,438,0,438
7296,23441,53,0,53
7297,23442,1074,0,1074
7298,23451,44879,44789,90
7299,23452,59076,59076,0
7300,23453,36292,36292,0
7301,23454,58665,58562,103
7302,23455,50599,50599,0
7303,23456,59454,55790,3664
7304,23457,4481,0,4481
7305,23459,1055,1055,0
7306,23460,1227,1227,0
7307,23461,603,603,0
7308,23462,68045,68045,0
7309,23464,75118,75118,0
7310,23480,331,0,331
7311,23486,148,0,148
7312,23487,6397,0,6397
7313,23488,173,0,173
7314,23502,20547,20547,0
7315,23503,31932,31932,0
7316,23504,22465,22465,0
7317,23505,27785,27785,0
7318,23507,6460,6460,0
7319,23508,20485,20485,0
7320,23509,12963,12963,0
7321,23510,8778,8778,0
7322,23511,12831,12831,0
7323,23513,29105,29105,0
7324,23517,5237,5237,0
7325,23518,30278,30278,0
7326,23523,7061,7061,0
7327,23551,2054,2054,0
7328,23601,25729,25729,0
7329,23602,42004,41872,132
7330,23603,3526,3432,94
7331,23604,5160,4701,459
7332,23605,14053,14053,0
7333,23606,31684,31684,0
7334,23607,23498,23487,11
7335,23608,43943,43943,0
7336,23651,494,494,0
7337,23661,13771,13771,0
7338,23662,12460,11353,1107
7339,23663,13374,13374,0
7340,23664,10301,10196,105
7341,23665,5935,5935,0
7342,23666,52845,52845,0
7343,23667,80,80,0
7344,23668,739,739,0
7345,23669,41030,40702,328
7346,23681,0,0,0
7347,23690,3937,3127,810
7348,23691,577,439,138
7349,23692,19539,18515,1024
7350,23693,23814,23696,118
7351,23696,3805,3524,281
7352,23701,24629,24629,0
7353,23702,12239,12239,0
7354,23703,26388,26388,0
7355,23704,19505,19505,0
7356,23707,14316,14316,0
7357,23708,120,120,0
7358,23709,624,624,0
7359,23801,9874,9612,262
7360,23803,44377,36505,7872
7361,23805,19656,13092,6564
7362,23821,1778,0,1778
7363,23824,7021,0,7021
7364,23827,1273,0,1273
7365,23828,431,0,431
7366,23829,2473,0,2473
7367,23830,1678,0,1678
7368,23831,37216,36530,686
7369,23832,39640,36900,2740
7370,23833,2147,0,2147
7371,23834,26635,26492,143
7372,23836,14643,14136,507
7373,23837,4109,0,4109
7374,23838,16997,240,16757
7375,23839,848,0,848
7376,23840,1642,0,1642
7377,23841,3509,0,3509
7378,23842,7103,23,7080
7379,23843,538,0,538
7380,23844,691,0,691
7381,23845,358,0,358
7382,23846,872,0,872
7383,23847,12768,6871,5897
7384,23850,1081,0,1081
7385,23851,13258,8749,4509
7386,23856,888,0,888
7387,23857,399,0,399
7388,23860,32139,28287,3852
7389,23866,2189,0,2189
7390,23867,5298,0,5298
7391,23868,6379,0,6379
7392,23870,7,0,7
7393,23872,2322,0,2322
7394,23874,986,0,986
7395,23875,11791,6776,5015
7396,23876,435,0,435
7397,23878,1162,0,1162
7398,23879,629,0,629
7399,23881,1876,0,1876
7400,23882,2219,0,2219
7401,23883,2169,0,2169
7402,23884,50,0,50
7403,23885,2779,0,2779
7404,23887,529,0,529
7405,23888,2124,0,2124
7406,23889,569,0,569
7407,23890,3988,0,3988
7408,23891,1917,0,1917
7409,23893,419,0,419
7410,23894,626,0,626
7411,23897,563,0,563
7412,23898,2186,0,2186
7413,23899,292,0,292
7414,23901,14967,6587,8380
7415,23909,1329,1329,0
7416,23915,1196,0,1196
7417,23917,2704,0,2704
7418,23919,2310,0,2310
7419,23920,3182,0,3182
7420,23921,2060,0,2060
7421,23922,4300,0,4300
7422,23923,2474,0,2474
7423,23924,5538,0,5538
7424,23927,4483,0,4483
7425,23930,5231,0,5231
7426,23934,811,0,811
7427,23936,7850,0,7850
7428,23937,1841,0,1841
7429,23938,416,0,416
7430,23942,1123,0,1123
7431,23943,759,0,759
7432,23944,3620,0,3620
7433,23947,4119,0,4119
7434,23950,3482,574,2908
7435,23952,219,0,219
7436,23954,2030,0,2030
7437,23955,21,0,21
7438,23958,3261,0,3261
7439,23959,1127,0,1127
7440,23960,1823,0,1823
7441,23962,660,0,660
7442,23963,454,0,454
7443,23964,997,0,997
7444,23966,2449,0,2449
7445,23967,840,0,840
7446,23968,804,0,804
7447,23970,8002,4502,3500
7448,23974,4700,0,4700
7449,23976,187,0,187
7450,24011,908,908,0
7451,24012,30037,29219,818
7452,24013,7835,7835,0
7453,24014,16869,14161,2708
7454,24015,15973,15973,0
7455,24016,9371,9371,0
7456,24017,23902,23902,0
7457,24018,39144,33341,5803
7458,24019,27630,26790,840
7459,24020,524,524,0
7460,24022,0,0,0
7461,24053,2356,0,2356
7462,24054,6208,0,6208
7463,24055,12236,2408,9828
7464,24058,316,0,316
7465,24059,1037,0,1037
7466,24060,46755,38468,8287
7467,24061,9836,9836,0
7468,24064,5017,2320,2697
7469,24065,6267,0,6267
7470,24066,4787,0,4787
7471,24067,2400,0,2400
7472,24069,1805,0,1805
7473,24070,1375,0,1375
7474,24072,1450,0,1450
7475,24073,32093,25376,6717
7476,24076,1050,0,1050
7477,24077,922,903,19
7478,24078,7062,7062,0
7479,24079,1631,0,1631
7480,24082,412,0,412
7481,24083,3814,3584,230
7482,24084,10894,6744,4150
7483,24085,2220,38,2182
7484,24086,198,0,198
7485,24087,3604,0,3604
7486,24088,4805,0,4805
7487,24089,2388,827,1561
7488,24090,4712,0,4712
7489,24091,7416,0,7416
7490,24092,2999,0,2999
7491,24093,185,0,185
7492,24095,4275,0,4275
7493,24101,6490,0,6490
7494,24102,1508,0,1508
7495,24104,3551,0,3551
7496,24105,449,0,449
7497,24112,30978,18046,12932
7498,24120,1858,0,1858
7499,24121,10537,0,10537
7500,24122,1624,0,1624
7501,24124,4370,0,4370
7502,24127,3980,0,3980
7503,24128,1767,0,1767
7504,24129,29,29,0
7505,24131,106,0,106
7506,24132,460,0,460
7507,24133,2345,0,2345
7508,24134,5638,0,5638
7509,24136,3259,0,3259
7510,24137,2506,0,2506
7511,24138,1445,0,1445
7512,24139,560,0,560
7513,24141,20308,15579,4729
7514,24142,2608,2608,0
7515,24147,1088,0,1088
7516,24148,7633,2716,4917
7517,24149,3632,0,3632
7518,24150,691,0,691
7519,24151,18785,5411,13374
7520,24153,38728,32598,6130
7521,24161,393,0,393
7522,24162,2254,25,2229
7523,24165,1655,0,1655
7524,24167,329,0,329
7525,24168,214,214,0
7526,24171,8090,0,8090
7527,24174,2362,120,2242
7528,24175,8165,2664,5501
7529,24176,1527,0,1527
7530,24179,19024,13219,5805
7531,24184,4582,0,4582
7532,24185,796,0,796
7533,24201,16267,16267,0
7534,24202,12716,2709,10007
7535,24210,17284,11267,6017
7536,24211,9864,2472,7392
7537,24216,2441,0,2441
7538,24217,407,0,407
7539,24219,10429,6516,3913
7540,24220,621,0,621
7541,24221,785,0,785
7542,24224,5438,0,5438
7543,24225,1674,0,1674
7544,24226,1260,0,1260
7545,24228,6418,0,6418
7546,24230,7708,0,7708
7547,24236,2984,0,2984
7548,24237,1108,0,1108
7549,24239,90,0,90
7550,24243,1867,0,1867
7551,24244,5398,0,5398
7552,24245,1000,0,1000
7553,24246,399,399,0
7554,24248,2181,0,2181
7555,24250,1209,0,1209
7556,24251,8405,365,8040
7557,24256,3124,0,3124
7558,24258,1259,0,1259
7559,24260,5072,0,5072
7560,24263,5770,0,5770
7561,24265,703,0,703
7562,24266,8705,0,8705
7563,24269,225,0,225
7564,24270,455,0,455
7565,24271,2538,0,2538
7566,24272,517,0,517
7567,24273,5730,3967,1763
7568,24277,6463,0,6463
7569,24279,4693,0,4693
7570,24280,772,0,772
7571,24281,2279,0,2279
7572,24282,454,0,454
7573,24283,2133,0,2133
7574,24290,1777,0,1777
7575,24292,352,0,352
7576,24293,9442,4946,4496
7577,24301,14040,9844,4196
7578,24311,1705,628,1077
7579,24312,2161,0,2161
7580,24313,923,0,923
7581,24314,1332,0,1332
7582,24315,3548,0,3548
7583,24316,47,0,47
7584,24317,3756,0,3756
7585,24318,601,0,601
7586,24319,6500,0,6500
7587,24322,190,0,190
7588,24323,692,0,692
7589,24324,2012,0,2012
7590,24325,975,0,975
7591,24326,1019,0,1019
7592,24327,684,0,684
7593,24328,1999,0,1999
7594,24330,3056,0,3056
7595,24333,17309,6743,10566
7596,24340,5319,0,5319
7597,24343,8849,0,8849
7598,24347,1767,0,1767
7599,24348,4725,0,4725
7600,24350,1173,0,1173
7601,24351,528,0,528
7602,24352,929,0,929
7603,24354,14446,6653,7793
7604,24360,5653,0,5653
7605,24361,4555,954,3601
7606,24363,1242,0,1242
7607,24366,631,0,631
7608,24368,4896,0,4896
7609,24370,5832,0,5832
7610,24374,705,0,705
7611,24375,1451,0,1451
7612,24377,278,0,278
7613,24378,1065,0,1065
7614,24380,2696,0,2696
7615,24381,3657,24,3633
7616,24382,14109,7154,6955
7617,24401,38522,29543,8979
7618,24411,35,0,35
7619,24412,106,0,106
7620,24413,220,0,220
7621,24415,63,0,63
7622,24416,8888,6603,2285
7623,24421,3723,0,3723
7624,24422,5821,4140,1681
7625,24426,13695,7787,5908
7626,24430,2858,0,2858
7627,24431,2712,0,2712
7628,24432,283,0,283
7629,24433,96,0,96
7630,24435,1695,0,1695
7631,24437,1048,0,1048
7632,24439,1119,0,1119
7633,24440,2742,0,2742
7634,24441,6327,0,6327
7635,24442,88,0,88
7636,24445,2289,0,2289
7637,24448,311,298,13
7638,24450,17654,9460,8194
7639,24457,372,252,120
7640,24458,364,0,364
7641,24459,734,0,734
7642,24460,1493,0,1493
7643,24464,138,0,138
7644,24465,1305,0,1305
7645,24467,2204,0,2204
7646,24469,16,0,16
7647,24471,1471,0,1471
7648,24472,2501,0,2501
7649,24473,871,0,871
7650,24474,360,357,3
7651,24476,315,0,315
7652,24477,11269,0,11269
7653,24479,1485,0,1485
7654,24482,5200,0,5200
7655,24483,670,0,670
7656,24484,699,0,699
7657,24485,438,0,438
7658,24486,3826,0,3826
7659,24487,286,0,286
7660,24501,27160,24903,2257
7661,24502,41058,40871,187
7662,24503,19810,15911,3899
7663,24504,9585,6330,3255
7664,24515,6685,6685,0
7665,24517,5306,3388,1918
7666,24520,2308,0,2308
7667,24521,9902,0,9902
7668,24522,10041,0,10041
7669,24523,18992,7421,11571
7670,24526,1408,0,1408
7671,24527,2796,0,2796
7672,24528,2994,0,2994
7673,24529,1532,0,1532
7674,24530,1062,0,1062
7675,24531,8836,0,8836
7676,24534,1471,0,1471
7677,24536,317,0,317
7678,24538,4729,0,4729
7679,24539,124,0,124
7680,24540,32094,24379,7715
7681,24541,27529,22185,5344
7682,24549,4121,0,4121
7683,24550,7772,1921,5851
7684,24551,25601,16510,9091
7685,24553,1827,0,1827
7686,24554,3952,0,3952
7687,24555,2012,0,2012
7688,24556,3357,0,3357
7689,24557,7550,0,7550
7690,24558,6036,282,5754
7691,24562,467,0,467
7692,24563,5028,1190,3838
7693,24565,907,0,907
7694,24566,1325,0,1325
7695,24569,938,0,938
7696,24570,41,0,41
7697,24571,1904,19,1885
7698,24572,16399,10852,5547
7699,24574,3868,930,2938
7700,24577,4821,0,4821
7701,24578,1043,0,1043
7702,24579,1304,0,1304
7703,24580,582,0,582
7704,24581,38,0,38
7705,24586,5124,80,5044
7706,24588,9196,683,8513
7707,24589,2092,0,2092
7708,24590,7909,0,7909
7709,24592,13453,7131,6322
7710,24593,2132,0,2132
7711,24594,1595,0,1595
7712,24595,522,0,522
7713,24597,1171,0,1171
7714,24598,1785,0,1785
7715,24599,621,0,621
7716,24601,59,0,59
7717,24602,787,0,787
7718,24603,804,0,804
7719,24604,167,0,167
7720,24605,9104,5789,3315
7721,24606,158,0,158
7722,24607,322,0,322
7723,24609,6620,1321,5299
7724,24612,293,189,104
7725,24613,849,244,605
7726,24614,7252,0,7252
7727,24620,2208,0,2208
7728,24622,987,0,987
7729,24630,5971,1841,4130
7730,24631,2578,0,2578
7731,24634,446,0,446
7732,24635,766,0,766
7733,24637,3302,888,2414
7734,24639,3099,1205,1894
7735,24641,5377,5109,268
7736,24646,607,0,607
7737,24649,2242,34,2208
7738,24651,5976,2825,3151
7739,24656,2875,0,2875
7740,24657,258,0,258
7741,24701,19137,13890,5247
7742,24712,2174,0,2174
7743,24714,323,0,323
7744,24715,359,0,359
7745,24716,317,0,317
7746,24719,154,0,154
7747,24724,158,0,158
7748,24726,610,0,610
7749,24729,172,0,172
7750,24731,202,0,202
7751,24733,314,0,314
7752,24736,592,0,592
7753,24737,1314,25,1289
7754,24738,11,0,11
7755,24739,13670,7083,6587
7756,24740,16238,13719,2519
7757,24747,2734,0,2734
7758,24801,5143,0,5143
7759,24808,444,0,444
7760,24811,685,0,685
7761,24813,262,0,262
7762,24815,315,0,315
7763,24816,184,0,184
7764,24817,1383,0,1383
7765,24818,1109,0,1109
7766,24822,1086,0,1086
7767,24823,317,0,317
7768,24826,98,0,98
7769,24827,1058,0,1058
7770,24828,602,0,602
7771,24830,160,0,160
7772,24831,265,0,265
7773,24834,327,0,327
7774,24836,522,0,522
7775,24839,620,0,620
7776,24843,104,0,104
7777,24844,1585,0,1585
7778,24845,525,0,525
7779,24846,316,0,316
7780,24847,259,0,259
7781,24848,82,0,82
7782,24849,278,0,278
7783,24850,90,0,90
7784,24851,324,0,324
7785,24853,725,0,725
7786,24854,860,0,860
7787,24855,35,0,35
7788,24857,1443,0,1443
7789,24860,536,0,536
7790,24861,138,0,138
7791,24862,588,0,588
7792,24866,434,0,434
7793,24867,364,0,364
7794,24868,917,0,917
7795,24869,470,0,470
7796,24870,1852,0,1852
7797,24871,540,0,540
7798,24872,799,0,799
7799,24873,448,0,448
7800,24874,2069,0,2069
7801,24878,382,0,382
7802,24879,399,0,399
7803,24880,248,0,248
7804,24881,400,0,400
7805,24882,501,0,501
7806,24884,40,0,40
7807,24887,43,0,43
7808,24888,127,0,127
7809,24892,1271,0,1271
7810,24894,470,0,470
7811,24895,47,0,47
7812,24898,330,0,330
7813,24901,9145,5500,3645
7814,24910,4519,0,4519
7815,24915,515,0,515
7816,24916,412,0,412
7817,24918,1625,0,1625
7818,24920,269,0,269
7819,24924,465,0,465
7820,24925,1042,0,1042
7821,24927,369,0,369
7822,24931,1508,0,1508
7823,24934,489,0,489
7824,24935,512,0,512
7825,24938,1477,0,1477
7826,24941,1000,0,1000
7827,24943,115,0,115
7828,24944,448,0,448
7829,24945,400,0,400
7830,24946,1289,0,1289
7831,24951,1763,0,1763
7832,24954,3079,0,3079
7833,24957,538,0,538
7834,24962,104,0,104
7835,24963,3697,0,3697
7836,24966,1201,0,1201
7837,24970,3976,1727,2249
7838,24974,203,0,203
7839,24976,1008,0,1008
7840,24977,465,0,465
7841,24981,529,0,529
7842,24983,1756,0,1756
7843,24984,145,0,145
7844,24985,299,0,299
7845,24986,4529,0,4529
7846,24991,451,0,451
7847,24993,15,0,15
7848,25002,62,0,62
7849,25003,2272,0,2272
7850,25005,241,0,241
7851,25007,538,0,538
7852,25008,243,0,243
7853,25009,1029,0,1029
7854,25011,739,660,79
7855,25015,4043,2966,1077
7856,25019,538,0,538
7857,25021,260,0,260
7858,25022,87,0,87
7859,25024,455,0,455
7860,25025,139,0,139
7861,25028,308,0,308
7862,25030,394,0,394
7863,25031,832,0,832
7864,25033,2117,68,2049
7865,25035,964,739,225
7866,25036,318,0,318
7867,25039,921,573,348
7868,25040,478,0,478
7869,25043,1247,0,1247
7870,25044,221,0,221
7871,25045,4770,352,4418
7872,25047,281,0,281
7873,25048,282,0,282
7874,25049,705,0,705
7875,25051,170,0,170
7876,25053,4227,0,4227
7877,25054,225,154,71
7878,25057,264,0,264
7879,25059,424,0,424
7880,25060,207,0,207
7881,25061,681,357,324
7882,25062,165,0,165
7883,25063,1417,0,1417
7884,25064,9229,8971,258
7885,25067,913,9,904
7886,25070,1873,1526,347
7887,25071,10505,4069,6436
7888,25075,602,0,602
7889,25076,279,0,279
7890,25081,1211,0,1211
7891,25082,1988,0,1988
7892,25083,475,0,475
7893,25085,650,0,650
7894,25086,792,688,104
7895,25088,100,0,100
7896,25090,238,0,238
7897,25093,159,0,159
7898,25102,265,0,265
7899,25103,358,0,358
7900,25106,518,222,296
7901,25107,552,82,470
7902,25108,599,0,599
7903,25109,527,527,0
7904,25110,436,0,436
7905,25111,480,0,480
7906,25112,245,245,0
7907,25113,763,0,763
7908,25114,530,0,530
7909,25115,77,0,77
7910,25118,474,0,474
7911,25119,367,0,367
7912,25121,899,0,899
7913,25123,3287,0,3287
7914,25124,1219,0,1219
7915,25125,878,0,878
7916,25126,170,0,170
7917,25130,3437,0,3437
7918,25132,273,0,273
7919,25133,711,0,711
7920,25134,494,214,280
7921,25136,1366,0,1366
7922,25139,245,0,245
7923,25140,939,0,939
7924,25141,218,0,218
7925,25142,345,0,345
7926,25143,8792,8665,127
7927,25148,314,0,314
7928,25149,245,0,245
7929,25152,306,0,306
7930,25154,778,0,778
7931,25156,59,59,0
7932,25159,4777,3442,1335
7933,25160,238,0,238
7934,25161,489,0,489
7935,25162,483,0,483
7936,25164,1136,0,1136
7937,25165,566,0,566
7938,25168,2280,572,1708
7939,25169,395,0,395
7940,25173,304,0,304
7941,25174,408,0,408
7942,25177,22870,18989,3881
7943,25180,103,0,103
7944,25181,1503,0,1503
7945,25183,83,0,83
7946,25185,1093,0,1093
7947,25186,756,0,756
7948,25187,690,0,690
7949,25193,311,0,311
7950,25201,111,0,111
7951,25202,1445,695,750
7952,25203,107,0,107
7953,25204,166,0,166
7954,25205,246,0,246
7955,25206,305,0,305
7956,25208,779,0,779
7957,25209,953,0,953
7958,25211,109,0,109
7959,25213,6214,3744,2470
7960,25214,477,213,264
7961,25231,78,0,78
7962,25234,939,0,939
7963,25235,983,0,983
7964,25239,1674,0,1674
7965,25241,1668,0,1668
7966,25243,924,0,924
7967,25244,680,0,680
7968,25245,916,0,916
7969,25247,487,418,69
7970,25248,2849,0,2849
7971,25251,491,0,491
7972,25252,1089,0,1089
7973,25253,1943,107,1836
7974,25259,770,0,770
7975,25260,1404,1224,180
7976,25261,254,0,254
7977,25262,771,0,771
7978,25264,404,0,404
7979,25265,1457,1346,111
7980,25266,658,0,658
7981,25267,658,0,658
7982,25268,593,0,593
7983,25270,849,0,849
7984,25271,8893,0,8893
7985,25275,2087,0,2087
7986,25276,7226,0,7226
7987,25285,703,0,703
7988,25286,1407,0,1407
7989,25287,1376,60,1316
7990,25301,2908,2908,0
7991,25302,14307,12668,1639
7992,25303,6946,6946,0
7993,25304,8466,8019,447
7994,25305,8,8,0
7995,25306,6493,3529,2964
7996,25309,13146,9356,3790
7997,25311,9487,7306,2181
7998,25312,8823,389,8434
7999,25313,12546,9859,2687
8000,25314,14673,13341,1332
8001,25315,3016,2783,233
8002,25320,5447,0,5447
8003,25387,5215,4703,512
8004,25401,15086,15086,0
8005,25403,15316,7979,7337
8006,25404,23034,18827,4207
8007,25405,14294,12457,1837
8008,25411,12367,0,12367
8009,25413,9299,5490,3809
8010,25414,19541,14272,5269
8011,25419,11781,9375,2406
8012,25420,4402,38,4364
8013,25421,31,0,31
8014,25422,1634,0,1634
8015,25425,13389,997,12392
8016,25427,16219,2026,14193
8017,25428,12749,10147,2602
8018,25430,8343,1598,6745
8019,25431,322,0,322
8020,25432,100,0,100
8021,25434,2382,0,2382
8022,25437,519,0,519
8023,25438,7090,6300,790
8024,25442,2080,0,2080
8025,25443,7852,0,7852
8026,25444,498,0,498
8027,25446,1373,0,1373
8028,25501,1092,0,1092
8029,25502,1062,0,1062
8030,25503,807,0,807
8031,25504,12972,8260,4712
8032,25505,376,73,303
8033,25506,5019,0,5019
8034,25507,1102,1102,0
8035,25508,8930,2032,6898
8036,25510,5191,3545,1646
8037,25511,922,0,922
8038,25512,1066,0,1066
8039,25514,3950,675,3275
8040,25515,2062,0,2062
8041,25517,1810,0,1810
8042,25520,1443,0,1443
8043,25521,1019,0,1019
8044,25523,2620,0,2620
8045,25524,3437,0,3437
8046,25526,22578,17724,4854
8047,25529,915,0,915
8048,25530,5721,4228,1493
8049,25534,174,0,174
8050,25535,2249,701,1548
8051,25537,1818,523,1295
8052,25540,285,0,285
8053,25541,9364,5283,4081
8054,25544,48,0,48
8055,25545,4682,2433,2249
8056,25547,545,143,402
8057,25550,8432,4585,3847
8058,25555,2073,0,2073
8059,25557,1320,0,1320
8060,25559,2095,0,2095
8061,25560,9215,6647,2568
8062,25564,1213,0,1213
8063,25565,668,0,668
8064,25567,894,0,894
8065,25570,5898,0,5898
8066,25571,1999,0,1999
8067,25573,798,0,798
8068,25601,4642,3722,920
8069,25606,1060,0,1060
8070,25607,846,0,846
8071,25608,1000,0,1000
8072,25611,689,0,689
8073,25612,219,0,219
8074,25617,250,0,250
8075,25621,2104,0,2104
8076,25624,396,146,250
8077,25625,1528,282,1246
8078,25628,478,0,478
8079,25630,523,0,523
8080,25632,740,0,740
8081,25634,1457,0,1457
8082,25635,1203,0,1203
8083,25637,983,547,436
8084,25638,758,0,758
8085,25639,579,325,254
8086,25644,441,0,441
8087,25646,677,439,238
8088,25647,608,327,281
8089,25649,1273,0,1273
8090,25650,96,0,96
8091,25651,969,0,969
8092,25652,1472,629,843
8093,25653,228,156,72
8094,25654,139,0,139
8095,25661,5162,0,5162
8096,25666,198,0,198
8097,25667,545,0,545
8098,25669,689,0,689
8099,25670,3417,0,3417
8100,25671,1450,0,1450
8101,25672,266,0,266
8102,25674,2656,0,2656
8103,25676,1126,0,1126
8104,25678,1108,0,1108
8105,25685,527,0,527
8106,25688,376,0,376
8107,25690,489,0,489
8108,25692,1231,0,1231
8109,25696,1290,0,1290
8110,25699,130,0,130
8111,25701,22342,18228,4114
8112,25702,7223,5851,1372
8113,25703,4950,4950,0
8114,25704,14975,12770,2205
8115,25705,20552,19906,646
8116,25755,1602,1602,0
8117,25801,31369,28328,3041
8118,25810,80,0,80
8119,25811,148,0,148
8120,25812,1589,0,1589
8121,25813,7017,1213,5804
8122,25817,514,0,514
8123,25818,486,486,0
8124,25820,450,0,450
8125,25823,1044,0,1044
8126,25825,2045,0,2045
8127,25826,345,0,345
8128,25827,2077,1396,681
8129,25831,1464,0,1464
8130,25832,4487,2798,1689
8131,25836,813,313,500
8132,25837,380,0,380
8133,25839,974,0,974
8134,25840,7290,3453,3837
8135,25841,536,0,536
8136,25843,936,0,936
8137,25844,1219,0,1219
8138,25845,674,0,674
8139,25846,124,100,24
8140,25848,329,0,329
8141,25849,263,139,124
8142,25851,51,11,40
8143,25853,224,0,224
8144,25854,867,0,867
8145,25855,340,340,0
8146,25857,167,0,167
8147,25862,244,0,244
8148,25864,119,0,119
8149,25865,1649,0,1649
8150,25866,322,105,217
8151,25868,408,0,408
8152,25870,215,0,215
8153,25871,922,922,0
8154,25873,582,582,0
8155,25875,567,0,567
8156,25876,67,0,67
8157,25878,1192,729,463
8158,25879,203,0,203
8159,25880,5340,2984,2356
8160,25882,1746,0,1746
8161,25901,10338,8855,1483
8162,25902,362,0,362
8163,25904,675,0,675
8164,25907,120,0,120
8165,25908,82,0,82
8166,25909,494,494,0
8167,25911,250,232,18
8168,25913,284,0,284
8169,25915,275,0,275
8170,25916,117,0,117
8171,25917,1887,765,1122
8172,25918,4517,1719,2798
8173,25920,211,0,211
8174,25921,2663,1420,1243
8175,25922,212,0,212
8176,25928,405,0,405
8177,25932,224,0,224
8178,25936,34,0,34
8179,25938,1403,0,1403
8180,25942,176,0,176
8181,25943,39,0,39
8182,25951,5024,0,5024
8183,25958,633,0,633
8184,25962,3273,0,3273
8185,25966,123,0,123
8186,25969,1177,0,1177
8187,25971,1072,0,1072
8188,25972,352,0,352
8189,25976,2035,0,2035
8190,25977,62,0,62
8191,25978,609,0,609
8192,25979,744,0,744
8193,25981,738,0,738
8194,25984,1650,0,1650
8195,25985,384,0,384
8196,25986,362,0,362
8197,25989,319,84,235
8198,26003,40591,28676,11915
8199,26030,553,0,553
8200,26031,1790,1140,650
8201,26032,994,0,994
8202,26033,2597,0,2597
8203,26034,4451,2935,1516
8204,26035,2295,174,2121
8205,26036,437,0,437
8206,26037,6365,6113,252
8207,26038,2793,1897,896
8208,26039,847,0,847
8209,26040,1767,1744,23
8210,26041,15147,9501,5646
8211,26047,5718,0,5718
8212,26050,1334,1197,137
8213,26055,1516,0,1516
8214,26056,309,0,309
8215,26058,59,0,59
8216,26059,3164,918,2246
8217,26060,1616,180,1436
8218,26062,21116,18873,2243
8219,26070,7820,3393,4427
8220,26074,1324,0,1324
8221,26075,495,0,495
8222,26101,28337,26263,2074
8223,26104,16763,10965,5798
8224,26105,12247,11664,583
8225,26133,1395,0,1395
8226,26134,749,0,749
8227,26136,426,0,426
8228,26137,811,0,811
8229,26138,134,0,134
8230,26141,392,0,392
8231,26142,2455,1231,1224
8232,26143,4037,0,4037
8233,26146,1100,0,1100
8234,26147,1711,0,1711
8235,26148,158,0,158
8236,26149,2140,0,2140
8237,26150,5811,2869,2942
8238,26151,467,0,467
8239,26152,129,0,129
8240,26155,8095,5429,2666
8241,26159,2598,0,2598
8242,26160,900,0,900
8243,26161,374,0,374
8244,26162,39,0,39
8245,26164,7674,0,7674
8246,26167,738,0,738
8247,26169,772,0,772
8248,26170,6296,0,6296
8249,26175,3077,0,3077
8250,26178,402,0,402
8251,26180,2199,0,2199
8252,26181,5938,2439,3499
8253,26184,2237,0,2237
8254,26187,6209,3890,2319
8255,26201,19008,8547,10461
8256,26202,568,0,568
8257,26203,341,0,341
8258,26205,3337,0,3337
8259,26206,2623,0,2623
8260,26208,850,0,850
8261,26209,203,0,203
8262,26210,95,0,95
8263,26215,132,0,132
8264,26217,286,0,286
8265,26218,2680,0,2680
8266,26222,477,0,477
8267,26224,176,0,176
8268,26228,110,0,110
8269,26230,90,0,90
8270,26234,1122,0,1122
8271,26236,48,0,48
8272,26237,574,0,574
8273,26238,796,0,796
8274,26241,13931,10012,3919
8275,26250,5448,0,5448
8276,26253,3229,1089,2140
8277,26254,346,0,346
8278,26257,701,0,701
8279,26259,316,0,316
8280,26260,1261,0,1261
8281,26261,2300,0,2300
8282,26263,405,0,405
8283,26264,540,0,540
8284,26266,239,0,239
8285,26267,556,0,556
8286,26268,41,0,41
8287,26269,1001,0,1001
8288,26270,666,0,666
8289,26271,239,0,239
8290,26273,1964,0,1964
8291,26275,609,0,609
8292,26276,398,0,398
8293,26278,600,0,600
8294,26280,1490,0,1490
8295,26282,146,0,146
8296,26283,1655,8,1647
8297,26285,492,0,492
8298,26287,2924,0,2924
8299,26288,3439,0,3439
8300,26289,57,0,57
8301,26291,174,0,174
8302,26292,806,0,806
8303,26293,540,0,540
8304,26294,537,0,537
8305,26296,123,0,123
8306,26298,67,0,67
8307,26301,28586,21534,7052
8308,26320,719,0,719
8309,26321,332,0,332
8310,26323,371,371,0
8311,26325,255,0,255
8312,26327,56,0,56
8313,26330,15887,10969,4918
8314,26335,1100,0,1100
8315,26337,1006,0,1006
8316,26338,638,0,638
8317,26339,206,0,206
8318,26342,464,0,464
8319,26343,538,0,538
8320,26346,675,0,675
8321,26347,2353,0,2353
8322,26348,206,0,206
8323,26349,181,0,181
8324,26351,4264,0,4264
8325,26354,10421,4824,5597
8326,26361,204,0,204
8327,26362,2919,0,2919
8328,26366,85,85,0
8329,26369,596,0,596
8330,26372,702,0,702
8331,26374,1464,0,1464
8332,26376,467,0,467
8333,26377,584,0,584
8334,26378,4246,23,4223
8335,26384,396,0,396
8336,26385,3380,0,3380
8337,26386,1973,804,1169
8338,26404,222,0,222
8339,26405,1155,0,1155
8340,26408,2745,0,2745
8341,26410,983,0,983
8342,26411,703,0,703
8343,26412,569,0,569
8344,26415,3598,0,3598
8345,26416,7026,0,7026
8346,26419,761,0,761
8347,26421,232,0,232
8348,26422,332,0,332
8349,26424,199,0,199
8350,26425,994,0,994
8351,26426,6849,0,6849
8352,26430,396,0,396
8353,26431,5759,2668,3091
8354,26435,87,0,87
8355,26436,165,0,165
8356,26437,419,0,419
8357,26438,244,0,244
8358,26440,1243,0,1243
8359,26443,229,0,229
8360,26444,3228,0,3228
8361,26447,1174,0,1174
8362,26448,1154,0,1154
8363,26451,449,0,449
8364,26452,9861,4407,5454
8365,26456,3134,0,3134
8366,26463,412,0,412
8367,26501,19200,13392,5808
8368,26505,39057,39012,45
8369,26506,1328,1328,0
8370,26508,36907,22747,14160
8371,26519,1825,0,1825
8372,26520,791,0,791
8373,26521,242,0,242
8374,26524,172,0,172
8375,26525,8542,0,8542
8376,26534,868,868,0
8377,26537,5498,0,5498
8378,26541,3337,191,3146
8379,26542,2439,0,2439
8380,26543,122,82,40
8381,26544,135,0,135
8382,26546,114,0,114
8383,26547,2626,0,2626
8384,26554,42133,29665,12468
8385,26559,1369,1132,237
8386,26560,165,0,165
8387,26562,621,0,621
8388,26563,380,0,380
8389,26568,467,358,109
8390,26570,3278,0,3278
8391,26571,1800,0,1800
8392,26572,422,0,422
8393,26574,672,0,672
8394,26575,574,0,574
8395,26576,601,0,601
8396,26581,822,0,822
8397,26582,4597,0,4597
8398,26585,523,0,523
8399,26586,88,0,88
8400,26587,290,0,290
8401,26588,2758,897,1861
8402,26590,702,0,702
8403,26591,1320,454,866
8404,26601,4220,0,4220
8405,26610,1095,0,1095
8406,26611,214,0,214
8407,26615,165,0,165
8408,26617,231,0,231
8409,26619,558,0,558
8410,26621,694,0,694
8411,26623,1048,0,1048
8412,26624,2507,0,2507
8413,26627,368,0,368
8414,26629,407,0,407
8415,26631,217,0,217
8416,26636,363,0,363
8417,26638,222,0,222
8418,26651,8774,0,8774
8419,26656,474,0,474
8420,26660,330,0,330
8421,26662,658,0,658
8422,26667,95,0,95
8423,26671,309,0,309
8424,26676,409,0,409
8425,26678,1203,0,1203
8426,26679,1753,0,1753
8427,26680,441,0,441
8428,26681,1860,0,1860
8429,26684,179,0,179
8430,26690,468,0,468
8431,26691,468,0,468
8432,26704,5532,0,5532
8433,26705,959,0,959
8434,26707,226,0,226
8435,26710,1967,0,1967
8436,26711,2527,0,2527
8437,26714,565,0,565
8438,26716,656,0,656
8439,26717,1063,0,1063
8440,26719,2375,0,2375
8441,26720,186,0,186
8442,26722,702,0,702
8443,26726,13137,6105,7032
8444,26731,253,0,253
8445,26739,749,0,749
8446,26743,1436,0,1436
8447,26750,726,0,726
8448,26753,5991,1541,4450
8449,26755,571,0,571
8450,26757,6218,0,6218
8451,26761,637,0,637
8452,26763,1577,0,1577
8453,26764,4085,0,4085
8454,26767,644,644,0
8455,26801,1304,0,1304
8456,26802,937,0,937
8457,26804,480,0,480
8458,26807,2426,0,2426
8459,26808,814,0,814
8460,26810,372,0,372
8461,26812,1791,0,1791
8462,26814,407,0,407
8463,26815,581,0,581
8464,26817,403,0,403
8465,26818,986,0,986
8466,26823,150,0,150
8467,26833,2253,0,2253
8468,26836,6331,0,6331
8469,26838,48,0,48
8470,26845,823,0,823
8471,26847,6014,0,6014
8472,26851,2012,0,2012
8473,26852,931,0,931
8474,26855,654,0,654
8475,26865,448,0,448
8476,26866,776,0,776
8477,26884,271,0,271
8478,26886,185,0,185
8479,27006,14963,6654,8309
8480,27007,2051,0,2051
8481,27009,2860,588,2272
8482,27011,5210,0,5210
8483,27012,29954,25087,4867
8484,27013,6257,0,6257
8485,27014,798,0,798
8486,27016,1693,0,1693
8487,27017,8976,0,8976
8488,27018,7550,0,7550
8489,27019,3768,0,3768
8490,27020,6168,0,6168
8491,27021,17345,8607,8738
8492,27022,1399,0,1399
8493,27023,13214,10218,2996
8494,27024,2589,0,2589
8495,27025,10769,2206,8563
8496,27027,4006,2421,1585
8497,27028,26479,5971,20508
8498,27030,36995,17354,19641
8499,27040,12409,9524,2885
8500,27041,7501,0,7501
8501,27042,664,0,664
8502,27043,6322,0,6322
8503,27045,9548,6885,2663
8504,27046,1977,0,1977
8505,27047,1169,0,1169
8506,27048,7910,222,7688
8507,27050,3929,196,3733
8508,27051,8195,6165,2030
8509,27052,9861,0,9861
8510,27053,2883,0,2883
8511,27054,2602,0,2602
8512,27055,14109,0,14109
8513,27101,21654,21654,0
8514,27103,36023,35913,110
8515,27104,30533,30533,0
8516,27105,39977,39190,787
8517,27106,49115,49106,9
8518,27107,49834,44049,5785
8519,27109,3120,3120,0
8520,27110,2138,2138,0
8521,27127,39809,39038,771
8522,27201,93,93,0
8523,27202,41,0,41
8524,27203,21869,20306,1563
8525,27205,33562,8940,24622
8526,27207,3724,0,3724
8527,27208,1790,0,1790
8528,27209,4016,0,4016
8529,27212,2667,0,2667
8530,27213,83,0,83
8531,27214,12417,3894,8523
8532,27215,44620,38826,5794
8533,27217,39556,28438,11118
8534,27229,3228,0,3228
8535,27231,1939,0,1939
8536,27233,3477,0,3477
8537,27235,4876,2318,2558
8538,27239,8839,0,8839
8539,27242,1807,0,1807
8540,27243,4622,623,3999
8541,27244,16671,11384,5287
8542,27247,111,0,111
8543,27248,4535,0,4535
8544,27249,13537,7106,6431
8545,27252,1584,0,1584
8546,27253,32010,22010,10000
8547,27256,101,0,101
8548,27258,7088,4566,2522
8549,27259,124,0,124
8550,27260,24573,24573,0
8551,27262,25253,24575,678
8552,27263,21613,17206,4407
8553,27265,52530,48869,3661
8554,27268,1613,1613,0
8555,27278,28846,16616,12230
8556,27281,3299,0,3299
8557,27282,15966,15604,362
8558,27283,3056,0,3056
8559,27284,56859,47424,9435
8560,27288,23375,16101,7274
8561,27291,1559,0,1559
8562,27292,39337,16137,23200
8563,27295,39042,17265,21777
8564,27298,10583,0,10583
8565,27299,5057,1224,3833
8566,27301,10752,6427,4325
8567,27302,33237,23108,10129
8568,27305,1425,0,1425
8569,27306,6399,0,6399
8570,27310,8331,321,8010
8571,27311,3321,33,3288
8572,27312,21572,3074,18498
8573,27313,6792,892,5900
8574,27314,1026,0,1026
8575,27315,1892,6,1886
8576,27316,6664,0,6664
8577,27317,17563,8094,9469
8578,27320,37843,14653,23190
8579,27325,5775,0,5775
8580,27326,3679,0,3679
8581,27330,39489,25882,13607
8582,27332,36020,16226,19794
8583,27340,149,0,149
8584,27341,5235,0,5235
8585,27342,39,0,39
8586,27343,1656,0,1656
8587,27344,17834,8616,9218
8588,27349,6308,0,6308
8589,27350,6550,183,6367
8590,27351,71,0,71
8591,27355,2688,0,2688
8592,27356,2989,0,2989
8593,27357,9190,0,9190
8594,27358,15173,2929,12244
8595,27360,47165,32918,14247
8596,27370,15119,5805,9314
8597,27371,7284,0,7284
8598,27374,376,376,0
8599,27376,9317,941,8376
8600,27377,11341,9157,2184
8601,27379,4463,0,4463
8602,27401,21854,21854,0
8603,27403,23679,23679,0
8604,27405,51506,50724,782
8605,27406,61597,53882,7715
8606,27407,49803,48248,1555
8607,27408,17896,17896,0
8608,27409,17378,17014,364
8609,27410,54968,53995,973
8610,27411,1776,1776,0
8611,27412,3353,3353,0
8612,27455,30913,26226,4687
8613,27501,20918,966,19952
8614,27502,45725,44140,1585
8615,27503,6012,0,6012
8616,27504,16613,215,16398
8617,27505,7005,0,7005
8618,27506,1153,1149,4
8619,27507,1813,0,1813
8620,27508,2077,0,2077
8621,27509,7650,0,7650
8622,27510,14801,14801,0
8623,27511,32786,32786,0
8624,27513,46526,46526,0
8625,27514,33809,31397,2412
8626,27516,45841,34529,11312
8627,27517,28837,21970,6867
8628,27518,21807,21807,0
8629,27519,65923,65849,74
8630,27520,46478,26316,20162
8631,27521,6345,40,6305
8632,27522,13630,7482,6148
8633,27523,17320,14034,3286
8634,27524,13258,2961,10297
8635,27525,16684,973,15711
8636,27526,56089,46101,9988
8637,27527,33827,28157,5670
8638,27529,54250,50058,4192
8639,27530,37470,26834,10636
8640,27531,584,584,0
8641,27533,361,0,361
8642,27534,30844,21109,9735
8643,27536,15998,15660,338
8644,27537,23635,4234,19401
8645,27539,26326,26124,202
8646,27540,44302,41702,2600
8647,27541,4026,0,4026
8648,27542,9607,0,9607
8649,27544,3824,0,3824
8650,27545,32567,30746,1821
8651,27546,20637,6202,14435
8652,27549,24558,2881,21677
8653,27551,2052,0,2052
8654,27553,1944,0,1944
8655,27555,458,0,458
8656,27556,139,0,139
8657,27557,8336,0,8336
8658,27559,2412,0,2412
8659,27560,38959,38941,18
8660,27562,3800,0,3800
8661,27563,4970,0,4970
8662,27565,24676,8925,15751
8663,27568,1187,1131,56
8664,27569,8854,0,8854
8665,27570,24,0,24
8666,27571,8627,8567,60
8667,27572,6652,0,6652
8668,27573,11017,9106,1911
8669,27574,14320,394,13926
8670,27576,17568,6873,10695
8671,27577,24972,10956,14016
8672,27581,3646,0,3646
8673,27582,313,0,313
8674,27583,7204,0,7204
8675,27584,104,0,104
8676,27587,76647,59828,16819
8677,27589,6927,0,6927
8678,27591,24677,11026,13651
8679,27592,18115,10571,7544
8680,27593,31,0,31
8681,27594,63,0,63
8682,27596,19023,9171,9852
8683,27597,27178,8996,18182
8684,27599,16,16,0
8685,27601,9965,9965,0
8686,27603,54616,52303,2313
8687,27604,46076,45314,762
8688,27605,6409,6409,0
8689,27606,48343,48138,205
8690,27607,27182,27165,17
8691,27608,12018,12018,0
8692,27609,36218,36218,0
8693,27610,75164,73519,1645
8694,27612,39576,39414,162
8695,27613,46969,46560,409
8696,27614,35415,33909,1506
8697,27615,43010,43010,0
8698,27616,56941,56337,604
8699,27617,20968,20966,2
8700,27695,1045,1045,0
8701,27697,0,0,0
8702,27701,25208,25208,0
8703,27703,61539,60116,1423
8704,27704,39532,37218,2314
8705,27705,50472,46036,4436
8706,27707,49787,49454,333
8707,27708,3419,3419,0
8708,27709,5,5,0
8709,27712,21683,18953,2730
8710,27713,54988,53800,1188
8711,27801,19043,14105,4938
8712,27803,20882,14582,6300
8713,27804,28707,25721,2986
8714,27805,3164,0,3164
8715,27806,1950,0,1950
8716,27807,6749,0,6749
8717,27808,2324,0,2324
8718,27809,4345,1018,3327
8719,27810,3439,0,3439
8720,27812,2358,0,2358
8721,27813,659,0,659
8722,27814,1627,0,1627
8723,27815,15,0,15
8724,27816,2636,0,2636
8725,27817,6824,892,5932
8726,27818,1159,0,1159
8727,27819,241,0,241
8728,27820,2486,0,2486
8729,27821,216,0,216
8730,27822,8351,167,8184
8731,27823,6354,0,6354
8732,27824,1113,0,1113
8733,27825,84,0,84
8734,27826,1126,0,1126
8735,27827,41,0,41
8736,27828,8673,4380,4293
8737,27829,1786,0,1786
8738,27830,4377,0,4377
8739,27831,3009,884,2125
8740,27832,2630,1151,1479
8741,27834,55051,40528,14523
8742,27837,5871,1673,4198
8743,27839,3509,0,3509
8744,27840,457,0,457
8745,27841,49,0,49
8746,27842,1469,0,1469
8747,27843,931,0,931
8748,27844,2932,0,2932
8749,27845,1489,0,1489
8750,27846,2731,0,2731
8751,27847,714,0,714
8752,27849,1027,0,1027
8753,27850,6462,0,6462
8754,27851,5023,0,5023
8755,27852,2673,0,2673
8756,27853,394,0,394
8757,27855,5908,0,5908
8758,27856,17029,6559,10470
8759,27857,1075,0,1075
8760,27858,52857,47431,5426
8761,27860,1749,0,1749
8762,27861,70,0,70
8763,27862,820,0,820
8764,27863,12520,604,11916
8765,27864,4133,0,4133
8766,27865,1926,0,1926
8767,27866,756,0,756
8768,27869,1832,0,1832
8769,27870,25738,19684,6054
8770,27871,3951,0,3951
8771,27872,222,0,222
8772,27873,295,0,295
8773,27874,4027,0,4027
8774,27875,390,0,390
8775,27876,1127,0,1127
8776,27877,2,0,2
8777,27878,1323,1312,11
8778,27879,278,278,0
8779,27880,3347,0,3347
8780,27881,32,0,32
8781,27882,7648,61,7587
8782,27883,3398,0,3398
8783,27884,1156,0,1156
8784,27885,802,0,802
8785,27886,18776,12059,6717
8786,27888,2100,0,2100
8787,27889,26054,15617,10437
8788,27890,2150,1681,469
8789,27891,4626,0,4626
8790,27892,13864,5522,8342
8791,27893,37131,29259,7872
8792,27896,20683,18900,1783
8793,27897,1370,0,1370
8794,27909,40606,22329,18277
8795,27910,10662,4861,5801
8796,27915,832,0,832
8797,27916,913,0,913
8798,27917,658,0,658
8799,27919,1120,0,1120
8800,27920,1181,0,1181
8801,27921,4978,505,4473
8802,27922,788,0,788
8803,27923,552,0,552
8804,27924,2620,0,2620
8805,27925,3017,0,3017
8806,27926,1606,0,1606
8807,27927,1457,1157,300
8808,27928,1670,0,1670
8809,27929,2471,0,2471
8810,27932,11930,4329,7601
8811,27935,1485,0,1485
8812,27936,994,0,994
8813,27937,3524,0,3524
8814,27938,1330,0,1330
8815,27939,2722,0,2722
8816,27941,673,0,673
8817,27942,623,0,623
8818,27943,577,0,577
8819,27944,11406,0,11406
8820,27946,1154,0,1154
8821,27947,1139,0,1139
8822,27948,12095,12052,43
8823,27949,8151,7536,615
8824,27950,1918,0,1918
8825,27953,947,322,625
8826,27954,6510,5748,762
8827,27956,251,0,251
8828,27957,1251,0,1251
8829,27958,12078,0,12078
8830,27959,3182,3106,76
8831,27960,797,0,797
8832,27962,6788,0,6788
8833,27964,447,0,447
8834,27965,563,0,563
8835,27966,1183,0,1183
8836,27967,428,0,428
8837,27968,213,0,213
8838,27969,159,0,159
8839,27970,2798,0,2798
8840,27972,343,0,343
8841,27973,1610,0,1610
8842,27974,886,0,886
8843,27976,3918,0,3918
8844,27978,214,0,214
8845,27979,1393,0,1393
8846,27980,1915,0,1915
8847,27981,1544,0,1544
8848,27982,132,0,132
8849,27983,8945,0,8945
8850,27985,169,0,169
8851,27986,2226,0,2226
8852,28001,27185,15933,11252
8853,28006,899,0,899
8854,28007,631,0,631
8855,28009,1210,0,1210
8856,28012,26202,24119,2083
8857,28016,13313,6222,7091
8858,28017,553,0,553
8859,28018,5320,81,5239
8860,28019,40,0,40
8861,28020,2430,0,2430
8862,28021,13669,6335,7334
8863,28023,15144,7345,7799
8864,28024,14,0,14
8865,28025,58260,44412,13848
8866,28027,76478,73826,2652
8867,28031,30836,30836,0
8868,28032,3279,3279,0
8869,28033,2862,369,2493
8870,28034,19258,10294,8964
8871,28036,21244,17862,3382
8872,28037,25596,0,25596
8873,28039,62,62,0
8874,28040,7472,0,7472
8875,28041,30,30,0
8876,28042,111,0,111
8877,28043,20183,12278,7905
8878,28052,35332,32020,3312
8879,28054,40548,40496,52
8880,28056,34332,30033,4299
8881,28071,3147,0,3147
8882,28072,864,864,0
8883,28073,5356,0,5356
8884,28074,15,0,15
8885,28075,21366,20764,602
8886,28076,358,0,358
8887,28077,362,0,362
8888,28078,67863,64144,3719
8889,28079,39051,35426,3625
8890,28080,7964,668,7296
8891,28081,28583,24159,4424
8892,28083,25821,24129,1692
8893,28086,27641,12497,15144
8894,28088,3343,3276,67
8895,28089,153,0,153
8896,28090,7870,0,7870
8897,28091,1766,0,1766
8898,28092,38719,21990,16729
8899,28097,6876,0,6876
8900,28098,3868,3829,39
8901,28101,736,736,0
8902,28102,94,0,94
8903,28103,10164,0,10164
8904,28104,34521,34070,451
8905,28105,44085,44085,0
8906,28107,9353,0,9353
8907,28108,50,0,50
8908,28109,541,0,541
8909,28110,53316,37066,16250
8910,28112,27126,12866,14260
8911,28114,7351,0,7351
8912,28115,43413,35343,8070
8913,28117,46917,46616,301
8914,28119,2044,0,2044
8915,28120,24017,20873,3144
8916,28124,6922,0,6922
8917,28125,2687,148,2539
8918,28127,7571,850,6721
8919,28128,7119,0,7119
8920,28129,5817,0,5817
8921,28133,2550,0,2550
8922,28134,12411,12411,0
8923,28135,4779,143,4636
8924,28136,42,0,42
8925,28137,2804,205,2599
8926,28138,10855,3734,7121
8927,28139,18665,4824,13841
8928,28144,26254,23530,2724
8929,28146,29572,13326,16246
8930,28147,26618,15793,10825
8931,28150,28517,16849,11668
8932,28152,25643,9106,16537
8933,28159,3067,2929,138
8934,28160,3869,3577,292
8935,28163,5334,0,5334
8936,28164,14903,5607,9296
8937,28166,10357,5120,5237
8938,28167,2417,0,2417
8939,28168,10120,0,10120
8940,28169,169,31,138
8941,28170,10337,4760,5577
8942,28173,64144,46547,17597
8943,28174,9269,6061,3208
8944,28202,16447,16447,0
8945,28203,18572,18572,0
8946,28204,9411,9411,0
8947,28205,49600,49600,0
8948,28206,14053,14053,0
8949,28207,9184,9184,0
8950,28208,38614,38614,0
8951,28209,24836,24836,0
8952,28210,46843,46843,0
8953,28211,31917,31917,0
8954,28212,41009,41009,0
8955,28213,47215,47215,0
8956,28214,42925,42740,185
8957,28215,61842,61733,109
8958,28216,57196,56651,545
8959,28217,28955,28955,0
8960,28223,5197,5197,0
8961,28226,40513,40513,0
8962,28227,57126,54745,2381
8963,28244,0,0,0
8964,28262,46048,46048,0
8965,28269,82422,82422,0
8966,28270,34613,34613,0
8967,28273,41404,41404,0
8968,28274,822,822,0
8969,28277,74957,74957,0
8970,28278,33426,32006,1420
8971,28280,22,22,0
8972,28282,0,0,0
8973,28301,17670,17573,97
8974,28303,30842,30842,0
8975,28304,37120,37000,120
8976,28305,5844,5844,0
8977,28306,44615,40315,4300
8978,28307,14426,14426,0
8979,28308,337,337,0
8980,28310,8503,7927,576
8981,28311,36302,32628,3674
8982,28312,19723,3629,16094
8983,28314,54271,54271,0
8984,28315,13500,9053,4447
8985,28318,4275,0,4275
8986,28320,7810,0,7810
8987,28323,4613,0,4613
8988,28325,328,0,328
8989,28326,26061,12814,13247
8990,28327,18118,6084,12034
8991,28328,25300,9315,15985
8992,28330,384,362,22
8993,28331,150,0,150
8994,28332,444,0,444
8995,28333,10560,5325,5235
8996,28334,23697,9708,13989
8997,28337,9285,0,9285
8998,28338,3811,0,3811
8999,28339,6444,3999,2445
9000,28340,8481,0,8481
9001,28341,3495,0,3495
9002,28342,178,0,178
9003,28343,1368,0,1368
9004,28344,2982,0,2982
9005,28345,11546,7787,3759
9006,28347,1555,0,1555
9007,28348,37476,33155,4321
9008,28349,3070,0,3070
9009,28350,339,0,339
9010,28351,4278,0,4278
9011,28352,24940,16225,8715
9012,28355,17,0,17
9013,28356,5562,0,5562
9014,28357,2746,33,2713
9015,28358,32865,19103,13762
9016,28359,1073,0,1073
9017,28360,12043,3153,8890
9018,28362,44,0,44
9019,28363,1257,0,1257
9020,28364,12402,0,12402
9021,28365,14653,0,14653
9022,28366,4948,0,4948
9023,28367,100,0,100
9024,28368,86,0,86
9025,28369,2123,0,2123
9026,28371,7278,2158,5120
9027,28372,13765,5694,8071
9028,28373,2331,1346,985
9029,28374,18818,18170,648
9030,28375,181,0,181
9031,28376,43160,28506,14654
9032,28377,11081,0,11081
9033,28378,81,0,81
9034,28379,24603,15684,8919
9035,28382,6511,0,6511
9036,28383,7098,0,7098
9037,28384,11160,0,11160
9038,28385,2857,0,2857
9039,28386,5768,0,5768
9040,28387,16413,14725,1688
9041,28390,23799,16364,7435
9042,28391,5476,0,5476
9043,28392,1333,0,1333
9044,28393,1713,0,1713
9045,28394,5559,0,5559
9046,28395,2596,0,2596
9047,28396,2284,0,2284
9048,28398,6602,0,6602
9049,28399,1675,0,1675
9050,28401,22204,21892,312
9051,28403,38134,38134,0
9052,28405,31775,31496,279
9053,28409,34681,34681,0
9054,28411,37834,36501,1333
9055,28412,42758,42547,211
9056,28420,3466,0,3466
9057,28421,1518,0,1518
9058,28422,8249,0,8249
9059,28423,2009,0,2009
9060,28424,59,59,0
9061,28425,10280,0,10280
9062,28428,6848,6830,18
9063,28429,8802,6793,2009
9064,28430,1522,0,1522
9065,28431,6255,0,6255
9066,28432,1806,0,1806
9067,28433,4282,0,4282
9068,28434,957,0,957
9069,28435,2241,0,2241
9070,28436,1829,0,1829
9071,28438,1541,0,1541
9072,28439,1165,0,1165
9073,28441,2965,0,2965
9074,28442,1487,0,1487
9075,28443,25074,19435,5639
9076,28444,1955,0,1955
9077,28445,10243,2974,7269
9078,28447,992,0,992
9079,28448,977,0,977
9080,28449,1926,1926,0
9081,28450,2073,0,2073
9082,28451,39025,28847,10178
9083,28452,577,0,577
9084,28453,3251,0,3251
9085,28454,3175,0,3175
9086,28455,1681,0,1681
9087,28456,3502,0,3502
9088,28457,11008,0,11008
9089,28458,5587,0,5587
9090,28460,12591,931,11660
9091,28461,22141,14648,7493
9092,28462,12674,8687,3987
9093,28463,8494,0,8494
9094,28464,2086,0,2086
9095,28465,8020,7973,47
9096,28466,8773,0,8773
9097,28467,11770,11297,473
9098,28468,5047,4751,296
9099,28469,8171,6382,1789
9100,28470,11141,1163,9978
9101,28472,17308,5157,12151
9102,28478,4274,0,4274
9103,28479,6087,3214,2873
9104,28480,2476,2468,8
9105,28501,17964,12890,5074
9106,28504,20180,8160,12020
9107,28508,1922,0,1922
9108,28509,7,0,7
9109,28510,1451,0,1451
9110,28511,561,0,561
9111,28512,3011,2977,34
9112,28513,10006,4946,5060
9113,28515,2729,0,2729
9114,28516,11204,6378,4826
9115,28518,7852,0,7852
9116,28519,389,261,128
9117,28520,254,0,254
9118,28521,1952,0,1952
9119,28523,2376,0,2376
9120,28524,314,0,314
9121,28525,3261,0,3261
9122,28526,2208,0,2208
9123,28527,1220,0,1220
9124,28528,588,0,588
9125,28529,2050,0,2050
9126,28530,6771,0,6771
9127,28531,1127,0,1127
9128,28532,20340,15309,5031
9129,28533,1792,1792,0
9130,28537,106,0,106
9131,28538,2155,0,2155
9132,28539,17039,12606,4433
9133,28540,49739,38263,11476
9134,28542,3536,3536,0
9135,28543,5016,3613,1403
9136,28544,4283,4283,0
9137,28546,48547,42955,5592
9138,28547,22703,18574,4129
9139,28551,13215,0,13215
9140,28552,141,0,141
9141,28553,382,0,382
9142,28554,158,0,158
9143,28555,5260,0,5260
9144,28556,864,0,864
9145,28557,14910,14704,206
9146,28560,28005,15745,12260
9147,28562,39375,31982,7393
9148,28570,21647,13832,7815
9149,28571,2502,0,2502
9150,28572,6549,0,6549
9151,28573,2013,0,2013
9152,28574,18689,0,18689
9153,28575,164,164,0
9154,28577,302,0,302
9155,28578,5339,0,5339
9156,28579,643,0,643
9157,28580,12672,0,12672
9158,28581,187,0,187
9159,28582,1891,0,1891
9160,28584,13584,10332,3252
9161,28585,3617,0,3617
9162,28586,7865,0,7865
9163,28587,277,0,277
9164,28589,28,0,28
9165,28590,28326,25294,3032
9166,28594,3849,3849,0
9167,28601,53973,52529,1444
9168,28602,29184,20438,8746
9169,28604,7050,0,7050
9170,28605,3873,1555,2318
9171,28606,2059,0,2059
9172,28607,35495,25759,9736
9173,28609,6137,0,6137
9174,28610,10100,2474,7626
9175,28611,648,0,648
9176,28612,11835,4996,6839
9177,28613,22970,17511,5459
9178,28615,1915,0,1915
9179,28616,162,0,162
9180,28617,2343,0,2343
9181,28618,2226,0,2226
9182,28619,510,510,0
9183,28621,9952,0,9952
9184,28622,2395,0,2395
9185,28623,1618,0,1618
9186,28624,1395,0,1395
9187,28625,38396,16641,21755
9188,28626,2499,0,2499
9189,28627,1334,0,1334
9190,28628,117,94,23
9191,28629,59,0,59
9192,28630,19772,7508,12264
9193,28631,647,0,647
9194,28634,5164,0,5164
9195,28635,3464,0,3464
9196,28636,4998,0,4998
9197,28637,1471,1471,0
9198,28638,11880,10239,1641
9199,28640,4622,0,4622
9200,28641,47,0,47
9201,28642,5336,0,5336
9202,28643,3233,0,3233
9203,28644,1598,0,1598
9204,28645,46004,26253,19751
9205,28646,553,0,553
9206,28649,936,0,936
9207,28650,12982,3692,9290
9208,28651,6305,1730,4575
9209,28652,73,0,73
9210,28653,36,0,36
9211,28654,3354,0,3354
9212,28655,55328,27320,28008
9213,28657,9086,0,9086
9214,28658,26453,16053,10400
9215,28659,20588,12051,8537
9216,28660,2289,0,2289
9217,28662,127,0,127
9218,28663,701,0,701
9219,28664,91,0,91
9220,28665,2549,53,2496
9221,28666,118,118,0
9222,28667,376,326,50
9223,28668,272,0,272
9224,28669,2861,0,2861
9225,28670,2747,0,2747
9226,28671,503,503,0
9227,28672,34,0,34
9228,28673,6761,0,6761
9229,28675,6138,0,6138
9230,28676,3471,0,3471
9231,28677,35926,23441,12485
9232,28678,4999,0,4999
9233,28679,1911,0,1911
9234,28681,25181,1564,23617
9235,28682,1126,0,1126
9236,28683,1740,0,1740
9237,28684,2065,0,2065
9238,28685,1831,0,1831
9239,28689,1846,0,1846
9240,28690,9124,7923,1201
9241,28692,4161,404,3757
9242,28693,1425,0,1425
9243,28694,7769,0,7769
9244,28697,12674,6056,6618
9245,28698,2141,0,2141
9246,28701,4311,712,3599
9247,28702,409,0,409
9248,28704,23734,21771,1963
9249,28705,6220,0,6220
9250,28707,302,118,184
9251,28708,662,0,662
9252,28709,2214,0,2214
9253,28710,85,0,85
9254,28711,14047,10094,3953
9255,28712,18928,10415,8513
9256,28713,8551,0,8551
9257,28714,16397,0,16397
9258,28715,27810,19067,8743
9259,28716,17710,8468,9242
9260,28717,1639,0,1639
9261,28718,597,0,597
9262,28719,7980,0,7980
9263,28720,125,0,125
9264,28721,10370,5237,5133
9265,28722,6223,0,6223
9266,28723,12297,7865,4432
9267,28725,102,56,46
9268,28726,3787,3771,16
9269,28729,2923,0,2923
9270,28730,9707,2697,7010
9271,28731,8806,5585,3221
9272,28732,19158,14616,4542
9273,28733,66,0,66
9274,28734,29284,9358,19926
9275,28735,322,0,322
9276,28736,1026,0,1026
9277,28739,21251,13205,8046
9278,28740,2273,0,2273
9279,28741,3736,0,3736
9280,28742,2981,145,2836
9281,28743,1980,0,1980
9282,28745,697,697,0
9283,28746,2726,0,2726
9284,28747,2114,0,2114
9285,28748,13030,2326,10704
9286,28749,157,0,157
9287,28751,3965,2418,1547
9288,28752,29669,12031,17638
9289,28753,11321,0,11321
9290,28754,8074,0,8074
9291,28755,21,0,21
9292,28756,4156,0,4156
9293,28757,901,794,107
9294,28758,17,17,0
9295,28759,7728,2864,4864
9296,28761,8317,0,8317
9297,28762,6661,0,6661
9298,28763,2842,0,2842
9299,28766,1440,0,1440
9300,28768,6820,2644,4176
9301,28770,35,18,17
9302,28771,7581,0,7581
9303,28772,1365,0,1365
9304,28773,3204,0,3204
9305,28774,1571,0,1571
9306,28775,573,0,573
9307,28777,10635,0,10635
9308,28778,10328,7074,3254
9309,28779,16586,6218,10368
9310,28781,760,0,760
9311,28782,5889,1659,4230
9312,28783,1473,0,1473
9313,28785,8238,2419,5819
9314,28786,21204,13740,7464
9315,28787,21948,11355,10593
9316,28788,168,113,55
9317,28789,5804,0,5804
9318,28790,3128,62,3066
9319,28791,14899,14443,456
9320,28792,35962,25315,10647
9321,28801,15148,15148,0
9322,28803,34108,32428,1680
9323,28804,23964,21944,2020
9324,28805,18554,16460,2094
9325,28806,44621,43865,756
9326,28901,5212,0,5212
9327,28902,1398,0,1398
9328,28904,9004,0,9004
9329,28905,3277,0,3277
9330,28906,19896,0,19896
9331,28909,1060,0,1060
9332,29001,1935,0,1935
9333,29003,5859,0,5859
9334,29006,9608,3416,6192
9335,29009,2474,0,2474
9336,29010,11564,0,11564
9337,29014,1702,0,1702
9338,29015,1329,0,1329
9339,29016,26245,18184,8061
9340,29018,3256,0,3256
9341,29020,23264,13547,9717
9342,29030,1827,0,1827
9343,29031,1158,0,1158
9344,29032,4379,0,4379
9345,29033,12575,12575,0
9346,29036,27047,16303,10744
9347,29037,852,0,852
9348,29038,2318,0,2318
9349,29039,3672,171,3501
9350,29040,8596,2100,6496
9351,29042,4603,0,4603
9352,29044,4993,0,4993
9353,29045,27723,19695,8028
9354,29046,71,0,71
9355,29047,3303,0,3303
9356,29048,4317,0,4317
9357,29051,781,0,781
9358,29052,1634,0,1634
9359,29053,19239,5282,13957
9360,29054,10774,0,10774
9361,29055,4117,0,4117
9362,29056,2162,0,2162
9363,29058,4671,0,4671
9364,29059,5662,0,5662
9365,29061,13684,4458,9226
9366,29062,64,0,64
9367,29063,36341,34378,1963
9368,29065,640,0,640
9369,29067,10137,0,10137
9370,29069,4496,0,4496
9371,29070,15757,1573,14184
9372,29072,65060,60656,4404
9373,29073,48653,40045,8608
9374,29074,343,0,343
9375,29075,3189,0,3189
9376,29078,16430,9232,7198
9377,29079,80,0,80
9378,29080,2592,0,2592
9379,29081,1219,0,1219
9380,29082,517,0,517
9381,29101,2852,0,2852
9382,29102,16319,4522,11797
9383,29104,1370,0,1370
9384,29105,1433,0,1433
9385,29107,2822,0,2822
9386,29108,20159,12342,7817
9387,29111,1432,0,1432
9388,29112,4437,0,4437
9389,29113,1384,0,1384
9390,29114,1937,0,1937
9391,29115,28207,19247,8960
9392,29117,273,273,0
9393,29118,15446,9381,6065
9394,29122,54,0,54
9395,29123,7261,0,7261
9396,29125,2698,0,2698
9397,29126,2342,0,2342
9398,29127,8909,0,8909
9399,29128,4853,0,4853
9400,29129,2948,0,2948
9401,29130,6387,0,6387
9402,29133,926,0,926
9403,29135,8074,0,8074
9404,29137,2607,0,2607
9405,29138,10070,0,10070
9406,29142,4432,0,4432
9407,29145,706,0,706
9408,29146,1453,0,1453
9409,29148,5856,0,5856
9410,29150,39460,36119,3341
9411,29152,2078,2078,0
9412,29153,15013,6736,8277
9413,29154,29706,21643,8063
9414,29160,7921,0,7921
9415,29161,10728,145,10583
9416,29162,3537,0,3537
9417,29163,1840,0,1840
9418,29164,4253,0,4253
9419,29166,904,0,904
9420,29168,3072,149,2923
9421,29169,22768,22768,0
9422,29170,22422,22100,322
9423,29172,8955,7759,1196
9424,29175,359,0,359
9425,29177,213,213,0
9426,29178,3153,0,3153
9427,29180,12445,4710,7735
9428,29201,25259,25259,0
9429,29203,39449,36198,3251
9430,29204,18059,18059,0
9431,29205,23586,23586,0
9432,29206,19304,19304,0
9433,29207,7035,6461,574
9434,29208,2330,2330,0
9435,29209,35738,35404,334
9436,29210,39299,38745,554
9437,29212,29739,29684,55
9438,29223,52477,52477,0
9439,29225,527,527,0
9440,29229,51548,51534,14
9441,29301,34531,34243,288
9442,29302,17356,14530,2826
9443,29303,26793,25876,917
9444,29306,16822,14969,1853
9445,29307,19034,15111,3923
9446,29316,29459,29153,306
9447,29320,907,907,0
9448,29321,2613,587,2026
9449,29322,9777,0,9777
9450,29323,16488,850,15638
9451,29324,165,98,67
9452,29325,14300,9143,5157
9453,29329,283,283,0
9454,29330,8302,0,8302
9455,29331,108,0,108
9456,29332,2409,0,2409
9457,29333,517,517,0
9458,29334,16472,16074,398
9459,29335,5316,0,5316
9460,29338,121,0,121
9461,29340,20695,11039,9656
9462,29341,19959,8003,11956
9463,29346,244,244,0
9464,29349,36458,19056,17402
9465,29351,1562,0,1562
9466,29353,3890,0,3890
9467,29355,781,0,781
9468,29356,8893,2859,6034
9469,29360,21242,11331,9911
9470,29364,462,0,462
9471,29365,13882,11688,2194
9472,29368,158,0,158
9473,29369,16007,14173,1834
9474,29370,1069,0,1069
9475,29372,4401,0,4401
9476,29373,262,0,262
9477,29374,3615,0,3615
9478,29375,100,100,0
9479,29376,7888,4661,3227
9480,29377,826,826,0
9481,29378,286,286,0
9482,29379,18068,9142,8926
9483,29384,3968,0,3968
9484,29385,9005,6338,2667
9485,29388,16017,2763,13254
9486,29401,9145,9145,0
9487,29403,21363,21356,7
9488,29404,2161,2161,0
9489,29405,25620,25620,0
9490,29406,32730,32610,120
9491,29407,35373,35373,0
9492,29409,1957,1957,0
9493,29410,20238,20158,80
9494,29412,39687,38218,1469
9495,29414,45150,44641,509
9496,29418,24154,24154,0
9497,29420,23619,23619,0
9498,29424,768,768,0
9499,29425,0,0,0
9500,29426,1654,0,1654
9501,29429,3899,1423,2476
9502,29431,6040,0,6040
9503,29432,2685,0,2685
9504,29434,658,0,658
9505,29435,3819,0,3819
9506,29436,4198,0,4198
9507,29437,2389,0,2389
9508,29438,3137,0,3137
9509,29439,1891,1828,63
9510,29440,27451,11364,16087
9511,29445,60558,59059,1499
9512,29446,1115,0,1115
9513,29448,2337,0,2337
9514,29449,8018,0,8018
9515,29450,3400,0,3400
9516,29451,4417,4347,70
9517,29452,343,0,343
9518,29453,1156,0,1156
9519,29455,28344,17411,10933
9520,29456,37577,37577,0
9521,29458,2489,0,2489
9522,29461,42402,26229,16173
9523,29464,51287,50818,469
9524,29466,42316,42195,121
9525,29468,1722,0,1722
9526,29469,833,550,283
9527,29470,4598,0,4598
9528,29471,1510,0,1510
9529,29472,10279,0,10279
9530,29474,2412,0,2412
9531,29475,2601,0,2601
9532,29477,6344,0,6344
9533,29479,6598,0,6598
9534,29481,1705,0,1705
9535,29482,1891,1891,0
9536,29483,56778,54092,2686
9537,29485,57181,56129,1052
9538,29486,41148,35974,5174
9539,29487,2848,0,2848
9540,29488,21790,9229,12561
9541,29492,19619,18841,778
9542,29493,115,0,115
9543,29501,46528,43667,2861
9544,29505,25269,20657,4612
9545,29506,19967,11730,8237
9546,29510,10392,0,10392
9547,29511,5550,0,5550
9548,29512,17941,9075,8866
9549,29516,746,0,746
9550,29518,1115,6,1109
9551,29519,160,0,160
9552,29520,13046,7284,5762
9553,29525,1780,0,1780
9554,29526,51403,32635,18768
9555,29527,26343,10638,15705
9556,29530,3014,0,3014
9557,29532,19572,10899,8673
9558,29536,15260,8166,7094
9559,29540,4710,66,4644
9560,29541,9357,2272,7085
9561,29543,617,0,617
9562,29544,6788,0,6788
9563,29545,1615,0,1615
9564,29546,2315,0,2315
9565,29547,2601,318,2283
9566,29550,30013,13946,16067
9567,29554,8346,0,8346
9568,29555,5878,0,5878
9569,29556,11530,5244,6286
9570,29560,12668,6805,5863
9571,29563,2288,0,2288
9572,29564,868,0,868
9573,29565,6477,0,6477
9574,29566,21792,19751,2041
9575,29567,563,0,563
9576,29568,15287,4532,10755
9577,29569,17048,0,17048
9578,29570,3676,0,3676
9579,29571,14423,6963,7460
9580,29572,10711,10699,12
9581,29574,10232,4970,5262
9582,29575,18135,18135,0
9583,29576,32476,32438,38
9584,29577,34109,34080,29
9585,29579,50378,49115,1263
9586,29580,1174,0,1174
9587,29581,3882,0,3882
9588,29582,18897,18763,134
9589,29583,4858,0,4858
9590,29584,2429,0,2429
9591,29585,16574,15225,1349
9592,29588,48113,44575,3538
9593,29589,85,0,85
9594,29590,3415,0,3415
9595,29591,4516,110,4406
9596,29592,1128,0,1128
9597,29593,1637,0,1637
9598,29594,112,0,112
9599,29596,2345,196,2149
9600,29601,13261,13261,0
9601,29605,36970,36667,303
9602,29607,44216,44216,0
9603,29609,31547,30358,1189
9604,29611,32413,32166,247
9605,29613,2186,2186,0
9606,29614,1707,1707,0
9607,29615,38684,38684,0
9608,29617,28394,26357,2037
9609,29620,12376,5092,7284
9610,29621,44601,37690,6911
9611,29624,14819,12226,2593
9612,29625,28521,23404,5117
9613,29626,13023,6797,6226
9614,29627,18871,5456,13415
9615,29628,2454,0,2454
9616,29630,15651,8803,6848
9617,29631,17291,17085,206
9618,29634,6207,6207,0
9619,29635,1305,0,1305
9620,29638,2977,0,2977
9621,29639,1703,0,1703
9622,29640,32191,20288,11903
9623,29642,35675,28483,7192
9624,29643,2892,0,2892
9625,29644,22357,11702,10655
9626,29645,10584,0,10584
9627,29646,26783,19964,6819
9628,29649,27485,21723,5762
9629,29650,38721,38721,0
9630,29651,50778,41601,9177
9631,29653,4548,159,4389
9632,29654,10226,0,10226
9633,29655,7323,0,7323
9634,29657,15614,4540,11074
9635,29658,283,0,283
9636,29659,98,0,98
9637,29661,5963,0,5963
9638,29662,14812,14812,0
9639,29664,1727,0,1727
9640,29665,199,165,34
9641,29666,6685,0,6685
9642,29667,243,243,0
9643,29669,13839,2758,11081
9644,29670,9459,5128,4331
9645,29671,18615,5738,12877
9646,29672,12703,8773,3930
9647,29673,29898,15844,14054
9648,29676,5641,0,5641
9649,29678,23700,13449,10251
9650,29680,34784,32251,2533
9651,29681,63257,61693,1564
9652,29682,4051,0,4051
9653,29683,324,0,324
9654,29684,4722,464,4258
9655,29685,1806,0,1806
9656,29686,1116,0,1116
9657,29687,44124,40042,4082
9658,29689,4335,65,4270
9659,29690,22912,8157,14755
9660,29691,11142,4385,6757
9661,29692,4602,0,4602
9662,29693,14614,153,14461
9663,29696,4759,1572,3187
9664,29697,13344,7531,5813
9665,29702,9804,0,9804
9666,29704,3648,221,3427
9667,29706,19346,8611,10735
9668,29707,32759,31635,1124
9669,29708,40227,40227,0
9670,29709,5911,0,5911
9671,29710,39272,25652,13620
9672,29712,2327,0,2327
9673,29714,2945,0,2945
9674,29715,41491,40680,811
9675,29717,1364,0,1364
9676,29718,3827,0,3827
9677,29720,51198,27956,23242
9678,29724,49,0,49
9679,29726,1817,0,1817
9680,29727,1473,0,1473
9681,29728,9849,0,9849
9682,29729,2178,0,2178
9683,29730,57325,42883,14442
9684,29732,59417,55345,4072
9685,29733,1710,1710,0
9686,29741,1882,0,1882
9687,29742,2388,0,2388
9688,29743,1384,0,1384
9689,29745,32602,11434,21168
9690,29801,27613,19711,7902
9691,29803,40056,27705,12351
9692,29805,5910,326,5584
9693,29809,2262,0,2262
9694,29810,3896,0,3896
9695,29812,11107,0,11107
9696,29816,703,678,25
9697,29817,4154,0,4154
9698,29819,1449,0,1449
9699,29821,1368,0,1368
9700,29824,7552,0,7552
9701,29826,136,0,136
9702,29827,3547,0,3547
9703,29828,738,738,0
9704,29829,12567,9386,3181
9705,29831,3698,20,3678
9706,29832,4672,0,4672
9707,29834,500,500,0
9708,29835,6231,0,6231
9709,29836,412,0,412
9710,29838,544,0,544
9711,29840,186,0,186
9712,29841,32919,32056,863
9713,29842,8066,2263,5803
9714,29843,1155,0,1155
9715,29844,102,0,102
9716,29845,1110,0,1110
9717,29847,5302,0,5302
9718,29848,768,0,768
9719,29849,279,0,279
9720,29851,8534,5421,3113
9721,29853,6161,0,6161
9722,29856,2698,0,2698
9723,29860,17178,10595,6583
9724,29899,899,0,899
9725,29902,16692,15471,1221
9726,29904,1975,1975,0
9727,29905,2502,2502,0
9728,29906,22608,20015,2593
9729,29907,14052,8721,5331
9730,29909,23621,18651,4970
9731,29910,49140,44066,5074
9732,29911,1320,0,1320
9733,29912,20,0,20
9734,29915,557,0,557
9735,29916,1362,0,1362
9736,29918,4832,0,4832
9737,29920,9214,0,9214
9738,29921,204,0,204
9739,29922,999,0,999
9740,29923,354,0,354
9741,29924,4038,0,4038
9742,29926,24832,24244,588
9743,29927,9095,123,8972
9744,29928,15538,15523,15
9745,29929,1048,0,1048
9746,29932,219,0,219
9747,29934,1002,0,1002
9748,29935,3859,3831,28
9749,29936,14196,313,13883
9750,29939,202,0,202
9751,29940,3789,0,3789
9752,29941,304,0,304
9753,29943,396,0,396
9754,29944,4556,0,4556
9755,29945,4207,0,4207
9756,30002,6103,6103,0
9757,30004,68607,65996,2611
9758,30005,39308,39308,0
9759,30008,32435,32435,0
9760,30009,19256,19256,0
9761,30011,18827,15406,3421
9762,30012,30307,24200,6107
9763,30013,29181,28425,756
9764,30014,39247,23260,15987
9765,30016,58428,45751,12677
9766,30017,24642,24642,0
9767,30018,77,0,77
9768,30019,50761,46425,4336
9769,30021,25442,25442,0
9770,30022,66667,66667,0
9771,30024,87115,87115,0
9772,30025,10430,0,10430
9773,30028,30318,20139,10179
9774,30030,32364,32364,0
9775,30032,44697,44697,0
9776,30033,33189,33189,0
9777,30034,47450,47450,0
9778,30035,22671,22671,0
9779,30038,43683,42714,969
9780,30039,48933,48853,80
9781,30040,81191,78951,2240
9782,30041,72489,69520,2969
9783,30043,88453,88453,0
9784,30044,94774,94774,0
9785,30045,42230,42230,0
9786,30046,40227,40227,0
9787,30047,69172,69172,0
9788,30052,74442,60354,14088
9789,30054,12659,3314,9345
9790,30055,3647,0,3647
9791,30056,2685,0,2685
9792,30058,59445,59199,246
9793,30060,39890,39890,0
9794,30062,66889,66889,0
9795,30064,50568,50568,0
9796,30066,62417,62417,0
9797,30067,47653,47653,0
9798,30068,34870,34870,0
9799,30070,80,80,0
9800,30071,25629,25629,0
9801,30072,625,625,0
9802,30075,56161,56161,0
9803,30076,43786,43786,0
9804,30078,38350,38350,0
9805,30079,3696,3696,0
9806,30080,52125,52125,0
9807,30082,28323,28323,0
9808,30083,58064,58064,0
9809,30084,41654,41654,0
9810,30087,38743,38743,0
9811,30088,27945,27945,0
9812,30090,0,0,0
9813,30092,35988,35988,0
9814,30093,55364,55364,0
9815,30094,33745,31283,2462
9816,30096,69953,69953,0
9817,30097,50308,50308,0
9818,30101,61989,61190,799
9819,30102,43463,43149,314
9820,30103,15606,5835,9771
9821,30104,4910,1390,3520
9822,30105,2283,0,2283
9823,30106,24020,24020,0
9824,30107,16528,181,16347
9825,30108,8018,0,8018
9826,30110,14327,7291,7036
9827,30111,8,8,0
9828,30113,6169,0,6169
9829,30114,59139,50231,8908
9830,30115,49804,34833,14971
9831,30116,24497,12071,12426
9832,30117,37644,24996,12648
9833,30118,1324,1324,0
9834,30120,42702,31404,11298
9835,30121,25089,21388,3701
9836,30122,24044,23640,404
9837,30124,3035,0,3035
9838,30125,24607,12833,11774
9839,30126,40305,40305,0
9840,30127,68574,68440,134
9841,30132,46580,32713,13867
9842,30134,46874,43279,3595
9843,30135,67508,59239,8269
9844,30137,1532,0,1532
9845,30139,4423,0,4423
9846,30141,23616,23110,506
9847,30143,24476,5388,19088
9848,30144,53984,53984,0
9849,30145,8568,0,8568
9850,30147,4265,2392,1873
9851,30148,1655,0,1655
9852,30149,1655,1438,217
9853,30152,44340,44340,0
9854,30153,19445,6353,13092
9855,30157,50727,43582,7145
9856,30161,35382,22192,13190
9857,30165,41943,33995,7948
9858,30168,26544,26544,0
9859,30170,3075,0,3075
9860,30171,3617,0,3617
9861,30173,6287,386,5901
9862,30175,6571,996,5575
9863,30176,7195,0,7195
9864,30177,497,0,497
9865,30178,4074,0,4074
9866,30179,18577,0,18577
9867,30180,39398,23202,16196
9868,30182,2694,30,2664
9869,30183,6406,0,6406
9870,30184,7501,94,7407
9871,30185,3998,0,3998
9872,30187,9114,1499,7615
9873,30188,67972,67081,891
9874,30189,39327,39327,0
9875,30204,12816,6519,6297
9876,30205,3638,0,3638
9877,30206,3086,0,3086
9878,30213,42518,39688,2830
9879,30214,32135,25840,6295
9880,30215,37330,28216,9114
9881,30216,2102,0,2102
9882,30217,9058,0,9058
9883,30218,1892,0,1892
9884,30220,5436,0,5436
9885,30222,4143,0,4143
9886,30223,38111,20657,17454
9887,30224,26696,17626,9070
9888,30228,51000,44404,6596
9889,30229,21,0,21
9890,30230,9145,0,9145
9891,30233,26248,5697,20551
9892,30234,2035,0,2035
9893,30236,50446,49807,639
9894,30238,41617,41430,187
9895,30240,30119,19010,11109
9896,30241,25509,16410,9099
9897,30248,29502,19086,10416
9898,30250,800,800,0
9899,30251,2244,0,2244
9900,30252,49702,26511,23191
9901,30253,62025,60128,1897
9902,30256,2830,0,2830
9903,30257,4608,306,4302
9904,30258,2625,0,2625
9905,30259,3517,338,3179
9906,30260,27864,27864,0
9907,30263,60467,35310,25157
9908,30265,36697,31482,5215
9909,30268,10560,5579,4981
9910,30269,39481,39330,151
9911,30272,25,25,0
9912,30273,18597,18597,0
9913,30274,34537,34537,0
9914,30275,41,0,41
9915,30276,18375,334,18041
9916,30277,21256,12549,8707
9917,30281,69540,63375,6165
9918,30284,25,0,25
9919,30285,701,0,701
9920,30286,24115,14765,9350
9921,30288,8610,8610,0
9922,30289,44,0,44
9923,30290,9256,6813,2443
9924,30291,25339,25339,0
9925,30292,6363,72,6291
9926,30293,2650,0,2650
9927,30294,43552,43409,143
9928,30295,4623,0,4623
9929,30296,27869,27869,0
9930,30297,29669,29669,0
9931,30303,9352,9352,0
9932,30305,29173,29173,0
9933,30306,25053,25053,0
9934,30307,20807,20807,0
9935,30308,22121,22121,0
9936,30309,31856,31856,0
9937,30310,27365,27365,0
9938,30311,33568,33568,0
9939,30312,25435,25435,0
9940,30313,9788,9788,0
9941,30314,20598,20598,0
9942,30315,34327,34327,0
9943,30316,33625,33625,0
9944,30317,13774,13774,0
9945,30318,60392,60392,0
9946,30319,44026,44026,0
9947,30322,2943,2943,0
9948,30324,30942,30942,0
9949,30326,8729,8729,0
9950,30327,24789,24789,0
9951,30328,40322,40322,0
9952,30329,29506,29506,0
9953,30331,60770,60697,73
9954,30332,2531,2531,0
9955,30334,33,33,0
9956,30336,1338,1338,0
9957,30337,11810,11810,0
9958,30338,37650,37650,0
9959,30339,31490,31490,0
9960,30340,30529,30529,0
9961,30341,35959,35959,0
9962,30342,32494,32494,0
9963,30344,35365,35365,0
9964,30345,25893,25893,0
9965,30346,5643,5643,0
9966,30349,81320,81320,0
9967,30350,35882,35882,0
9968,30354,16151,16151,0
9969,30360,16612,16612,0
9970,30363,3721,3721,0
9971,30401,13649,7251,6398
9972,30410,1611,0,1611
9973,30411,4582,0,4582
9974,30412,123,0,123
9975,30413,1351,0,1351
9976,30414,23,0,23
9977,30415,7580,0,7580
9978,30417,10908,0,10908
9979,30420,1921,0,1921
9980,30421,3303,0,3303
9981,30423,85,0,85
9982,30425,1432,0,1432
9983,30426,924,0,924
9984,30427,10798,0,10798
9985,30428,2741,0,2741
9986,30429,271,0,271
9987,30434,5444,0,5444
9988,30436,11691,3861,7830
9989,30439,10161,0,10161
9990,30441,1916,0,1916
9991,30442,8515,0,8515
9992,30445,3226,0,3226
9993,30446,1491,0,1491
9994,30448,47,0,47
9995,30449,84,0,84
9996,30450,2474,0,2474
9997,30451,44,0,44
9998,30452,1540,0,1540
9999,30453,8946,0,8946
10000,30454,702,0,702
10001,30455,674,0,674
10002,30456,2014,0,2014
10003,30457,5899,0,5899
10004,30458,48526,39471,9055
10005,30460,24,24,0
10006,30461,16534,4993,11541
10007,30464,69,0,69
10008,30467,11973,0,11973
10009,30470,848,0,848
10010,30471,4594,0,4594
10011,30473,2597,0,2597
10012,30474,16828,9848,6980
10013,30477,2627,0,2627
10014,30501,29779,29616,163
10015,30504,27403,27291,112
10016,30506,45215,28998,16217
10017,30507,30573,12232,18341
10018,30510,8612,4251,4361
10019,30511,3246,1514,1732
10020,30512,22608,0,22608
10021,30513,11885,0,11885
10022,30516,1933,0,1933
10023,30517,17033,14630,2403
10024,30518,56149,56073,76
10025,30519,54608,54608,0
10026,30520,4345,0,4345
10027,30521,5176,0,5176
10028,30522,1154,0,1154
10029,30523,13512,2371,11141
10030,30525,7937,0,7937
10031,30527,4619,0,4619
10032,30528,23885,0,23885
10033,30529,12033,7649,4384
10034,30530,6707,39,6668
10035,30531,11512,7834,3678
10036,30533,26589,4827,21762
10037,30534,30903,8611,22292
10038,30535,8309,2210,6099
10039,30536,8764,398,8366
10040,30537,1476,0,1476
10041,30538,3020,112,2908
10042,30539,112,112,0
10043,30540,19397,6228,13169
10044,30541,1707,0,1707
10045,30542,37575,37136,439
10046,30543,5001,0,5001
10047,30545,895,0,895
10048,30546,7625,0,7625
10049,30547,3312,0,3312
10050,30548,22960,14222,8738
10051,30549,28696,11842,16854
10052,30552,1717,0,1717
10053,30553,7788,0,7788
10054,30554,8394,28,8366
10055,30555,2100,0,2100
10056,30557,5094,0,5094
10057,30558,5578,0,5578
10058,30559,4699,0,4699
10059,30560,5110,0,5110
10060,30562,550,0,550
10061,30563,5713,1309,4404
10062,30564,4642,0,4642
10063,30565,4708,0,4708
10064,30566,8660,8660,0
10065,30567,4610,0,4610
10066,30568,2147,0,2147
10067,30571,3244,0,3244
10068,30572,1198,0,1198
10069,30573,146,0,146
10070,30575,1516,0,1516
10071,30576,2642,0,2642
10072,30577,22726,11651,11075
10073,30581,80,0,80
10074,30582,5620,0,5620
10075,30597,1681,1681,0
10076,30598,44,44,0
10077,30601,25036,22697,2339
10078,30602,1294,1294,0
10079,30605,43205,40876,2329
10080,30606,46798,45819,979
10081,30607,11383,7858,3525
10082,30609,3040,3040,0
10083,30619,1610,0,1610
10084,30620,15792,12559,3233
10085,30621,6352,57,6295
10086,30622,11044,4854,6190
10087,30623,96,0,96
10088,30624,2895,0,2895
10089,30625,2515,0,2515
10090,30627,2295,0,2295
10091,30628,7303,0,7303
10092,30629,4950,0,4950
10093,30630,2411,0,2411
10094,30631,1554,0,1554
10095,30633,8711,0,8711
10096,30634,2307,0,2307
10097,30635,15365,5700,9665
10098,30639,8,0,8
10099,30641,2005,0,2005
10100,30642,14121,0,14121
10101,30643,16655,5963,10692
10102,30646,7664,2836,4828
10103,30648,2741,0,2741
10104,30650,13631,4709,8922
10105,30655,27541,13335,14206
10106,30656,17490,4214,13276
10107,30660,1029,0,1029
10108,30662,9149,0,9149
10109,30663,3244,0,3244
10110,30664,17,0,17
10111,30665,108,0,108
10112,30666,10726,4697,6029
10113,30667,776,0,776
10114,30668,1706,0,1706
10115,30669,3328,0,3328
10116,30673,7255,0,7255
10117,30677,20579,11189,9390
10118,30678,1219,0,1219
10119,30680,46629,30191,16438
10120,30683,7252,2693,4559
10121,30701,41694,22968,18726
10122,30705,33549,12779,20770
10123,30707,15839,7388,8451
10124,30708,367,0,367
10125,30710,6949,0,6949
10126,30711,3282,0,3282
10127,30720,27547,24478,3069
10128,30721,53432,35830,17602
10129,30724,29,29,0
10130,30725,4750,0,4750
10131,30726,97,97,0
10132,30728,18763,6772,11991
10133,30730,1818,0,1818
10134,30731,2309,0,2309
10135,30733,2060,0,2060
10136,30734,3739,0,3739
10137,30735,6207,62,6145
10138,30736,43344,30923,12421
10139,30738,3962,0,3962
10140,30739,6335,0,6335
10141,30740,8394,3533,4861
10142,30741,30309,30155,154
10143,30742,7698,7695,3
10144,30746,1335,0,1335
10145,30747,15001,6544,8457
10146,30750,4052,2002,2050
10147,30751,86,0,86
10148,30752,9602,0,9602
10149,30753,7619,3683,3936
10150,30755,9930,3989,5941
10151,30756,50,0,50
10152,30757,1591,4,1587
10153,30802,6849,0,6849
10154,30803,770,0,770
10155,30805,2748,0,2748
10156,30807,123,0,123
10157,30808,4489,0,4489
10158,30809,51813,49284,2529
10159,30810,1976,0,1976
10160,30812,122,122,0
10161,30813,49376,44577,4799
10162,30814,9509,0,9509
10163,30815,40131,26298,13833
10164,30816,2061,0,2061
10165,30817,7364,0,7364
10166,30818,495,0,495
10167,30820,1171,0,1171
10168,30821,769,0,769
10169,30822,37,0,37
10170,30823,1712,0,1712
10171,30824,16832,8788,8044
10172,30828,3952,0,3952
10173,30830,14885,6103,8782
10174,30833,3848,0,3848
10175,30901,15978,15978,0
10176,30904,24145,24145,0
10177,30905,8301,7994,307
10178,30906,58458,55132,3326
10179,30907,50964,50720,244
10180,30909,48181,47826,355
10181,30912,5,5,0
10182,31001,4333,0,4333
10183,31002,2819,0,2819
10184,31003,127,0,127
10185,31004,2,0,2
10186,31005,20531,18479,2052
10187,31006,4301,0,4301
10188,31007,770,0,770
10189,31008,20431,12464,7967
10190,31009,1332,0,1332
10191,31011,875,0,875
10192,31012,2505,0,2505
10193,31014,12915,6159,6756
10194,31015,18900,10931,7969
10195,31016,1631,0,1631
10196,31017,1813,0,1813
10197,31018,2584,0,2584
10198,31019,2430,0,2430
10199,31020,1957,0,1957
10200,31021,29051,17957,11094
10201,31022,1574,0,1574
10202,31023,14319,6220,8099
10203,31024,20802,0,20802
10204,31025,1651,0,1651
10205,31027,9969,2885,7084
10206,31028,6233,6233,0
10207,31029,17440,4852,12588
10208,31030,17768,9863,7905
10209,31031,5770,0,5770
10210,31032,14261,0,14261
10211,31033,2260,0,2260
10212,31034,44,44,0
10213,31035,1162,0,1162
10214,31036,10985,0,10985
10215,31037,3645,0,3645
10216,31038,822,0,822
10217,31039,44,0,44
10218,31041,681,0,681
10219,31042,1507,0,1507
10220,31044,2600,0,2600
10221,31045,60,0,60
10222,31046,3406,0,3406
10223,31047,16884,13981,2903
10224,31049,1742,0,1742
10225,31050,855,0,855
10226,31051,82,0,82
10227,31052,8774,0,8774
10228,31054,1568,0,1568
10229,31055,6237,0,6237
10230,31057,1595,0,1595
10231,31058,1759,0,1759
10232,31060,1543,0,1543
10233,31061,42450,22397,20053
10234,31062,0,0,0
10235,31063,4781,0,4781
10236,31064,9880,0,9880
10237,31065,1081,0,1081
10238,31066,1095,0,1095
10239,31067,159,0,159
10240,31068,4377,0,4377
10241,31069,22915,17091,5824
10242,31070,724,0,724
10243,31071,1071,0,1071
10244,31072,1275,0,1275
10245,31075,2647,0,2647
10246,31076,2814,0,2814
10247,31077,1010,0,1010
10248,31078,3367,0,3367
10249,31079,2580,0,2580
10250,31081,229,0,229
10251,31082,10178,5522,4656
10252,31083,160,0,160
10253,31084,42,0,42
10254,31085,973,0,973
10255,31087,8920,0,8920
10256,31088,57034,56762,272
10257,31089,4562,1575,2987
10258,31090,973,0,973
10259,31091,4184,0,4184
10260,31092,5602,0,5602
10261,31093,28614,28143,471
10262,31094,1035,0,1035
10263,31096,6964,0,6964
10264,31097,1316,0,1316
10265,31098,2750,2704,46
10266,31201,8882,8882,0
10267,31204,30512,30512,0
10268,31206,26519,25790,729
10269,31207,1512,1512,0
10270,31210,35345,31759,3586
10271,31211,15867,11498,4369
10272,31213,0,0,0
10273,31216,16379,9062,7317
10274,31217,17808,11487,6321
10275,31220,14984,9609,5375
10276,31301,4073,3226,847
10277,31302,7542,1794,5748
10278,31303,2365,0,2365
10279,31305,4401,0,4401
10280,31307,1148,0,1148
10281,31308,8146,0,8146
10282,31309,951,0,951
10283,31312,24401,2486,21915
10284,31313,41474,38754,2720
10285,31314,2789,2157,632
10286,31315,6664,6664,0
10287,31316,12306,2173,10133
10288,31318,572,0,572
10289,31320,9790,0,9790
10290,31321,6974,0,6974
10291,31322,27931,27761,170
10292,31323,1548,0,1548
10293,31324,33733,23809,9924
10294,31326,22449,14217,8232
10295,31327,128,0,128
10296,31328,3430,3316,114
10297,31329,9760,0,9760
10298,31331,6219,0,6219
10299,31333,133,133,0
10300,31401,22927,22927,0
10301,31404,31530,31504,26
10302,31405,38069,37420,649
10303,31406,34579,34319,260
10304,31407,20990,20411,579
10305,31408,11790,11790,0
10306,31409,670,670,0
10307,31410,23782,22560,1222
10308,31411,9378,7698,1680
10309,31415,11034,11034,0
10310,31419,55413,53130,2283
10311,31421,62,49,13
10312,31501,14036,13628,408
10313,31503,22356,11104,11252
10314,31510,9893,0,9893
10315,31512,2052,0,2052
10316,31513,16156,5354,10802
10317,31516,15539,253,15286
10318,31518,699,0,699
10319,31519,3550,0,3550
10320,31520,22726,22623,103
10321,31522,16892,14518,2374
10322,31523,14803,9862,4941
10323,31524,6,6,0
10324,31525,28766,21741,7025
10325,31527,866,0,866
10326,31532,688,0,688
10327,31533,16714,11870,4844
10328,31535,12506,2388,10118
10329,31537,10500,0,10500
10330,31539,14372,4917,9455
10331,31542,2604,0,2604
10332,31543,5192,0,5192
10333,31544,699,0,699
10334,31545,16089,7967,8122
10335,31546,6771,3711,3060
10336,31547,2118,1061,1057
10337,31548,22359,18225,4134
10338,31549,1591,0,1591
10339,31550,798,0,798
10340,31551,927,0,927
10341,31552,1176,0,1176
10342,31553,5140,0,5140
10343,31554,7510,0,7510
10344,31555,2926,0,2926
10345,31556,42,0,42
10346,31557,3242,0,3242
10347,31558,21348,19281,2067
10348,31560,2800,0,2800
10349,31561,190,0,190
10350,31562,2237,0,2237
10351,31563,1235,0,1235
10352,31564,13,0,13
10353,31565,2039,0,2039
10354,31566,3417,0,3417
10355,31567,743,0,743
10356,31568,1162,0,1162
10357,31569,5461,0,5461
10358,31599,1094,1094,0
10359,31601,32331,22239,10092
10360,31602,35999,31530,4469
10361,31605,23682,18580,5102
10362,31606,3894,0,3894
10363,31620,10822,5256,5566
10364,31622,1863,0,1863
10365,31623,146,0,146
10366,31624,1596,0,1596
10367,31625,1123,0,1123
10368,31626,3378,0,3378
10369,31627,216,0,216
10370,31629,902,0,902
10371,31630,537,0,537
10372,31631,531,0,531
10373,31632,14053,2778,11275
10374,31634,5678,0,5678
10375,31635,6653,0,6653
10376,31636,10136,0,10136
10377,31637,3086,0,3086
10378,31638,941,0,941
10379,31639,10305,4844,5461
10380,31641,2057,0,2057
10381,31642,4734,0,4734
10382,31643,9252,0,9252
10383,31645,4990,0,4990
10384,31647,3507,1778,1729
10385,31648,931,0,931
10386,31649,732,0,732
10387,31650,3154,0,3154
10388,31698,1642,1642,0
10389,31699,729,0,729
10390,31701,18133,15807,2326
10391,31704,98,98,0
10392,31705,29858,20999,8859
10393,31707,24623,24498,125
10394,31709,15487,12448,3039
10395,31711,895,0,895
10396,31712,1155,0,1155
10397,31714,6630,4158,2472
10398,31716,2685,0,2685
10399,31719,9335,4959,4376
10400,31720,416,0,416
10401,31721,19652,14861,4791
10402,31722,532,0,532
10403,31727,12,0,12
10404,31730,9160,5270,3890
10405,31733,1577,0,1577
10406,31735,695,0,695
10407,31738,2293,0,2293
10408,31743,454,0,454
10409,31744,3135,0,3135
10410,31747,183,0,183
10411,31749,2521,0,2521
10412,31750,18283,11281,7002
10413,31753,17,0,17
10414,31756,949,0,949
10415,31757,11234,5496,5738
10416,31763,27963,9697,18266
10417,31764,1116,0,1116
10418,31765,2477,0,2477
10419,31768,23050,15184,7866
10420,31771,5809,632,5177
10421,31772,439,0,439
10422,31773,4005,0,4005
10423,31774,6735,0,6735
10424,31775,2862,0,2862
10425,31778,2592,0,2592
10426,31779,8883,0,8883
10427,31780,1821,0,1821
10428,31781,1510,549,961
10429,31783,1062,0,1062
10430,31784,652,0,652
10431,31787,1511,0,1511
10432,31788,11283,3401,7882
10433,31789,1499,0,1499
10434,31790,1950,580,1370
10435,31791,11756,5597,6159
10436,31792,24374,19735,4639
10437,31793,8932,4081,4851
10438,31794,28012,20499,7513
10439,31795,1978,0,1978
10440,31796,1597,0,1597
10441,31798,1139,0,1139
10442,31801,2771,0,2771
10443,31803,4889,0,4889
10444,31804,5946,0,5946
10445,31805,2633,0,2633
10446,31806,4337,0,4337
10447,31807,2855,0,2855
10448,31808,8737,869,7868
10449,31810,160,0,160
10450,31811,6274,0,6274
10451,31812,463,0,463
10452,31814,88,0,88
10453,31815,3136,0,3136
10454,31816,5056,0,5056
10455,31820,12697,7776,4921
10456,31821,257,0,257
10457,31822,5244,0,5244
10458,31823,715,0,715
10459,31824,1487,0,1487
10460,31825,2269,0,2269
10461,31826,2007,0,2007
10462,31827,1734,0,1734
10463,31829,1531,0,1531
10464,31830,2101,0,2101
10465,31831,3829,0,3829
10466,31832,173,0,173
10467,31833,6913,3339,3574
10468,31836,938,0,938
10469,31901,7126,7126,0
10470,31903,20703,20383,320
10471,31904,36947,35366,1581
10472,31905,14094,12437,1657
10473,31906,21835,21835,0
10474,31907,60557,60475,82
10475,31909,38760,38760,0
10476,32003,29142,29142,0
10477,32008,5397,0,5397
10478,32009,3213,0,3213
10479,32011,15678,0,15678
10480,32013,5,0,5
10481,32024,20106,3267,16839
10482,32025,21886,12532,9354
10483,32026,1863,0,1863
10484,32033,4789,0,4789
10485,32034,38167,33945,4222
10486,32038,10141,0,10141
10487,32040,7958,1233,6725
10488,32043,30369,23201,7168
10489,32044,1629,0,1629
10490,32046,9626,0,9626
10491,32052,8462,0,8462
10492,32053,3815,0,3815
10493,32054,12789,0,12789
10494,32055,16624,9535,7089
10495,32058,4386,0,4386
10496,32059,2594,0,2594
10497,32060,22111,412,21699
10498,32061,364,0,364
10499,32062,2547,0,2547
10500,32063,14360,9648,4712
10501,32064,7495,6256,1239
10502,32065,40164,39155,1009
10503,32066,6844,0,6844
10504,32068,57458,45312,12146
10505,32071,3854,0,3854
10506,32072,176,0,176
10507,32073,43527,43527,0
10508,32079,517,0,517
10509,32080,21889,21371,518
10510,32081,24672,23203,1469
10511,32082,31861,31352,509
10512,32083,2626,0,2626
10513,32084,34526,29164,5362
10514,32086,31452,28507,2945
10515,32087,5507,0,5507
10516,32091,17806,6768,11038
10517,32092,43691,31174,12517
10518,32094,2862,0,2862
10519,32095,16607,14406,2201
10520,32096,2791,0,2791
10521,32097,23564,16860,6704
10522,32102,2768,0,2768
10523,32110,8776,3006,5770
10524,32112,7460,0,7460
10525,32113,6396,0,6396
10526,32114,34943,34943,0
10527,32117,28223,28223,0
10528,32118,17906,17906,0
10529,32119,22498,22422,76
10530,32124,8793,2714,6079
10531,32127,29999,29929,70
10532,32128,20968,19491,1477
10533,32129,21594,21594,0
10534,32130,5485,2605,2880
10535,32131,4806,1296,3510
10536,32132,8189,7142,1047
10537,32133,310,0,310
10538,32134,7938,0,7938
10539,32136,8432,7520,912
10540,32137,46258,45442,816
10541,32139,1399,0,1399
10542,32140,1822,0,1822
10543,32141,17955,17075,880
10544,32145,5608,0,5608
10545,32147,1219,0,1219
10546,32148,10979,0,10979
10547,32157,506,0,506
10548,32159,30455,25982,4473
10549,32162,51905,51796,109
10550,32163,29064,29052,12
10551,32164,49412,49086,326
10552,32168,30058,20031,10027
10553,32169,10621,10264,357
10554,32174,53097,49137,3960
10555,32176,14410,14410,0
10556,32177,25380,18410,6970
10557,32179,9075,3138,5937
10558,32180,3834,0,3834
10559,32181,2259,0,2259
10560,32182,20,0,20
10561,32187,1667,326,1341
10562,32189,5887,0,5887
10563,32190,1115,0,1115
10564,32192,94,0,94
10565,32193,983,0,983
10566,32195,3462,436,3026
10567,32202,6544,6544,0
10568,32203,4,4,0
10569,32204,8673,8673,0
10570,32205,29605,29605,0
10571,32206,18283,18283,0
10572,32207,36207,36207,0
10573,32208,33286,33286,0
10574,32209,36656,36656,0
10575,32210,66415,66415,0
10576,32211,34168,34168,0
10577,32212,1393,1393,0
10578,32214,0,0,0
10579,32216,42847,42847,0
10580,32217,20543,20543,0
10581,32218,67040,60564,6476
10582,32219,14474,10951,3523
10583,32220,13037,10884,2153
10584,32221,30961,29860,1101
10585,32222,13564,13532,32
10586,32223,25600,25600,0
10587,32224,42395,41856,539
10588,32225,57441,56936,505
10589,32226,20306,14603,5703
10590,32227,3799,3799,0
10591,32228,219,219,0
10592,32233,23980,23980,0
10593,32234,7514,0,7514
10594,32244,63292,63292,0
10595,32246,58105,58105,0
10596,32250,30080,30080,0
10597,32254,14545,14545,0
10598,32256,53611,52201,1410
10599,32257,41439,41439,0
10600,32258,37859,37859,0
10601,32259,62169,57669,4500
10602,32266,7217,7217,0
10603,32277,33174,33174,0
10604,32301,29686,29686,0
10605,32303,48644,46084,2560
10606,32304,50007,49591,416
10607,32305,19199,11348,7851
10608,32306,1711,1711,0
10609,32307,1207,1207,0
10610,32308,23355,23262,93
10611,32309,31189,23753,7436
10612,32310,17209,11094,6115
10613,32311,21218,14805,6413
10614,32312,34304,31469,2835
10615,32313,10,10,0
10616,32317,14459,8914,5545
10617,32320,3726,0,3726
10618,32321,6254,0,6254
10619,32322,4213,0,4213
10620,32323,262,0,262
10621,32324,4554,0,4554
10622,32327,30048,10124,19924
10623,32328,3721,0,3721
10624,32330,541,0,541
10625,32331,4192,0,4192
10626,32332,1411,0,1411
10627,32333,11499,0,11499
10628,32334,1616,0,1616
10629,32336,1408,0,1408
10630,32337,30,0,30
10631,32340,10744,0,10744
10632,32343,3621,0,3621
10633,32344,12705,0,12705
10634,32346,1750,0,1750
10635,32347,7805,2888,4917
10636,32348,11782,3643,8139
10637,32350,1365,0,1365
10638,32351,16526,8541,7985
10639,32352,5674,0,5674
10640,32355,284,0,284
10641,32356,117,0,117
10642,32358,2185,0,2185
10643,32359,1837,0,1837
10644,32360,106,0,106
10645,32361,237,0,237
10646,32399,0,0,0
10647,32401,20487,20487,0
10648,32403,141,53,88
10649,32404,38186,30965,7221
10650,32405,28158,28158,0
10651,32407,14366,14018,348
10652,32408,17479,17479,0
10653,32409,10394,3778,6616
10654,32410,439,0,439
10655,32413,15217,13757,1460
10656,32420,2289,0,2289
10657,32421,4214,0,4214
10658,32423,1213,0,1213
10659,32424,7145,0,7145
10660,32425,14419,0,14419
10661,32426,778,0,778
10662,32427,1293,0,1293
10663,32428,17946,0,17946
10664,32430,1095,0,1095
10665,32431,4981,0,4981
10666,32432,98,0,98
10667,32433,18036,4805,13231
10668,32435,6935,2172,4763
10669,32437,612,0,612
10670,32438,4363,0,4363
10671,32439,12943,902,12041
10672,32440,7581,0,7581
10673,32442,3569,0,3569
10674,32443,2975,0,2975
10675,32444,19913,19913,0
10676,32445,2468,0,2468
10677,32446,9970,3048,6922
10678,32448,8084,2512,5572
10679,32449,567,0,567
10680,32455,4425,0,4425
10681,32456,7439,0,7439
10682,32459,20567,14173,6394
10683,32460,5409,0,5409
10684,32461,2878,2266,612
10685,32462,3473,0,3473
10686,32463,166,0,166
10687,32464,3858,0,3858
10688,32465,7251,0,7251
10689,32466,6195,1711,4484
10690,32501,10960,10960,0
10691,32502,4277,4269,8
10692,32503,33693,33693,0
10693,32504,21791,21772,19
10694,32505,28671,28671,0
10695,32506,36017,35580,437
10696,32507,31215,30934,281
10697,32508,5528,5525,3
10698,32509,561,561,0
10699,32511,1380,1380,0
10700,32512,23,23,0
10701,32514,40844,40457,387
10702,32526,43029,40958,2071
10703,32530,142,84,58
10704,32531,6532,0,6532
10705,32533,30517,23628,6889
10706,32534,16006,16006,0
10707,32535,6043,0,6043
10708,32536,25807,23336,2471
10709,32539,31749,23480,8269
10710,32541,18419,18417,2
10711,32542,3834,3727,107
10712,32544,1509,1485,24
10713,32547,35466,35449,17
10714,32548,22399,22363,36
10715,32550,7828,7828,0
10716,32561,9241,8731,510
10717,32563,27329,27329,0
10718,32564,3159,0,3159
10719,32565,6105,0,6105
10720,32566,44434,42251,2183
10721,32567,4210,0,4210
10722,32568,3093,0,3093
10723,32569,12378,12378,0
10724,32570,33144,23376,9768
10725,32571,38885,33955,4930
10726,32577,5316,0,5316
10727,32578,35075,34850,225
10728,32579,10444,10428,16
10729,32580,4120,4108,12
10730,32583,31047,17796,13251
10731,32601,22039,22039,0
10732,32603,7367,7367,0
10733,32605,24326,24326,0
10734,32606,24380,24086,294
10735,32607,35420,35400,20
10736,32608,55540,52910,2630
10737,32609,18322,13734,4588
10738,32610,19,19,0
10739,32612,6498,6498,0
10740,32615,16524,0,16524
10741,32616,178,0,178
10742,32617,4295,0,4295
10743,32618,7183,292,6891
10744,32619,5007,0,5007
10745,32621,5396,0,5396
10746,32622,1456,0,1456
10747,32625,1620,0,1620
10748,32626,8620,0,8620
10749,32628,5343,0,5343
10750,32631,311,0,311
10751,32634,29,0,29
10752,32639,325,0,325
10753,32640,10281,0,10281
10754,32641,13872,10782,3090
10755,32643,12549,0,12549
10756,32648,443,0,443
10757,32653,14397,12102,2295
10758,32656,14686,7493,7193
10759,32658,299,0,299
10760,32664,504,0,504
10761,32666,5961,443,5518
10762,32667,4117,0,4117
10763,32668,5548,0,5548
10764,32669,15890,4193,11697
10765,32680,10008,0,10008
10766,32681,133,0,133
10767,32683,133,0,133
10768,32686,4339,0,4339
10769,32692,197,0,197
10770,32693,12815,0,12815
10771,32694,1962,0,1962
10772,32696,12784,0,12784
10773,32697,278,0,278
10774,32701,23265,23265,0
10775,32702,3186,590,2596
10776,32703,54805,54503,302
10777,32707,37704,37704,0
10778,32708,47045,47041,4
10779,32709,2691,0,2691
10780,32712,50085,47681,2404
10781,32713,22438,21439,999
10782,32714,38049,38049,0
10783,32720,33568,27772,5796
10784,32723,7,7,0
10785,32724,40559,38346,2213
10786,32725,50435,50276,159
10787,32726,23012,22862,150
10788,32730,5743,5743,0
10789,32732,5596,0,5596
10790,32735,5812,4960,852
10791,32736,11412,2347,9065
10792,32738,47284,45758,1526
10793,32744,3789,2006,1783
10794,32746,45828,45828,0
10795,32750,25261,25261,0
10796,32751,23230,23230,0
10797,32754,11996,4447,7549
10798,32757,30315,27117,3198
10799,32759,2951,1776,1175
10800,32763,23391,22245,1146
10801,32764,3238,258,2980
10802,32765,65228,63462,1766
10803,32766,16541,12850,3691
10804,32767,2939,0,2939
10805,32768,15,15,0
10806,32771,57178,55438,1740
10807,32773,33990,31789,2201
10808,32775,36,0,36
10809,32776,12456,6165,6291
10810,32778,23993,21658,2335
10811,32779,29321,29042,279
10812,32780,39525,37335,2190
10813,32784,11212,5538,5674
10814,32789,26399,26399,0
10815,32792,51376,51376,0
10816,32796,20818,20677,141
10817,32798,2501,2413,88
10818,32801,17728,17728,0
10819,32803,21003,21003,0
10820,32804,19084,19084,0
10821,32805,23331,23331,0
10822,32806,26582,26582,0
10823,32807,34384,34384,0
10824,32808,52551,52551,0
10825,32809,29478,29478,0
10826,32810,35925,35925,0
10827,32811,42274,42274,0
10828,32812,34586,34586,0
10829,32814,9218,9218,0
10830,32816,8246,8246,0
10831,32817,40376,40376,0
10832,32818,48052,48052,0
10833,32819,30857,30857,0
10834,32820,10150,7777,2373
10835,32821,25999,25971,28
10836,32822,64120,64120,0
10837,32824,57412,56568,844
10838,32825,61755,61703,52
10839,32826,33065,33007,58
10840,32827,19042,18765,277
10841,32828,68428,66747,1681
10842,32829,20629,19306,1323
10843,32830,55,29,26
10844,32831,2619,0,2619
10845,32832,34882,31569,3313
10846,32833,10542,1083,9459
10847,32835,45380,45380,0
10848,32836,23205,23205,0
10849,32837,56813,56813,0
10850,32839,58641,58641,0
10851,32899,0,0,0
10852,32901,26286,26286,0
10853,32903,13880,13880,0
10854,32904,35399,35263,136
10855,32905,26064,26064,0
10856,32907,44432,44432,0
10857,32908,14420,13323,1097
10858,32909,36789,35549,1240
10859,32920,9984,9941,43
10860,32922,15923,15923,0
10861,32925,1308,1308,0
10862,32926,22693,21622,1071
10863,32927,27996,26927,1069
10864,32931,13643,13643,0
10865,32934,18355,17541,814
10866,32935,41837,41837,0
10867,32937,27306,27306,0
10868,32940,44869,44807,62
10869,32948,6609,0,6609
10870,32949,2538,679,1859
10871,32950,4545,833,3712
10872,32951,11525,11510,15
10873,32952,20670,20623,47
10874,32953,24430,21892,2538
10875,32955,40275,40133,142
10876,32958,28619,28584,35
10877,32959,32,32,0
10878,32960,21522,21522,0
10879,32962,26011,26011,0
10880,32963,16291,16024,267
10881,32966,19724,17991,1733
10882,32967,25785,24085,1700
10883,32968,15006,13745,1261
10884,32970,253,253,0
10885,32976,9618,9260,358
10886,33001,411,0,411
10887,33004,16162,16162,0
10888,33009,43301,43301,0
10889,33010,43902,43902,0
10890,33012,70260,70260,0
10891,33013,31068,31068,0
10892,33014,40261,40261,0
10893,33015,65645,65645,0
10894,33016,45714,45714,0
10895,33018,54273,54037,236
10896,33019,15497,15497,0
10897,33020,45044,45044,0
10898,33021,50091,50091,0
10899,33022,18,18,0
10900,33023,66749,66749,0
10901,33024,74843,74843,0
10902,33025,75455,75455,0
10903,33026,30510,30510,0
10904,33027,63726,63726,0
10905,33028,28140,28140,0
10906,33029,46202,46202,0
10907,33030,36776,35436,1340
10908,33031,6560,1927,4633
10909,33032,58727,57823,904
10910,33033,66871,66859,12
10911,33034,22850,21283,1567
10912,33035,18065,18065,0
10913,33036,3541,3468,73
10914,33037,13875,11999,1876
10915,33039,0,0,0
10916,33040,35958,32146,3812
10917,33042,6841,4709,2132
10918,33043,4661,3732,929
10919,33050,10479,8943,1536
10920,33051,790,790,0
10921,33054,30352,30352,0
10922,33055,42950,42950,0
10923,33056,36556,36556,0
10924,33060,35793,35793,0
10925,33062,25293,25293,0
10926,33063,56296,56296,0
10927,33064,62429,62429,0
10928,33065,59668,59668,0
10929,33066,16845,16845,0
10930,33067,27564,27564,0
10931,33068,53137,53137,0
10932,33069,28817,28817,0
10933,33070,6220,6220,0
10934,33071,40026,40026,0
10935,33073,32853,32853,0
10936,33076,41826,41826,0
10937,33101,7,7,0
10938,33109,684,684,0
10939,33122,2126,2126,0
10940,33125,53507,53507,0
10941,33126,48751,48751,0
10942,33127,27692,27692,0
10943,33128,8213,8213,0
10944,33129,15218,15218,0
10945,33130,35609,35609,0
10946,33131,26213,26213,0
10947,33132,18159,18159,0
10948,33133,34141,34141,0
10949,33134,38739,38739,0
10950,33135,36232,36232,0
10951,33136,15439,15439,0
10952,33137,25763,25763,0
10953,33138,27601,27601,0
10954,33139,36286,36286,0
10955,33140,19315,19315,0
10956,33141,35995,35995,0
10957,33142,55425,55425,0
10958,33143,34853,34853,0
10959,33144,25814,25814,0
10960,33145,29737,29737,0
10961,33146,16468,16468,0
10962,33147,48823,48823,0
10963,33149,14847,14811,36
10964,33150,28703,28703,0
10965,33154,14792,14792,0
10966,33155,43695,43695,0
10967,33156,34036,34036,0
10968,33157,68069,67991,78
10969,33158,6674,6674,0
10970,33160,44085,44085,0
10971,33161,53015,53015,0
10972,33162,45277,45277,0
10973,33165,54070,54070,0
10974,33166,26106,26106,0
10975,33167,19142,19142,0
10976,33168,24715,24715,0
10977,33169,42308,42308,0
10978,33170,14908,12441,2467
10979,33172,43911,43911,0
10980,33173,33648,33648,0
10981,33174,32962,32962,0
10982,33175,52950,52950,0
10983,33176,52370,52370,0
10984,33177,56331,56154,177
10985,33178,65487,64026,1461
10986,33179,48088,48088,0
10987,33180,35062,35062,0
10988,33181,20955,20955,0
10989,33182,13310,13310,0
10990,33183,35891,35891,0
10991,33184,20913,20913,0
10992,33185,28819,28819,0
10993,33186,69866,69866,0
10994,33187,19233,13421,5812
10995,33189,25598,25598,0
10996,33190,15092,14866,226
10997,33193,47619,47585,34
10998,33194,8817,5382,3435
10999,33196,52786,51850,936
11000,33301,19109,19109,0
11001,33304,19978,19978,0
11002,33305,12044,12044,0
11003,33306,3526,3526,0
11004,33308,29519,29519,0
11005,33309,37642,37642,0
11006,33311,69413,69413,0
11007,33312,51570,51570,0
11008,33313,63284,63284,0
11009,33314,30248,30248,0
11010,33315,13555,13555,0
11011,33316,12669,12669,0
11012,33317,37590,37590,0
11013,33319,51891,51891,0
11014,33321,51011,51011,0
11015,33322,41050,41050,0
11016,33323,23149,23149,0
11017,33324,46766,46766,0
11018,33325,31556,31556,0
11019,33326,33978,33978,0
11020,33327,22174,22174,0
11021,33328,28997,28997,0
11022,33330,14738,14738,0
11023,33331,23016,23016,0
11024,33332,10915,10763,152
11025,33334,30138,30138,0
11026,33351,36913,36913,0
11027,33388,0,0,0
11028,33401,31302,31302,0
11029,33403,13779,13779,0
11030,33404,31869,31869,0
11031,33405,19369,19369,0
11032,33406,27663,27663,0
11033,33407,34558,34537,21
11034,33408,18965,18965,0
11035,33409,33061,33061,0
11036,33410,35946,35946,0
11037,33411,74206,74174,32
11038,33412,15872,15387,485
11039,33413,17503,17503,0
11040,33414,59802,59614,188
11041,33415,51251,51251,0
11042,33417,34153,34153,0
11043,33418,43383,42434,949
11044,33426,25155,25155,0
11045,33428,42828,42804,24
11046,33430,20327,18286,2041
11047,33431,22047,22047,0
11048,33432,22061,22061,0
11049,33433,46302,46302,0
11050,33434,21003,21003,0
11051,33435,37318,37318,0
11052,33436,45230,45230,0
11053,33437,36889,36889,0
11054,33438,527,135,392
11055,33440,19402,12849,6553
11056,33441,29311,29311,0
11057,33442,32340,32340,0
11058,33444,22671,22671,0
11059,33445,32265,32265,0
11060,33446,30051,30051,0
11061,33449,9920,8862,1058
11062,33455,20799,20410,389
11063,33458,55083,54830,253
11064,33460,36409,36409,0
11065,33461,47161,47161,0
11066,33462,33982,33982,0
11067,33463,64608,64608,0
11068,33467,55813,55813,0
11069,33469,15101,14970,131
11070,33470,30308,25993,4315
11071,33471,6410,0,6410
11072,33472,18893,18716,177
11073,33473,11057,11010,47
11074,33476,7608,6548,1060
11075,33477,12683,12683,0
11076,33478,14740,13064,1676
11077,33480,10716,10716,0
11078,33483,13103,13103,0
11079,33484,26340,26340,0
11080,33486,22947,22947,0
11081,33487,20644,20644,0
11082,33493,5129,4723,406
11083,33496,23805,23805,0
11084,33498,15002,14959,43
11085,33503,131,0,131
11086,33510,30049,30049,0
11087,33511,56627,56627,0
11088,33513,12204,3664,8540
11089,33514,1783,0,1783
11090,33521,578,488,90
11091,33523,18540,6387,12153
11092,33525,18620,13502,5118
11093,33527,16259,12800,3459
11094,33530,56,0,56
11095,33534,17952,17737,215
11096,33538,5096,0,5096
11097,33540,9603,7579,2024
11098,33541,22692,20875,1817
11099,33542,22649,22649,0
11100,33543,34953,33812,1141
11101,33544,27309,25757,1552
11102,33545,21209,17238,3971
11103,33547,30935,22301,8634
11104,33548,7708,7708,0
11105,33549,17816,17816,0
11106,33550,14,14,0
11107,33556,30547,27248,3299
11108,33558,27324,27295,29
11109,33559,16675,15043,1632
11110,33563,27344,27155,189
11111,33565,17584,5235,12349
11112,33566,22759,21820,939
11113,33567,12345,6782,5563
11114,33569,28065,27667,398
11115,33570,33348,30995,2353
11116,33572,22395,22395,0
11117,33573,30913,30849,64
11118,33574,2261,2261,0
11119,33576,4879,0,4879
11120,33578,58854,58549,305
11121,33579,44617,43548,1069
11122,33584,27503,26819,684
11123,33585,1218,0,1218
11124,33592,11885,8196,3689
11125,33594,35299,35299,0
11126,33596,28140,28140,0
11127,33597,8028,0,8028
11128,33598,24572,17885,6687
11129,33602,19936,19936,0
11130,33603,19070,19070,0
11131,33604,39071,39071,0
11132,33605,18243,18243,0
11133,33606,22271,22271,0
11134,33607,24767,24767,0
11135,33609,17902,17902,0
11136,33610,45218,45218,0
11137,33611,34101,34101,0
11138,33612,49452,49452,0
11139,33613,38801,38801,0
11140,33614,47695,47695,0
11141,33615,47434,47299,135
11142,33616,14802,14766,36
11143,33617,48267,48267,0
11144,33618,26474,26474,0
11145,33619,39881,39805,76
11146,33620,5535,5535,0
11147,33621,1878,1657,221
11148,33624,38929,38929,0
11149,33625,28704,28704,0
11150,33626,31875,31875,0
11151,33629,26394,26394,0
11152,33634,21465,21465,0
11153,33635,18780,18775,5
11154,33637,18070,18033,37
11155,33647,69457,67933,1524
11156,33701,19137,19137,0
11157,33702,29996,29983,13
11158,33703,23948,23948,0
11159,33704,16031,16031,0
11160,33705,27915,27915,0
11161,33706,15309,15309,0
11162,33707,24646,24646,0
11163,33708,16034,16034,0
11164,33709,27026,27026,0
11165,33710,33172,33172,0
11166,33711,20121,20121,0
11167,33712,26395,26395,0
11168,33713,31321,31321,0
11169,33714,19905,19905,0
11170,33715,7876,7873,3
11171,33716,18023,17958,65
11172,33744,55,55,0
11173,33755,28360,28360,0
11174,33756,31807,31807,0
11175,33759,18316,18316,0
11176,33760,19565,19565,0
11177,33761,18761,18761,0
11178,33762,5572,5567,5
11179,33763,18981,18981,0
11180,33764,27547,27547,0
11181,33765,13844,13844,0
11182,33767,8462,8462,0
11183,33770,25475,25475,0
11184,33771,29766,29766,0
11185,33772,24121,24121,0
11186,33773,17494,17494,0
11187,33774,18145,18145,0
11188,33776,12922,12922,0
11189,33777,17793,17793,0
11190,33778,15068,15068,0
11191,33781,27349,27349,0
11192,33782,22198,22198,0
11193,33785,4863,4863,0
11194,33786,1706,1706,0
11195,33801,36798,36279,519
11196,33803,29082,29041,41
11197,33805,26954,26058,896
11198,33809,30629,26615,4014
11199,33810,52037,48546,3491
11200,33811,24249,22935,1314
11201,33812,14907,14432,475
11202,33813,36448,36379,69
11203,33815,15681,15681,0
11204,33823,33733,32501,1232
11205,33825,24943,19727,5216
11206,33827,3093,0,3093
11207,33830,29926,21322,8604
11208,33834,6584,385,6199
11209,33835,69,0,69
11210,33837,36302,33856,2446
11211,33838,5243,4817,426
11212,33839,3827,3827,0
11213,33840,242,242,0
11214,33841,7439,4874,2565
11215,33843,11864,8092,3772
11216,33844,43329,35400,7929
11217,33847,299,0,299
11218,33848,1085,703,382
11219,33849,711,0,711
11220,33850,9119,8207,912
11221,33851,991,766,225
11222,33852,21635,17642,3993
11223,33853,12404,11983,421
11224,33854,520,0,520
11225,33855,92,0,92
11226,33856,488,0,488
11227,33857,1378,0,1378
11228,33858,95,0,95
11229,33859,10866,5206,5660
11230,33860,24932,21870,3062
11231,33865,801,0,801
11232,33867,126,0,126
11233,33868,12906,6338,6568
11234,33870,24238,23091,1147
11235,33872,13167,11959,1208
11236,33873,13455,7832,5623
11237,33875,11004,7477,3527
11238,33876,5239,1217,4022
11239,33877,590,0,590
11240,33880,42005,41082,923
11241,33881,38369,37931,438
11242,33884,34772,33988,784
11243,33890,4718,1573,3145
11244,33896,19444,19082,362
11245,33897,25352,25352,0
11246,33898,17971,5361,12610
11247,33901,22629,22629,0
11248,33903,23294,23289,5
11249,33904,32029,32029,0
11250,33905,37692,33639,4053
11251,33907,24980,24980,0
11252,33908,43110,42992,118
11253,33909,33063,33037,26
11254,33912,19146,19146,0
11255,33913,28216,26425,1791
11256,33914,42222,41933,289
11257,33916,25940,25940,0
11258,33917,30702,26268,4434
11259,33919,30587,30587,0
11260,33920,6797,2019,4778
11261,33921,1283,1283,0
11262,33922,4326,0,4326
11263,33924,403,318,85
11264,33928,28955,26907,2048
11265,33930,799,0,799
11266,33931,9389,9353,36
11267,33935,22718,13053,9665
11268,33936,24051,23755,296
11269,33944,208,0,208
11270,33946,2485,2308,177
11271,33947,10462,10136,326
11272,33948,17190,17024,166
11273,33950,24984,24981,3
11274,33952,32084,32084,0
11275,33953,6882,6823,59
11276,33954,11040,11040,0
11277,33955,10071,8283,1788
11278,33956,3861,2055,1806
11279,33957,6382,5938,444
11280,33960,839,0,839
11281,33965,3659,3659,0
11282,33966,11245,11245,0
11283,33967,28174,28174,0
11284,33971,26333,26141,192
11285,33972,14727,11571,3156
11286,33973,12728,12728,0
11287,33974,17233,15795,1438
11288,33976,17017,17017,0
11289,33980,11762,11693,69
11290,33981,13574,12812,762
11291,33982,12404,4177,8227
11292,33983,16124,16035,89
11293,33990,32717,32717,0
11294,33991,26381,26371,10
11295,33993,29848,29229,619
11296,34101,13,0,13
11297,34102,10496,10496,0
11298,34103,11822,11822,0
11299,34104,25485,25485,0
11300,34105,16491,16491,0
11301,34108,16142,16142,0
11302,34109,26102,26102,0
11303,34110,24093,24093,0
11304,34112,26625,26426,199
11305,34113,23740,22892,848
11306,34114,21343,19108,2235
11307,34116,31538,31538,0
11308,34117,16408,5751,10657
11309,34119,34933,34933,0
11310,34120,41026,20743,20283
11311,34134,15906,15843,63
11312,34135,45518,45302,216
11313,34137,255,0,255
11314,34138,346,0,346
11315,34139,471,0,471
11316,34140,355,0,355
11317,34141,131,0,131
11318,34142,31327,23485,7842
11319,34145,15717,15617,100
11320,34201,4156,4156,0
11321,34202,26797,25527,1270
11322,34203,39853,39853,0
11323,34205,33789,33789,0
11324,34207,35281,35279,2
11325,34208,38522,38145,377
11326,34209,32940,32418,522
11327,34210,16447,16409,38
11328,34211,16845,15211,1634
11329,34212,24266,23150,1116
11330,34215,793,793,0
11331,34216,1061,1061,0
11332,34217,3825,3825,0
11333,34219,27212,21989,5223
11334,34221,48082,46936,1146
11335,34222,14097,14097,0
11336,34223,19118,18538,580
11337,34224,16379,16076,303
11338,34228,7505,7470,35
11339,34229,7780,7780,0
11340,34231,31492,31492,0
11341,34232,34671,34671,0
11342,34233,18723,18723,0
11343,34234,20858,20858,0
11344,34235,14536,14536,0
11345,34236,14083,13957,126
11346,34237,16740,16740,0
11347,34238,22050,22050,0
11348,34239,15049,15049,0
11349,34240,14428,11403,3025
11350,34241,14589,11940,2649
11351,34242,7417,7417,0
11352,34243,30107,30107,0
11353,34250,481,341,140
11354,34251,7061,0,7061
11355,34266,28827,16128,12699
11356,34267,44,0,44
11357,34268,223,0,223
11358,34269,4917,1223,3694
11359,34275,20570,20491,79
11360,34285,18971,18971,0
11361,34286,22000,20506,1494
11362,34287,26277,26273,4
11363,34288,14010,13403,607
11364,34289,3359,3359,0
11365,34291,8332,7331,1001
11366,34292,17141,16784,357
11367,34293,44935,44551,384
11368,34420,17969,16466,1503
11369,34428,9583,4267,5316
11370,34429,8837,7807,1030
11371,34431,8589,3049,5540
11372,34432,13159,3882,9277
11373,34433,7719,3949,3770
11374,34434,9582,7976,1606
11375,34436,7901,0,7901
11376,34442,16759,14976,1783
11377,34445,55,0,55
11378,34446,18431,17538,893
11379,34448,10889,7652,3237
11380,34449,3421,0,3421
11381,34450,10788,8078,2710
11382,34452,12405,10144,2261
11383,34453,10964,9420,1544
11384,34461,11388,6626,4762
11385,34465,17960,16981,979
11386,34470,20483,20466,17
11387,34471,27632,26594,1038
11388,34472,31701,30713,988
11389,34473,21548,18984,2564
11390,34474,17781,17454,327
11391,34475,14780,10486,4294
11392,34476,26522,20502,6020
11393,34479,14127,13113,1014
11394,34480,21709,17715,3994
11395,34481,23097,13591,9506
11396,34482,23565,9909,13656
11397,34484,6050,3795,2255
11398,34487,8,8,0
11399,34488,11392,4822,6570
11400,34491,31545,26442,5103
11401,34498,588,0,588
11402,34601,23001,12449,10552
11403,34602,8735,0,8735
11404,34604,12800,10049,2751
11405,34606,28548,28548,0
11406,34607,8544,4095,4449
11407,34608,34363,34363,0
11408,34609,43997,43997,0
11409,34610,15400,12005,3395
11410,34613,18869,18269,600
11411,34614,9221,3729,5492
11412,34637,9763,8246,1517
11413,34638,31746,28269,3477
11414,34639,28165,26963,1202
11415,34652,26697,26645,52
11416,34653,33381,33381,0
11417,34654,23508,23006,502
11418,34655,45628,45175,453
11419,34661,260,0,260
11420,34667,34910,33717,1193
11421,34668,48781,48758,23
11422,34669,15089,14378,711
11423,34677,22524,22524,0
11424,34679,273,208,65
11425,34681,1884,1884,0
11426,34683,33453,33453,0
11427,34684,27078,27078,0
11428,34685,17680,17680,0
11429,34688,8090,6349,1741
11430,34689,27436,27436,0
11431,34690,14115,14115,0
11432,34691,23688,23667,21
11433,34695,17927,17927,0
11434,34698,38010,38010,0
11435,34705,2670,0,2670
11436,34711,67980,66738,1242
11437,34714,25737,23337,2400
11438,34715,22763,18666,4097
11439,34729,148,0,148
11440,34731,12111,10816,1295
11441,34734,4166,4166,0
11442,34736,24679,17270,7409
11443,34737,3406,1972,1434
11444,34739,833,0,833
11445,34741,56454,56454,0
11446,34743,38454,38454,0
11447,34744,59232,58585,647
11448,34746,56344,53933,2411
11449,34747,26560,25786,774
11450,34748,45481,41608,3873
11451,34753,6657,5303,1354
11452,34756,3985,2791,1194
11453,34758,43282,42160,1122
11454,34759,42067,40079,1988
11455,34760,986,982,4
11456,34761,48193,48193,0
11457,34762,567,354,213
11458,34769,27594,27566,28
11459,34771,26503,19467,7036
11460,34772,33499,28494,5005
11461,34773,5186,0,5186
11462,34785,18677,16194,2483
11463,34786,46553,46553,0
11464,34787,88636,84041,4595
11465,34788,19409,17034,2375
11466,34797,1388,0,1388
11467,34945,5831,187,5644
11468,34946,6793,6571,222
11469,34947,13933,13546,387
11470,34949,8027,7966,61
11471,34950,16582,16582,0
11472,34951,15357,12137,3220
11473,34952,42630,42407,223
11474,34953,77023,76949,74
11475,34956,10322,5496,4826
11476,34957,22955,22955,0
11477,34972,19514,8586,10928
11478,34974,23699,18084,5615
11479,34981,4494,4494,0
11480,34982,27067,27067,0
11481,34983,43654,43654,0
11482,34984,16721,16721,0
11483,34986,30027,30001,26
11484,34987,14430,12681,1749
11485,34990,31160,27418,3742
11486,34994,17843,17843,0
11487,34996,11042,11042,0
11488,34997,44000,42697,1303
11489,35004,11477,8401,3076
11490,35005,7578,5880,1698
11491,35006,3259,0,3259
11492,35007,28274,26687,1587
11493,35010,20271,8920,11351
11494,35013,129,129,0
11495,35014,3679,0,3679
11496,35016,17495,7849,9646
11497,35019,2220,0,2220
11498,35020,24213,24168,45
11499,35022,23163,16539,6624
11500,35023,25657,15360,10297
11501,35031,8245,0,8245
11502,35032,92,92,0
11503,35033,3692,0,3692
11504,35034,5021,0,5021
11505,35035,1527,0,1527
11506,35036,167,167,0
11507,35040,19214,15642,3572
11508,35042,6156,0,6156
11509,35043,13841,3519,10322
11510,35044,7771,4363,3408
11511,35045,15228,6421,8807
11512,35046,5080,2,5078
11513,35049,3983,0,3983
11514,35051,9173,0,9173
11515,35052,337,0,337
11516,35053,2834,0,2834
11517,35054,4085,501,3584
11518,35055,22299,17512,4787
11519,35057,13954,1101,12853
11520,35058,11098,1600,9498
11521,35060,442,442,0
11522,35061,1327,1298,29
11523,35062,8505,0,8505
11524,35063,3443,0,3443
11525,35064,10149,10149,0
11526,35068,8492,8122,370
11527,35070,97,0,97
11528,35071,17162,14342,2820
11529,35072,4910,0,4910
11530,35073,2412,1662,750
11531,35074,71,0,71
11532,35077,13813,636,13177
11533,35078,2052,0,2052
11534,35079,9122,0,9122
11535,35080,19692,17528,2164
11536,35082,12,0,12
11537,35083,3174,0,3174
11538,35085,9171,0,9171
11539,35087,2294,0,2294
11540,35089,1949,0,1949
11541,35091,3683,0,3683
11542,35094,14936,10692,4244
11543,35096,8263,0,8263
11544,35097,1751,0,1751
11545,35098,1484,0,1484
11546,35111,18852,1281,17571
11547,35112,446,275,171
11548,35114,7565,6991,574
11549,35115,15260,7554,7706
11550,35116,4908,0,4908
11551,35117,6407,5593,814
11552,35118,3252,0,3252
11553,35119,91,33,58
11554,35120,16073,5747,10326
11555,35121,16016,5495,10521
11556,35124,25667,23677,1990
11557,35125,10821,4898,5923
11558,35126,21400,13693,7707
11559,35127,9546,9353,193
11560,35128,10479,5248,5231
11561,35130,3194,0,3194
11562,35131,4119,0,4119
11563,35133,4094,0,4094
11564,35135,1852,853,999
11565,35136,1603,0,1603
11566,35143,3275,0,3275
11567,35146,12566,0,12566
11568,35147,5769,2611,3158
11569,35148,2653,0,2653
11570,35149,539,0,539
11571,35150,17971,11561,6410
11572,35151,7417,964,6453
11573,35160,27074,12609,14465
11574,35171,3434,0,3434
11575,35172,3170,0,3170
11576,35173,31413,21539,9874
11577,35175,5029,0,5029
11578,35176,855,0,855
11579,35178,3445,0,3445
11580,35179,9742,316,9426
11581,35180,14204,0,14204
11582,35181,32,0,32
11583,35183,631,0,631
11584,35184,5783,0,5783
11585,35185,1,0,1
11586,35186,5199,0,5199
11587,35188,3020,0,3020
11588,35203,3595,3595,0
11589,35204,9271,9271,0
11590,35205,20137,20137,0
11591,35206,15648,15577,71
11592,35207,7911,7889,22
11593,35208,12982,12982,0
11594,35209,27827,27827,0
11595,35210,14344,13592,752
11596,35211,24775,24327,448
11597,35212,11240,11240,0
11598,35213,14964,14964,0
11599,35214,18287,17528,759
11600,35215,46772,46185,587
11601,35216,36673,36673,0
11602,35217,12891,12551,340
11603,35218,6521,6521,0
11604,35221,4036,4027,9
11605,35222,8419,8419,0
11606,35223,11972,11972,0
11607,35224,5327,4903,424
11608,35226,38471,38325,146
11609,35228,9525,9525,0
11610,35229,2292,2292,0
11611,35233,2588,2588,0
11612,35234,4873,4873,0
11613,35235,20059,20059,0
11614,35242,57008,54955,2053
11615,35243,21607,21588,19
11616,35244,37448,37095,353
11617,35249,0,0,0
11618,35254,969,969,0
11619,35401,41852,41099,753
11620,35404,20982,20325,657
11621,35405,45155,42950,2205
11622,35406,16664,14311,2353
11623,35441,1077,0,1077
11624,35442,5937,0,5937
11625,35443,1669,0,1669
11626,35444,4467,0,4467
11627,35446,2354,0,2354
11628,35447,3078,0,3078
11629,35452,4371,100,4271
11630,35453,12682,4641,8041
11631,35456,4587,0,4587
11632,35457,75,0,75
11633,35458,701,0,701
11634,35459,786,0,786
11635,35460,558,0,558
11636,35461,1825,0,1825
11637,35462,4648,0,4648
11638,35463,1818,0,1818
11639,35464,436,0,436
11640,35466,5678,0,5678
11641,35469,319,0,319
11642,35470,5055,0,5055
11643,35473,17888,14491,3397
11644,35474,7829,0,7829
11645,35475,20164,9309,10855
11646,35476,8697,8695,2
11647,35477,106,0,106
11648,35480,1976,0,1976
11649,35481,3112,0,3112
11650,35487,529,529,0
11651,35490,5257,0,5257
11652,35491,5,0,5
11653,35501,10284,6934,3350
11654,35503,8948,1467,7481
11655,35504,13715,4873,8842
11656,35540,2324,0,2324
11657,35541,3457,0,3457
11658,35542,1180,0,1180
11659,35543,1124,0,1124
11660,35544,660,0,660
11661,35545,73,0,73
11662,35546,4180,0,4180
11663,35548,1494,0,1494
11664,35549,3780,0,3780
11665,35550,5229,0,5229
11666,35552,971,0,971
11667,35553,4529,0,4529
11668,35554,1131,0,1131
11669,35555,9282,0,9282
11670,35559,30,0,30
11671,35563,3967,0,3967
11672,35564,2155,0,2155
11673,35565,12777,0,12777
11674,35570,10774,0,10774
11675,35571,999,0,999
11676,35572,1022,0,1022
11677,35573,1,0,1
11678,35574,1471,0,1471
11679,35575,976,0,976
11680,35576,3131,0,3131
11681,35577,14,0,14
11682,35578,5421,0,5421
11683,35579,3105,0,3105
11684,35580,3860,0,3860
11685,35581,5232,0,5232
11686,35582,4182,0,4182
11687,35584,379,0,379
11688,35585,1538,0,1538
11689,35586,4235,0,4235
11690,35587,887,0,887
11691,35592,4396,0,4396
11692,35593,1853,0,1853
11693,35594,7681,0,7681
11694,35601,34958,34499,459
11695,35603,32380,23537,8843
11696,35610,1846,0,1846
11697,35611,27168,16293,10875
11698,35613,22935,13230,9705
11699,35614,7788,1096,6692
11700,35615,52,0,52
11701,35616,3756,0,3756
11702,35618,1710,0,1710
11703,35619,5048,0,5048
11704,35620,9592,0,9592
11705,35621,2914,0,2914
11706,35622,7257,1002,6255
11707,35630,32671,32347,324
11708,35632,1096,1096,0
11709,35633,20446,8159,12287
11710,35634,10910,3156,7754
11711,35640,25913,14962,10951
11712,35643,2913,0,2913
11713,35645,13414,0,13414
11714,35646,4268,0,4268
11715,35647,1152,0,1152
11716,35648,3737,0,3737
11717,35649,63,0,63
11718,35650,13741,0,13741
11719,35651,1122,0,1122
11720,35652,8215,0,8215
11721,35653,12239,8415,3824
11722,35654,8511,1524,6987
11723,35660,9434,9253,181
11724,35661,18714,14994,3720
11725,35670,7780,0,7780
11726,35671,1976,71,1905
11727,35672,5985,0,5985
11728,35673,8100,1983,6117
11729,35674,19536,9920,9616
11730,35677,1808,0,1808
11731,35739,5426,0,5426
11732,35740,3357,2191,1166
11733,35741,3529,2117,1412
11734,35744,2527,0,2527
11735,35745,262,0,262
11736,35746,799,0,799
11737,35747,6173,0,6173
11738,35748,7794,1154,6640
11739,35749,28780,23316,5464
11740,35750,14192,0,14192
11741,35751,226,0,226
11742,35752,2008,0,2008
11743,35754,4950,0,4950
11744,35755,677,0,677
11745,35756,22978,19900,3078
11746,35757,16962,16945,17
11747,35758,48192,48170,22
11748,35759,9894,6794,3100
11749,35760,5186,0,5186
11750,35761,12561,4066,8495
11751,35763,21889,17113,4776
11752,35764,522,0,522
11753,35765,3845,0,3845
11754,35766,180,0,180
11755,35768,11436,5499,5937
11756,35769,10419,5292,5127
11757,35771,3746,0,3746
11758,35772,4688,0,4688
11759,35773,13199,1656,11543
11760,35774,110,0,110
11761,35775,602,0,602
11762,35776,3480,0,3480
11763,35801,22539,22077,462
11764,35802,23842,23646,196
11765,35803,29001,26702,2299
11766,35805,23189,23053,136
11767,35806,25702,25458,244
11768,35808,865,771,94
11769,35810,29976,28372,1604
11770,35811,30075,25512,4563
11771,35816,15035,15035,0
11772,35824,9378,9363,15
11773,35896,596,596,0
11774,35901,18671,14173,4498
11775,35903,17344,10640,6704
11776,35904,13559,10627,2932
11777,35905,6706,2942,3764
11778,35906,10444,7008,3436
11779,35907,9270,6743,2527
11780,35950,22239,15577,6662
11781,35951,14219,5094,9125
11782,35952,7847,0,7847
11783,35953,7705,0,7705
11784,35954,12145,5842,6303
11785,35956,9109,830,8279
11786,35957,16849,9038,7811
11787,35958,3218,0,3218
11788,35959,4747,0,4747
11789,35960,9883,0,9883
11790,35961,6053,0,6053
11791,35962,7445,0,7445
11792,35963,1765,0,1765
11793,35966,3511,0,3511
11794,35967,17233,7899,9334
11795,35968,5115,481,4634
11796,35971,4635,0,4635
11797,35972,1251,0,1251
11798,35973,2808,0,2808
11799,35974,1552,0,1552
11800,35975,1003,0,1003
11801,35976,16787,7937,8850
11802,35978,5436,0,5436
11803,35979,1375,0,1375
11804,35980,5327,0,5327
11805,35981,2055,0,2055
11806,35983,3553,0,3553
11807,35984,1976,0,1976
11808,35986,8091,0,8091
11809,35987,2671,0,2671
11810,35988,1871,0,1871
11811,35989,3265,0,3265
11812,35990,47,0,47
11813,36003,1780,0,1780
11814,36005,1656,0,1656
11815,36006,1337,0,1337
11816,36008,47,0,47
11817,36009,2454,0,2454
11818,36010,4866,0,4866
11819,36013,464,0,464
11820,36016,4077,0,4077
11821,36017,3051,0,3051
11822,36020,1250,300,950
11823,36022,14780,1439,13341
11824,36024,6028,0,6028
11825,36025,7993,1960,6033
11826,36026,967,0,967
11827,36027,15708,8596,7112
11828,36028,1755,0,1755
11829,36029,791,0,791
11830,36030,467,0,467
11831,36031,98,0,98
11832,36032,2290,0,2290
11833,36033,3615,0,3615
11834,36034,821,0,821
11835,36035,1973,0,1973
11836,36036,1738,0,1738
11837,36037,12851,5823,7028
11838,36038,66,0,66
11839,36039,285,0,285
11840,36040,3358,0,3358
11841,36041,1430,0,1430
11842,36042,1380,0,1380
11843,36043,3428,0,3428
11844,36046,1340,0,1340
11845,36047,1227,0,1227
11846,36048,1180,0,1180
11847,36049,5299,0,5299
11848,36051,2294,0,2294
11849,36052,808,0,808
11850,36053,1826,0,1826
11851,36054,15204,14128,1076
11852,36057,102,0,102
11853,36064,12929,5040,7889
11854,36066,22206,20539,1667
11855,36067,27534,15336,12198
11856,36069,1923,0,1923
11857,36071,677,0,677
11858,36075,1767,0,1767
11859,36078,13604,0,13604
11860,36079,9624,3447,6177
11861,36080,2377,0,2377
11862,36081,15513,10297,5216
11863,36082,738,722,16
11864,36083,9367,5492,3875
11865,36088,3547,3511,36
11866,36089,8342,0,8342
11867,36091,3822,0,3822
11868,36092,21517,6488,15029
11869,36093,12081,0,12081
11870,36101,61,61,0
11871,36104,9021,8944,77
11872,36105,9961,8488,1473
11873,36106,15438,15438,0
11874,36107,8418,8418,0
11875,36108,17117,12047,5070
11876,36109,24176,24169,7
11877,36110,11492,10025,1467
11878,36111,12793,12793,0
11879,36112,1195,1186,9
11880,36113,929,787,142
11881,36114,0,0,0
11882,36115,1154,1154,0
11883,36116,43840,40639,3201
11884,36117,53172,51457,1715
11885,36130,0,0,0
11886,36201,17631,15773,1858
11887,36203,19460,17808,1652
11888,36205,838,749,89
11889,36206,10946,9911,1035
11890,36207,19553,12133,7420
11891,36250,4751,232,4519
11892,36251,5138,0,5138
11893,36255,921,0,921
11894,36256,1503,0,1503
11895,36258,1688,0,1688
11896,36260,4278,1953,2325
11897,36262,1485,0,1485
11898,36263,649,0,649
11899,36264,8984,0,8984
11900,36265,22018,14484,7534
11901,36266,5812,0,5812
11902,36267,28,0,28
11903,36268,5498,106,5392
11904,36269,1319,0,1319
11905,36271,5984,0,5984
11906,36272,12854,0,12854
11907,36273,2943,0,2943
11908,36274,10223,0,10223
11909,36276,2287,0,2287
11910,36277,5379,5153,226
11911,36278,4331,0,4331
11912,36279,2586,0,2586
11913,36280,4060,0,4060
11914,36301,38447,28707,9740
11915,36303,31080,26725,4355
11916,36305,16561,14932,1629
11917,36310,6195,0,6195
11918,36311,2796,0,2796
11919,36312,5876,0,5876
11920,36313,204,0,204
11921,36314,635,0,635
11922,36316,1835,0,1835
11923,36317,465,0,465
11924,36318,1320,0,1320
11925,36319,2285,0,2285
11926,36320,3576,0,3576
11927,36321,1783,0,1783
11928,36322,8137,4259,3878
11929,36323,7779,0,7779
11930,36330,38595,30394,8201
11931,36340,5186,0,5186
11932,36343,1440,0,1440
11933,36344,5853,0,5853
11934,36345,8451,0,8451
11935,36346,1550,0,1550
11936,36350,7475,2059,5416
11937,36351,4004,0,4004
11938,36352,5387,0,5387
11939,36353,2025,0,2025
11940,36360,19654,12218,7436
11941,36362,4468,3762,706
11942,36370,939,0,939
11943,36371,445,0,445
11944,36373,524,0,524
11945,36374,1062,0,1062
11946,36375,7647,0,7647
11947,36376,2183,0,2183
11948,36401,7023,0,7023
11949,36420,10796,5680,5116
11950,36421,9166,711,8455
11951,36425,784,0,784
11952,36426,15660,6371,9289
11953,36432,2326,0,2326
11954,36435,475,0,475
11955,36436,530,0,530
11956,36439,200,0,200
11957,36441,3772,0,3772
11958,36442,3414,0,3414
11959,36444,536,0,536
11960,36445,4272,0,4272
11961,36446,325,0,325
11962,36451,4567,0,4567
11963,36453,2194,0,2194
11964,36454,79,0,79
11965,36455,378,0,378
11966,36456,1854,0,1854
11967,36460,10057,4284,5773
11968,36467,10123,5325,4798
11969,36470,31,0,31
11970,36471,775,0,775
11971,36473,191,0,191
11972,36474,2747,0,2747
11973,36475,1746,0,1746
11974,36476,38,0,38
11975,36477,4768,0,4768
11976,36480,1564,0,1564
11977,36481,314,0,314
11978,36482,897,0,897
11979,36483,544,0,544
11980,36502,16050,6390,9660
11981,36503,1255,0,1255
11982,36505,1419,0,1419
11983,36507,19608,7685,11923
11984,36509,1827,0,1827
11985,36511,703,0,703
11986,36512,28,0,28
11987,36513,402,0,402
11988,36518,2523,0,2523
11989,36521,5302,0,5302
11990,36522,7396,0,7396
11991,36523,2779,0,2779
11992,36524,1009,0,1009
11993,36525,1848,661,1187
11994,36526,35720,33740,1980
11995,36527,18034,13995,4039
11996,36528,1778,0,1778
11997,36529,570,0,570
11998,36530,8375,963,7412
11999,36532,36918,28809,8109
12000,36535,35484,25044,10440
12001,36538,330,0,330
12002,36539,732,0,732
12003,36540,955,0,955
12004,36541,14999,0,14999
12005,36542,16993,14208,2785
12006,36543,20,0,20
12007,36544,11717,4123,7594
12008,36545,8659,0,8659
12009,36547,0,0,0
12010,36548,989,0,989
12011,36549,5465,3644,1821
12012,36550,199,0,199
12013,36551,10514,0,10514
12014,36553,2790,0,2790
12015,36555,829,0,829
12016,36556,226,0,226
12017,36558,3441,0,3441
12018,36559,248,248,0
12019,36560,3418,0,3418
12020,36561,9146,8874,272
12021,36562,1863,0,1863
12022,36564,15,15,0
12023,36567,14620,6671,7949
12024,36568,126,0,126
12025,36569,783,0,783
12026,36571,16759,12708,4051
12027,36572,6867,6539,328
12028,36574,1614,0,1614
12029,36575,20640,14703,5937
12030,36576,5228,155,5073
12031,36578,2042,0,2042
12032,36579,1393,0,1393
12033,36580,6663,603,6060
12034,36581,191,0,191
12035,36582,25903,18285,7618
12036,36583,652,0,652
12037,36584,718,0,718
12038,36585,929,0,929
12039,36587,11562,0,11562
12040,36602,910,910,0
12041,36603,8184,8184,0
12042,36604,8798,8798,0
12043,36605,25113,24709,404
12044,36606,19042,19042,0
12045,36607,6264,6264,0
12046,36608,39782,35606,4176
12047,36609,24265,24265,0
12048,36610,9699,9699,0
12049,36611,6457,6411,46
12050,36612,4013,3975,38
12051,36613,12383,5602,6781
12052,36615,26,26,0
12053,36617,11408,11408,0
12054,36618,17425,17007,418
12055,36619,14441,14296,145
12056,36652,118,118,0
12057,36663,210,210,0
12058,36688,2192,2192,0
12059,36693,18914,18756,158
12060,36695,51174,47410,3764
12061,36701,21448,13747,7701
12062,36703,11754,7460,4294
12063,36720,689,0,689
12064,36722,401,0,401
12065,36723,220,0,220
12066,36726,4948,0,4948
12067,36727,45,0,45
12068,36728,570,0,570
12069,36732,8053,6227,1826
12070,36736,1299,0,1299
12071,36738,808,0,808
12072,36740,931,0,931
12073,36741,73,0,73
12074,36742,2269,0,2269
12075,36744,6444,0,6444
12076,36748,2929,0,2929
12077,36749,993,0,993
12078,36750,2792,0,2792
12079,36751,843,0,843
12080,36752,1559,0,1559
12081,36753,10,0,10
12082,36754,244,0,244
12083,36756,4973,0,4973
12084,36758,1321,0,1321
12085,36759,1405,0,1405
12086,36761,935,0,935
12087,36763,70,0,70
12088,36764,13,0,13
12089,36765,1077,0,1077
12090,36766,28,0,28
12091,36767,1715,0,1715
12092,36768,726,0,726
12093,36769,2473,0,2473
12094,36773,396,0,396
12095,36775,807,0,807
12096,36776,1347,0,1347
12097,36782,2140,0,2140
12098,36783,737,0,737
12099,36784,6887,0,6887
12100,36785,1086,0,1086
12101,36786,2635,0,2635
12102,36790,248,0,248
12103,36792,1271,0,1271
12104,36793,461,0,461
12105,36801,24590,21487,3103
12106,36804,20687,4744,15943
12107,36830,47543,43320,4223
12108,36832,29349,26138,3211
12109,36849,4230,4230,0
12110,36850,2596,0,2596
12111,36851,17,0,17
12112,36852,2564,0,2564
12113,36853,8915,0,8915
12114,36854,16399,9242,7157
12115,36855,1384,0,1384
12116,36856,7814,0,7814
12117,36858,486,0,486
12118,36860,1274,0,1274
12119,36861,3319,0,3319
12120,36862,5806,0,5806
12121,36863,12233,7885,4348
12122,36865,30,0,30
12123,36866,3857,0,3857
12124,36867,22505,22340,165
12125,36869,21748,14676,7072
12126,36870,19325,17164,2161
12127,36871,1118,0,1118
12128,36874,9173,0,9173
12129,36875,4464,0,4464
12130,36877,12461,8539,3922
12131,36879,2586,923,1663
12132,36901,209,0,209
12133,36904,3755,0,3755
12134,36907,1635,0,1635
12135,36908,2312,0,2312
12136,36910,14,0,14
12137,36912,1780,0,1780
12138,36913,41,0,41
12139,36915,643,0,643
12140,36916,542,0,542
12141,36919,1830,0,1830
12142,36921,982,0,982
12143,36922,622,0,622
12144,36925,3231,0,3231
12145,37010,5609,1344,4265
12146,37012,2339,0,2339
12147,37013,96379,95666,713
12148,37014,2498,0,2498
12149,37015,18761,0,18761
12150,37016,967,0,967
12151,37018,2392,0,2392
12152,37019,890,0,890
12153,37020,5272,0,5272
12154,37022,6072,0,6072
12155,37023,1731,0,1731
12156,37025,6779,0,6779
12157,37026,2500,0,2500
12158,37027,61370,59093,2277
12159,37028,650,0,650
12160,37029,6289,1371,4918
12161,37030,7258,0,7258
12162,37031,4296,0,4296
12163,37032,4663,0,4663
12164,37033,7865,0,7865
12165,37034,8412,0,8412
12166,37035,3796,0,3796
12167,37036,6486,0,6486
12168,37037,8864,543,8321
12169,37040,60382,52444,7938
12170,37042,83498,78799,4699
12171,37043,52792,41604,11188
12172,37046,5941,0,5941
12173,37047,2495,0,2495
12174,37048,6927,1084,5843
12175,37049,3564,0,3564
12176,37050,1722,0,1722
12177,37051,4019,0,4019
12178,37052,2853,0,2853
12179,37055,29319,15172,14147
12180,37057,1011,0,1011
12181,37058,7396,0,7396
12182,37059,1578,0,1578
12183,37060,2916,0,2916
12184,37061,4852,0,4852
12185,37062,12710,0,12710
12186,37064,62422,52957,9465
12187,37066,59370,51029,8341
12188,37067,31465,29076,2389
12189,37069,20832,16560,4272
12190,37072,33065,24911,8154
12191,37073,14506,7564,6942
12192,37074,10413,0,10413
12193,37075,71023,65967,5056
12194,37076,39326,37811,1515
12195,37078,709,0,709
12196,37079,2731,0,2731
12197,37080,7429,0,7429
12198,37082,6138,0,6138
12199,37083,15786,6174,9612
12200,37085,5268,0,5268
12201,37086,37463,35907,1556
12202,37087,51658,30939,20719
12203,37090,18369,5646,12723
12204,37091,22554,11934,10620
12205,37095,2033,0,2033
12206,37096,5812,0,5812
12207,37097,2269,0,2269
12208,37098,5413,0,5413
12209,37101,6481,0,6481
12210,37110,32952,15706,17246
12211,37115,39821,39250,571
12212,37118,1403,0,1403
12213,37122,64018,50381,13637
12214,37127,20353,16118,4235
12215,37128,70329,64559,5770
12216,37129,60494,52218,8276
12217,37130,59677,53741,5936
12218,37132,2880,2880,0
12219,37134,2981,0,2981
12220,37135,21176,17683,3493
12221,37137,2828,0,2828
12222,37138,23631,23222,409
12223,37140,1361,0,1361
12224,37141,1186,0,1186
12225,37142,1970,0,1970
12226,37143,4032,0,4032
12227,37144,3300,0,3300
12228,37145,2493,0,2493
12229,37146,7567,0,7567
12230,37148,25318,12244,13074
12231,37149,2675,0,2675
12232,37150,4951,0,4951
12233,37151,534,0,534
12234,37153,5726,1020,4706
12235,37160,36976,22552,14424
12236,37165,64,0,64
12237,37166,14379,4825,9554
12238,37167,61731,58987,2744
12239,37171,1156,0,1156
12240,37172,31851,18472,13379
12241,37174,48849,42295,6554
12242,37175,987,0,987
12243,37178,2281,0,2281
12244,37179,16995,13332,3663
12245,37180,3316,0,3316
12246,37181,1509,0,1509
12247,37183,3494,0,3494
12248,37184,6250,0,6250
12249,37185,9082,0,9082
12250,37186,10263,0,10263
12251,37187,7382,0,7382
12252,37188,16281,12803,3478
12253,37189,3636,839,2797
12254,37190,8930,0,8930
12255,37191,3969,0,3969
12256,37201,2448,2448,0
12257,37203,20429,20429,0
12258,37204,15959,15959,0
12259,37205,24551,24507,44
12260,37206,27792,27792,0
12261,37207,38719,38577,142
12262,37208,21609,21609,0
12263,37209,40498,39481,1017
12264,37210,17134,17134,0
12265,37211,81830,81830,0
12266,37212,22318,22318,0
12267,37213,112,112,0
12268,37214,30480,30480,0
12269,37215,23756,23403,353
12270,37216,18191,18191,0
12271,37217,33115,33115,0
12272,37218,14875,13193,1682
12273,37219,2265,2265,0
12274,37220,6750,5541,1209
12275,37221,42312,39852,2460
12276,37228,1710,1710,0
12277,37232,0,0,0
12278,37238,9,9,0
12279,37301,1653,0,1653
12280,37302,4934,771,4163
12281,37303,25894,14582,11312
12282,37305,735,0,735
12283,37306,2749,0,2749
12284,37307,5092,0,5092
12285,37308,2825,0,2825
12286,37309,2137,0,2137
12287,37310,4384,0,4384
12288,37311,29687,25581,4106
12289,37312,36291,29959,6332
12290,37313,1360,0,1360
12291,37315,1760,1760,0
12292,37316,12,0,12
12293,37317,2565,0,2565
12294,37318,1972,1584,388
12295,37321,19823,8527,11296
12296,37322,8855,0,8855
12297,37323,31497,18046,13451
12298,37324,5119,2344,2775
12299,37325,1930,0,1930
12300,37326,420,0,420
12301,37327,12412,0,12412
12302,37328,1504,0,1504
12303,37329,5381,55,5326
12304,37330,7026,0,7026
12305,37331,7792,4458,3334
12306,37332,2713,0,2713
12307,37333,550,0,550
12308,37334,23435,10120,13315
12309,37335,2824,0,2824
12310,37336,4650,0,4650
12311,37337,1499,0,1499
12312,37338,3328,1161,2167
12313,37339,1923,0,1923
12314,37340,472,0,472
12315,37341,12900,4077,8823
12316,37342,3809,167,3642
12317,37343,43626,42073,1553
12318,37345,2202,0,2202
12319,37347,8280,0,8280
12320,37348,1192,0,1192
12321,37350,2058,2034,24
12322,37351,376,376,0
12323,37352,3347,0,3347
12324,37353,5168,370,4798
12325,37354,17535,6070,11465
12326,37355,28487,12786,15701
12327,37356,2521,0,2521
12328,37357,6382,5,6377
12329,37359,684,0,684
12330,37360,1667,180,1487
12331,37361,1684,0,1684
12332,37362,3678,0,3678
12333,37363,41120,35251,5869
12334,37365,1340,0,1340
12335,37366,958,0,958
12336,37367,11835,0,11835
12337,37369,916,0,916
12338,37370,4879,680,4199
12339,37373,3343,0,3343
12340,37374,1668,0,1668
12341,37375,3657,0,3657
12342,37376,387,0,387
12343,37377,17004,11913,5091
12344,37379,28552,16095,12457
12345,37380,6305,2496,3809
12346,37381,9213,0,9213
12347,37383,312,0,312
12348,37385,8108,0,8108
12349,37387,4089,0,4089
12350,37388,26352,19117,7235
12351,37391,1573,0,1573
12352,37394,74,0,74
12353,37396,280,0,280
12354,37397,9928,0,9928
12355,37398,15693,8774,6919
12356,37402,4464,4464,0
12357,37403,5666,5666,0
12358,37404,13106,13106,0
12359,37405,18231,16742,1489
12360,37406,12422,12422,0
12361,37407,9779,9779,0
12362,37408,3353,3353,0
12363,37409,2791,2729,62
12364,37410,4082,4082,0
12365,37411,17499,17499,0
12366,37412,21881,21881,0
12367,37415,23580,23398,182
12368,37416,14844,14767,77
12369,37419,6438,4343,2095
12370,37421,51686,51686,0
12371,37450,0,0,0
12372,37601,37079,33661,3418
12373,37604,37025,35710,1315
12374,37614,4027,4027,0
12375,37615,22151,19024,3127
12376,37616,4864,183,4681
12377,37617,14422,4102,10320
12378,37618,12729,6031,6698
12379,37620,38245,29857,8388
12380,37640,3664,0,3664
12381,37641,8699,0,8699
12382,37642,15041,7123,7918
12383,37643,33752,22638,11114
12384,37645,5469,5258,211
12385,37650,12329,8678,3651
12386,37656,3611,0,3611
12387,37657,879,0,879
12388,37658,4019,1427,2592
12389,37659,29313,14200,15113
12390,37660,39479,36267,3212
12391,37663,14392,12103,2289
12392,37664,28748,22432,6316
12393,37665,5204,5204,0
12394,37680,661,0,661
12395,37681,6234,0,6234
12396,37682,392,392,0
12397,37683,12867,0,12867
12398,37686,8207,3340,4867
12399,37687,4641,0,4641
12400,37688,963,0,963
12401,37690,4332,738,3594
12402,37691,851,0,851
12403,37692,4808,0,4808
12404,37694,1766,0,1766
12405,37701,8798,8798,0
12406,37705,5031,68,4963
12407,37708,6584,3443,3141
12408,37709,3900,0,3900
12409,37710,1025,0,1025
12410,37711,5056,0,5056
12411,37713,1407,0,1407
12412,37714,4352,1988,2364
12413,37715,835,0,835
12414,37716,25920,15599,10321
12415,37719,157,0,157
12416,37721,14222,4949,9273
12417,37722,6138,0,6138
12418,37723,977,0,977
12419,37724,2581,313,2268
12420,37725,18395,18,18377
12421,37726,1959,0,1959
12422,37727,2175,0,2175
12423,37729,1381,0,1381
12424,37730,57,0,57
12425,37731,786,0,786
12426,37732,56,0,56
12427,37733,40,0,40
12428,37737,6293,680,5613
12429,37738,5001,0,5001
12430,37742,6160,0,6160
12431,37743,25755,10559,15196
12432,37745,19714,12177,7537
12433,37748,17227,8994,8233
12434,37752,6421,3500,2921
12435,37753,862,0,862
12436,37754,4826,0,4826
12437,37755,3567,0,3567
12438,37756,2764,0,2764
12439,37757,9494,7027,2467
12440,37760,13726,8606,5120
12441,37762,2893,0,2893
12442,37763,15465,7055,8410
12443,37764,10583,3072,7511
12444,37765,510,0,510
12445,37766,18011,11099,6912
12446,37769,5724,0,5724
12447,37770,2716,0,2716
12448,37771,16822,12673,4149
12449,37772,13453,9829,3624
12450,37774,20678,12907,7771
12451,37777,12200,7542,4658
12452,37779,3812,0,3812
12453,37801,28822,18242,10580
12454,37803,33463,24642,8821
12455,37804,27075,20550,6525
12456,37806,3258,865,2393
12457,37807,10449,0,10449
12458,37809,2200,0,2200
12459,37810,1834,0,1834
12460,37811,3507,401,3106
12461,37813,18030,12200,5830
12462,37814,34130,31862,2268
12463,37818,4908,0,4908
12464,37819,712,0,712
12465,37820,7991,415,7576
12466,37821,22928,11558,11370
12467,37825,8958,2906,6052
12468,37826,4419,462,3957
12469,37828,1458,1032,426
12470,37829,1747,0,1747
12471,37830,31839,29495,2344
12472,37840,9330,3275,6055
12473,37841,9443,0,9443
12474,37843,3731,0,3731
12475,37845,362,0,362
12476,37846,4994,0,4994
12477,37847,2602,0,2602
12478,37848,330,0,330
12479,37849,27742,22737,5005
12480,37851,0,0,0
12481,37852,2625,0,2625
12482,37853,3621,1819,1802
12483,37854,12614,6299,6315
12484,37857,21026,6154,14872
12485,37860,4281,860,3421
12486,37861,8790,0,8790
12487,37862,23236,17750,5486
12488,37863,6988,6398,590
12489,37865,22567,14741,7826
12490,37866,1957,0,1957
12491,37869,4908,0,4908
12492,37870,4303,0,4303
12493,37871,9245,615,8630
12494,37872,2037,0,2037
12495,37873,4158,0,4158
12496,37874,15604,6468,9136
12497,37876,32866,6289,26577
12498,37877,8739,5531,3208
12499,37878,530,0,530
12500,37879,10490,2468,8022
12501,37880,3690,0,3690
12502,37881,2235,0,2235
12503,37882,3061,0,3061
12504,37885,5509,0,5509
12505,37886,4481,0,4481
12506,37887,7118,0,7118
12507,37888,2734,0,2734
12508,37890,6890,3359,3531
12509,37891,3437,113,3324
12510,37892,1946,0,1946
12511,37902,2479,2479,0
12512,37909,16066,16066,0
12513,37912,22313,22313,0
12514,37914,20587,16263,4324
12515,37915,5509,5509,0
12516,37916,14400,14400,0
12517,37917,25013,25013,0
12518,37918,46245,45913,332
12519,37919,30822,30083,739
12520,37920,41210,32705,8505
12521,37921,28903,28903,0
12522,37922,39623,38448,1175
12523,37923,29705,29705,0
12524,37924,12894,10328,2566
12525,37929,0,0,0
12526,37931,31358,30544,814
12527,37932,21726,17542,4184
12528,37934,27414,27211,203
12529,37938,18207,15421,2786
12530,38001,4464,0,4464
12531,38002,44385,36265,8120
12532,38004,11561,8288,3273
12533,38006,5178,0,5178
12534,38007,37,0,37
12535,38008,9110,5281,3829
12536,38011,9427,1603,7824
12537,38012,13901,9621,4280
12538,38015,2601,0,2601
12539,38016,48322,47799,523
12540,38017,55114,49674,5440
12541,38018,37086,35509,1577
12542,38019,15129,7092,8037
12543,38021,40,0,40
12544,38023,5443,0,5443
12545,38024,26518,16790,9728
12546,38028,7211,0,7211
12547,38029,81,81,0
12548,38030,557,0,557
12549,38034,2783,0,2783
12550,38036,220,171,49
12551,38037,1718,0,1718
12552,38039,1758,0,1758
12553,38040,4984,0,4984
12554,38041,4075,0,4075
12555,38042,685,0,685
12556,38044,811,0,811
12557,38046,28,0,28
12558,38047,124,0,124
12559,38049,4357,0,4357
12560,38050,382,0,382
12561,38052,3757,0,3757
12562,38053,26839,12825,14014
12563,38054,93,93,0
12564,38057,3519,0,3519
12565,38058,10962,3393,7569
12566,38059,7607,0,7607
12567,38060,11649,8906,2743
12568,38061,972,0,972
12569,38063,16033,6922,9111
12570,38066,3068,0,3068
12571,38067,1233,0,1233
12572,38068,10952,483,10469
12573,38069,2498,0,2498
12574,38070,89,0,89
12575,38075,6680,0,6680
12576,38076,762,0,762
12577,38077,33,0,33
12578,38079,4890,0,4890
12579,38080,2408,0,2408
12580,38103,14739,14739,0
12581,38104,22584,22584,0
12582,38105,6232,6232,0
12583,38106,22394,22394,0
12584,38107,15655,15655,0
12585,38108,17051,17051,0
12586,38109,42437,42118,319
12587,38111,40533,40533,0
12588,38112,16970,16970,0
12589,38113,11,8,3
12590,38114,23559,23559,0
12591,38115,40076,40076,0
12592,38116,39107,39107,0
12593,38117,27138,27138,0
12594,38118,39627,39627,0
12595,38119,23997,23997,0
12596,38120,14536,14536,0
12597,38122,26432,26432,0
12598,38125,40970,40706,264
12599,38126,5717,5717,0
12600,38127,40679,36414,4265
12601,38128,43197,42826,371
12602,38131,14,14,0
12603,38132,55,55,0
12604,38133,22482,22482,0
12605,38134,41760,41760,0
12606,38135,29609,29119,490
12607,38138,25837,25837,0
12608,38139,16734,16734,0
12609,38141,22333,22333,0
12610,38152,127,127,0
12611,38201,10095,5360,4735
12612,38220,1919,0,1919
12613,38221,3113,0,3113
12614,38222,2591,0,2591
12615,38224,938,0,938
12616,38225,5929,0,5929
12617,38226,272,0,272
12618,38229,2738,0,2738
12619,38230,3499,0,3499
12620,38231,1739,0,1739
12621,38232,1990,0,1990
12622,38233,2653,0,2653
12623,38235,209,0,209
12624,38236,606,0,606
12625,38237,15826,10518,5308
12626,38240,1970,0,1970
12627,38241,789,0,789
12628,38242,19940,10303,9637
12629,38251,2750,0,2750
12630,38253,970,0,970
12631,38254,5,0,5
12632,38255,2132,0,2132
12633,38256,3293,0,3293
12634,38257,4121,1923,2198
12635,38258,1437,0,1437
12636,38259,730,0,730
12637,38260,3838,0,3838
12638,38261,16627,10605,6022
12639,38301,34170,26659,7511
12640,38305,52686,45671,7015
12641,38310,6204,0,6204
12642,38311,865,0,865
12643,38313,3194,0,3194
12644,38315,3653,0,3653
12645,38316,2706,0,2706
12646,38317,2521,0,2521
12647,38318,511,0,511
12648,38320,10362,0,10362
12649,38321,2450,0,2450
12650,38326,2527,0,2527
12651,38327,480,0,480
12652,38328,926,0,926
12653,38329,3435,0,3435
12654,38330,4040,0,4040
12655,38332,1116,0,1116
12656,38333,427,0,427
12657,38334,1890,0,1890
12658,38337,1216,0,1216
12659,38338,50,0,50
12660,38339,653,0,653
12661,38340,12802,5906,6896
12662,38341,2159,0,2159
12663,38342,1296,0,1296
12664,38343,15629,7160,8469
12665,38344,9059,0,9059
12666,38345,2089,0,2089
12667,38347,319,0,319
12668,38348,909,0,909
12669,38351,17838,6357,11481
12670,38352,587,0,587
12671,38355,7669,0,7669
12672,38356,2272,0,2272
12673,38357,2999,0,2999
12674,38358,12153,7578,4575
12675,38359,289,0,289
12676,38361,1068,0,1068
12677,38362,1153,479,674
12678,38363,5406,0,5406
12679,38365,17,0,17
12680,38366,2369,0,2369
12681,38367,2687,0,2687
12682,38368,1979,0,1979
12683,38369,1856,0,1856
12684,38370,634,0,634
12685,38371,1275,0,1275
12686,38372,17939,8828,9111
12687,38374,1848,0,1848
12688,38375,9071,0,9071
12689,38376,337,0,337
12690,38379,1492,0,1492
12691,38380,529,0,529
12692,38381,1418,0,1418
12693,38382,9250,0,9250
12694,38387,409,0,409
12695,38388,1596,0,1596
12696,38389,35,0,35
12697,38390,943,0,943
12698,38391,1112,0,1112
12699,38392,739,0,739
12700,38401,63075,43162,19913
12701,38425,3578,0,3578
12702,38449,3001,0,3001
12703,38450,2479,0,2479
12704,38451,5491,0,5491
12705,38452,1032,0,1032
12706,38453,395,0,395
12707,38454,1086,0,1086
12708,38455,80,0,80
12709,38456,4832,0,4832
12710,38457,809,0,809
12711,38459,471,0,471
12712,38460,1341,0,1341
12713,38461,1521,0,1521
12714,38462,10488,0,10488
12715,38463,2737,0,2737
12716,38464,23517,11561,11956
12717,38468,5347,118,5229
12718,38469,4239,0,4239
12719,38471,512,0,512
12720,38472,2665,0,2665
12721,38473,1112,0,1112
12722,38474,8045,3712,4333
12723,38475,763,0,763
12724,38476,1295,0,1295
12725,38477,2785,0,2785
12726,38478,18571,8158,10413
12727,38481,891,0,891
12728,38482,1773,0,1773
12729,38483,6100,0,6100
12730,38485,6289,0,6289
12731,38486,1024,0,1024
12732,38487,1203,0,1203
12733,38488,2452,0,2452
12734,38501,41141,32111,9030
12735,38503,0,0,0
12736,38504,895,0,895
12737,38505,844,844,0
12738,38506,29976,14637,15339
12739,38541,1547,0,1547
12740,38542,24,0,24
12741,38543,589,0,589
12742,38544,7435,1497,5938
12743,38545,1403,0,1403
12744,38547,2100,0,2100
12745,38548,812,0,812
12746,38549,3574,0,3574
12747,38550,5,0,5
12748,38551,3941,0,3941
12749,38552,348,0,348
12750,38553,2462,0,2462
12751,38554,900,0,900
12752,38555,19930,14302,5628
12753,38556,12742,0,12742
12754,38558,9064,8126,938
12755,38559,1301,0,1301
12756,38560,1309,0,1309
12757,38562,6301,0,6301
12758,38563,2467,0,2467
12759,38564,586,0,586
12760,38565,1105,0,1105
12761,38567,868,0,868
12762,38568,2110,0,2110
12763,38569,413,0,413
12764,38570,9685,0,9685
12765,38571,14324,827,13497
12766,38572,12193,4906,7287
12767,38573,2106,0,2106
12768,38574,8816,0,8816
12769,38575,1152,0,1152
12770,38577,1175,0,1175
12771,38578,176,0,176
12772,38579,1048,0,1048
12773,38580,2015,0,2015
12774,38581,4354,0,4354
12775,38582,1438,0,1438
12776,38583,25302,5691,19611
12777,38585,4276,0,4276
12778,38587,1501,0,1501
12779,38588,1117,0,1117
12780,38589,298,0,298
12781,38601,2312,0,2312
12782,38603,2666,0,2666
12783,38606,15612,6273,9339
12784,38610,3486,0,3486
12785,38611,16537,0,16537
12786,38614,16970,14085,2885
12787,38617,857,0,857
12788,38618,11467,0,11467
12789,38619,4615,0,4615
12790,38620,3419,0,3419
12791,38621,1436,0,1436
12792,38622,549,0,549
12793,38623,162,0,162
12794,38625,1135,0,1135
12795,38626,941,0,941
12796,38627,1280,0,1280
12797,38629,1624,0,1624
12798,38631,966,0,966
12799,38632,29210,14534,14676
12800,38633,2240,0,2240
12801,38635,14037,5559,8478
12802,38637,26736,25912,824
12803,38639,673,0,673
12804,38641,2424,0,2424
12805,38642,2190,0,2190
12806,38643,1948,0,1948
12807,38644,90,0,90
12808,38645,1192,323,869
12809,38646,2454,0,2454
12810,38647,1065,0,1065
12811,38650,4120,0,4120
12812,38651,8724,4547,4177
12813,38652,16657,6763,9894
12814,38654,56730,45921,10809
12815,38655,44153,28806,15347
12816,38658,2317,0,2317
12817,38659,2512,0,2512
12818,38661,1854,0,1854
12819,38663,11561,0,11561
12820,38664,3420,0,3420
12821,38665,2548,0,2548
12822,38666,6558,0,6558
12823,38668,14482,6817,7665
12824,38670,875,0,875
12825,38671,36073,36073,0
12826,38672,15866,15672,194
12827,38673,1041,0,1041
12828,38674,1047,0,1047
12829,38676,5530,0,5530
12830,38677,4712,4712,0
12831,38680,6582,2069,4513
12832,38683,4948,0,4948
12833,38685,1317,0,1317
12834,38701,21051,17178,3873
12835,38703,12731,11461,1270
12836,38720,452,0,452
12837,38721,885,0,885
12838,38722,407,0,407
12839,38723,32,0,32
12840,38725,685,0,685
12841,38726,354,0,354
12842,38730,1551,624,927
12843,38731,49,0,49
12844,38732,17652,13710,3942
12845,38733,12,12,0
12846,38736,397,0,397
12847,38737,2803,0,2803
12848,38738,3140,0,3140
12849,38740,393,0,393
12850,38744,712,0,712
12851,38745,72,0,72
12852,38746,399,0,399
12853,38748,3384,0,3384
12854,38751,10682,9341,1341
12855,38753,1243,0,1243
12856,38754,1345,0,1345
12857,38756,6112,0,6112
12858,38759,1242,0,1242
12859,38760,696,628,68
12860,38761,2256,0,2256
12861,38762,2196,0,2196
12862,38764,265,0,265
12863,38765,117,0,117
12864,38767,8,0,8
12865,38768,102,0,102
12866,38769,1869,0,1869
12867,38771,2959,0,2959
12868,38772,117,0,117
12869,38773,2566,0,2566
12870,38774,2191,0,2191
12871,38776,12,0,12
12872,38778,1335,0,1335
12873,38781,214,0,214
12874,38801,29795,24167,5628
12875,38804,17314,10935,6379
12876,38821,11847,5977,5870
12877,38824,7788,0,7788
12878,38826,5139,2935,2204
12879,38827,2441,0,2441
12880,38828,4599,0,4599
12881,38829,18367,6438,11929
12882,38833,2348,0,2348
12883,38834,27823,12464,15359
12884,38838,1494,0,1494
12885,38839,81,0,81
12886,38841,3085,0,3085
12887,38843,11952,0,11952
12888,38844,131,0,131
12889,38846,2003,0,2003
12890,38847,3165,0,3165
12891,38848,870,0,870
12892,38849,6062,0,6062
12893,38850,3176,0,3176
12894,38851,8781,0,8781
12895,38852,9365,0,9365
12896,38855,4798,0,4798
12897,38856,1657,0,1657
12898,38857,3688,0,3688
12899,38858,6914,0,6914
12900,38859,691,0,691
12901,38860,5535,0,5535
12902,38862,2271,644,1627
12903,38863,20195,0,20195
12904,38864,1618,0,1618
12905,38865,4755,0,4755
12906,38866,12556,1434,11122
12907,38868,4905,0,4905
12908,38869,370,0,370
12909,38870,2567,0,2567
12910,38871,2105,0,2105
12911,38873,2622,0,2622
12912,38876,1404,0,1404
12913,38878,2557,0,2557
12914,38879,118,118,0
12915,38901,18282,10276,8006
12916,38913,354,0,354
12917,38914,520,0,520
12918,38915,3634,0,3634
12919,38916,4389,0,4389
12920,38917,3679,0,3679
12921,38920,723,0,723
12922,38921,4523,0,4523
12923,38922,3342,0,3342
12924,38923,1188,0,1188
12925,38924,606,0,606
12926,38925,2040,0,2040
12927,38927,1125,0,1125
12928,38928,406,0,406
12929,38929,1239,0,1239
12930,38930,23438,19349,4089
12931,38940,2106,0,2106
12932,38941,4004,0,4004
12933,38943,696,0,696
12934,38944,329,0,329
12935,38946,248,0,248
12936,38947,79,0,79
12937,38948,1975,0,1975
12938,38949,248,0,248
12939,38950,331,0,331
12940,38951,1093,0,1093
12941,38952,395,0,395
12942,38953,629,0,629
12943,38954,1086,126,960
12944,38957,514,0,514
12945,38961,1103,0,1103
12946,38962,42,0,42
12947,38963,3292,0,3292
12948,38964,119,0,119
12949,38965,9219,0,9219
12950,38966,639,0,639
12951,38967,6590,0,6590
12952,39038,5401,0,5401
12953,39039,2187,0,2187
12954,39040,2998,0,2998
12955,39041,3376,0,3376
12956,39042,39069,26594,12475
12957,39044,3718,0,3718
12958,39045,1261,0,1261
12959,39046,27866,14312,13554
12960,39047,39191,31427,7764
12961,39051,15677,0,15677
12962,39054,393,0,393
12963,39056,27346,21817,5529
12964,39057,2388,0,2388
12965,39058,1468,1468,0
12966,39059,12073,5057,7016
12967,39061,43,0,43
12968,39062,397,0,397
12969,39063,3111,0,3111
12970,39066,3912,0,3912
12971,39067,1260,0,1260
12972,39069,5227,0,5227
12973,39071,5674,0,5674
12974,39073,20613,1659,18954
12975,39074,14552,0,14552
12976,39078,773,0,773
12977,39079,1858,0,1858
12978,39082,1259,0,1259
12979,39083,9517,0,9517
12980,39086,1885,0,1885
12981,39088,25,0,25
12982,39090,12639,6716,5923
12983,39092,2870,0,2870
12984,39094,3860,0,3860
12985,39095,6826,0,6826
12986,39096,2310,0,2310
12987,39097,722,0,722
12988,39108,1749,0,1749
12989,39110,48474,42824,5650
12990,39111,9517,0,9517
12991,39113,461,0,461
12992,39114,9673,0,9673
12993,39115,81,0,81
12994,39116,2249,0,2249
12995,39117,10573,0,10573
12996,39119,5132,0,5132
12997,39120,29634,18763,10871
12998,39140,2119,0,2119
12999,39144,975,0,975
13000,39145,5163,0,5163
13001,39146,2591,0,2591
13002,39148,24,0,24
13003,39149,1657,0,1657
13004,39150,5079,0,5079
13005,39152,1138,0,1138
13006,39153,3029,0,3029
13007,39154,9512,0,9512
13008,39156,449,0,449
13009,39157,24611,23399,1212
13010,39159,2933,0,2933
13011,39160,2596,0,2596
13012,39162,193,0,193
13013,39166,442,0,442
13014,39167,50,0,50
13015,39168,5941,0,5941
13016,39169,2443,0,2443
13017,39170,9303,0,9303
13018,39173,17,0,17
13019,39174,491,491,0
13020,39175,4408,0,4408
13021,39176,2099,0,2099
13022,39177,53,0,53
13023,39179,1162,0,1162
13024,39180,30383,18889,11494
13025,39183,13890,6828,7062
13026,39189,3566,0,3566
13027,39191,8280,0,8280
13028,39192,1508,0,1508
13029,39193,510,459,51
13030,39194,20063,15060,5003
13031,39201,574,574,0
13032,39202,7405,7397,8
13033,39203,4395,4395,0
13034,39204,15433,15433,0
13035,39206,22553,22553,0
13036,39208,34228,30336,3892
13037,39209,25227,23134,2093
13038,39210,456,456,0
13039,39211,24900,24781,119
13040,39212,29087,27994,1093
13041,39213,19507,19023,484
13042,39216,4061,4040,21
13043,39217,1466,1466,0
13044,39218,7231,6627,604
13045,39232,9052,8111,941
13046,39269,0,0,0
13047,39272,14022,13180,842
13048,39301,23537,10284,13253
13049,39305,19809,10266,9543
13050,39307,16231,11675,4556
13051,39309,163,0,163
13052,39320,1594,0,1594
13053,39322,1718,0,1718
13054,39323,1236,0,1236
13055,39324,1,0,1
13056,39325,6029,0,6029
13057,39326,555,0,555
13058,39327,4237,0,4237
13059,39328,4258,0,4258
13060,39330,3020,0,3020
13061,39332,1631,0,1631
13062,39335,2960,0,2960
13063,39336,1247,0,1247
13064,39337,1781,0,1781
13065,39338,2960,0,2960
13066,39339,14385,0,14385
13067,39341,6607,0,6607
13068,39342,1632,1584,48
13069,39345,5898,0,5898
13070,39346,2059,0,2059
13071,39347,1407,0,1407
13072,39348,575,0,575
13073,39350,24480,7114,17366
13074,39352,693,0,693
13075,39354,1676,0,1676
13076,39355,6497,0,6497
13077,39356,575,0,575
13078,39358,1523,0,1523
13079,39359,231,0,231
13080,39360,3606,0,3606
13081,39361,1194,0,1194
13082,39362,2569,0,2569
13083,39363,1382,0,1382
13084,39364,2854,0,2854
13085,39365,7633,0,7633
13086,39366,1316,0,1316
13087,39367,14291,0,14291
13088,39401,43183,34198,8985
13089,39402,44633,35874,8759
13090,39406,2674,2674,0
13091,39421,2700,0,2700
13092,39422,5071,0,5071
13093,39423,2306,0,2306
13094,39425,1763,0,1763
13095,39426,17472,2956,14516
13096,39427,1247,0,1247
13097,39428,8726,0,8726
13098,39429,16073,6236,9837
13099,39437,14158,4078,10080
13100,39439,4353,0,4353
13101,39440,19759,19259,500
13102,39443,22938,1864,21074
13103,39451,6657,0,6657
13104,39452,28668,0,28668
13105,39455,9257,0,9257
13106,39456,1243,0,1243
13107,39459,3604,0,3604
13108,39461,605,0,605
13109,39462,1103,0,1103
13110,39464,2267,0,2267
13111,39465,23002,7906,15096
13112,39466,27897,13345,14552
13113,39470,12373,0,12373
13114,39474,5363,0,5363
13115,39475,12943,169,12774
13116,39476,7489,0,7489
13117,39477,614,0,614
13118,39478,1974,0,1974
13119,39479,5713,0,5713
13120,39480,2390,0,2390
13121,39481,1853,0,1853
13122,39482,11411,0,11411
13123,39483,5489,0,5489
13124,39501,22599,22593,6
13125,39503,53643,43739,9904
13126,39507,17724,17724,0
13127,39520,14963,12902,2061
13128,39525,9537,9044,493
13129,39529,0,0,0
13130,39530,8392,8392,0
13131,39531,19965,19965,0
13132,39532,34348,28889,5459
13133,39534,1692,1692,0
13134,39540,12707,12089,618
13135,39553,17032,15371,1661
13136,39556,7403,0,7403
13137,39560,18611,17064,1547
13138,39561,2064,0,2064
13139,39562,16780,2450,14330
13140,39563,12300,11868,432
13141,39564,42539,37642,4897
13142,39565,19972,1215,18757
13143,39567,10280,10280,0
13144,39571,14892,5951,8941
13145,39572,1200,0,1200
13146,39573,9436,0,9436
13147,39574,14049,0,14049
13148,39576,6526,6487,39
13149,39577,10310,0,10310
13150,39581,11512,11485,27
13151,39595,92,0,92
13152,39601,22819,10123,12696
13153,39629,6621,29,6592
13154,39630,829,0,829
13155,39631,2982,0,2982
13156,39633,836,0,836
13157,39635,180,0,180
13158,39638,3195,0,3195
13159,39641,4083,0,4083
13160,39643,1354,0,1354
13161,39645,4869,0,4869
13162,39647,1167,0,1167
13163,39648,21831,13720,8111
13164,39652,7094,0,7094
13165,39653,2683,0,2683
13166,39654,5527,0,5527
13167,39656,811,0,811
13168,39657,2302,0,2302
13169,39661,2718,0,2718
13170,39662,1610,0,1610
13171,39663,2785,0,2785
13172,39664,2479,0,2479
13173,39665,972,0,972
13174,39666,10467,1607,8860
13175,39667,11693,0,11693
13176,39668,616,0,616
13177,39669,5582,0,5582
13178,39701,12487,10188,2299
13179,39702,22661,10201,12460
13180,39705,13773,6506,7267
13181,39730,10579,0,10579
13182,39735,3902,0,3902
13183,39736,278,0,278
13184,39737,248,0,248
13185,39739,2521,0,2521
13186,39740,5801,0,5801
13187,39741,1393,0,1393
13188,39743,1790,0,1790
13189,39744,5562,0,5562
13190,39745,917,0,917
13191,39746,2965,0,2965
13192,39747,1662,0,1662
13193,39750,3031,0,3031
13194,39751,1294,0,1294
13195,39752,2549,0,2549
13196,39753,7,0,7
13197,39755,960,0,960
13198,39756,1882,0,1882
13199,39759,43337,27849,15488
13200,39762,4963,4963,0
13201,39766,2897,0,2897
13202,39767,698,0,698
13203,39769,1822,0,1822
13204,39771,116,0,116
13205,39772,1610,0,1610
13206,39773,14869,8134,6735
13207,39776,1574,0,1574
13208,39813,1705,0,1705
13209,39815,1630,0,1630
13210,39817,11378,6145,5233
13211,39819,12117,7712,4405
13212,39823,8813,0,8813
13213,39824,322,0,322
13214,39825,1530,0,1530
13215,39826,539,0,539
13216,39827,4189,207,3982
13217,39828,15698,10139,5559
13218,39832,49,0,49
13219,39834,2246,0,2246
13220,39836,448,0,448
13221,39837,5894,0,5894
13222,39840,4693,0,4693
13223,39841,740,0,740
13224,39842,8099,0,8099
13225,39845,8334,0,8334
13226,39846,1885,0,1885
13227,39851,2129,0,2129
13228,39854,2274,588,1686
13229,39859,1234,0,1234
13230,39861,959,0,959
13231,39862,1117,0,1117
13232,39866,1947,0,1947
13233,39867,396,0,396
13234,39870,2014,0,2014
13235,39877,475,0,475
13236,39885,45,0,45
13237,39886,1286,0,1286
13238,39897,3585,0,3585
13239,40003,1894,0,1894
13240,40004,30890,17682,13208
13241,40006,4977,0,4977
13242,40007,180,0,180
13243,40008,4085,0,4085
13244,40009,988,0,988
13245,40010,584,467,117
13246,40011,2518,0,2518
13247,40012,627,0,627
13248,40013,5955,0,5955
13249,40014,22255,16762,5493
13250,40019,3921,0,3921
13251,40020,133,0,133
13252,40022,946,0,946
13253,40023,5956,879,5077
13254,40025,491,138,353
13255,40026,6177,3883,2294
13256,40031,25322,18682,6640
13257,40033,12726,6209,6517
13258,40036,251,0,251
13259,40037,2888,0,2888
13260,40040,541,0,541
13261,40041,545,545,0
13262,40045,3007,0,3007
13263,40046,1892,0,1892
13264,40047,23597,20540,3057
13265,40049,104,0,104
13266,40050,1558,0,1558
13267,40051,4366,0,4366
13268,40052,620,0,620
13269,40055,2070,0,2070
13270,40056,3522,3522,0
13271,40057,3489,0,3489
13272,40058,34,0,34
13273,40059,20254,17692,2562
13274,40060,1091,0,1091
13275,40061,143,0,143
13276,40062,305,0,305
13277,40063,0,0,0
13278,40065,32729,23143,9586
13279,40067,5461,0,5461
13280,40068,2752,0,2752
13281,40069,8397,0,8397
13282,40070,553,0,553
13283,40071,16106,0,16106
13284,40075,1294,0,1294
13285,40076,2701,0,2701
13286,40077,599,0,599
13287,40078,2356,0,2356
13288,40104,1183,0,1183
13289,40107,2144,0,2144
13290,40108,12601,0,12601
13291,40109,2465,979,1486
13292,40110,280,0,280
13293,40111,1628,0,1628
13294,40115,585,0,585
13295,40117,2688,0,2688
13296,40118,10017,9270,747
13297,40119,2100,0,2100
13298,40121,7749,7281,468
13299,40140,908,0,908
13300,40142,2417,0,2417
13301,40143,5710,0,5710
13302,40144,1807,0,1807
13303,40145,977,0,977
13304,40146,3779,0,3779
13305,40150,4268,0,4268
13306,40152,822,0,822
13307,40155,1040,1040,0
13308,40157,951,0,951
13309,40160,23582,22379,1203
13310,40161,175,0,175
13311,40162,6337,302,6035
13312,40165,36161,23791,12370
13313,40170,399,0,399
13314,40171,300,0,300
13315,40175,15338,6576,8762
13316,40176,1211,0,1211
13317,40177,1680,148,1532
13318,40178,455,0,455
13319,40202,7179,7179,0
13320,40203,16801,16801,0
13321,40204,14600,14600,0
13322,40205,24077,24077,0
13323,40206,20196,20196,0
13324,40207,30104,30104,0
13325,40208,17048,17048,0
13326,40209,426,426,0
13327,40210,14418,14418,0
13328,40211,21310,21310,0
13329,40212,16360,16360,0
13330,40213,16698,16698,0
13331,40214,46220,46220,0
13332,40215,21230,21230,0
13333,40216,43434,43387,47
13334,40217,13061,13061,0
13335,40218,33437,33437,0
13336,40219,40300,40300,0
13337,40220,34315,34315,0
13338,40221,2,2,0
13339,40222,21725,21693,32
13340,40223,23227,23227,0
13341,40228,18655,18394,261
13342,40229,39380,38474,906
13343,40231,0,0,0
13344,40241,31016,30824,192
13345,40242,10686,10686,0
13346,40243,11521,11521,0
13347,40245,37866,34022,3844
13348,40258,26807,26787,20
13349,40272,37747,35642,2105
13350,40280,177,177,0
13351,40291,39719,38847,872
13352,40299,43030,40063,2967
13353,40310,575,0,575
13354,40311,7159,0,7159
13355,40312,6010,0,6010
13356,40313,2873,1427,1446
13357,40316,328,0,328
13358,40322,3148,0,3148
13359,40324,51035,38912,12123
13360,40328,1303,0,1303
13361,40330,20440,9791,10649
13362,40334,82,0,82
13363,40336,12566,3461,9105
13364,40337,5604,0,5604
13365,40339,99,0,99
13366,40342,23232,13543,9689
13367,40346,845,0,845
13368,40347,3114,105,3009
13369,40348,582,0,582
13370,40350,265,0,265
13371,40351,22305,7948,14357
13372,40353,22358,13920,8438
13373,40355,276,0,276
13374,40356,44381,34158,10223
13375,40357,116,0,116
13376,40358,819,0,819
13377,40359,7158,0,7158
13378,40360,7644,0,7644
13379,40361,18214,11269,6945
13380,40363,38,0,38
13381,40370,2867,0,2867
13382,40371,2779,0,2779
13383,40372,2344,0,2344
13384,40374,1979,0,1979
13385,40376,107,0,107
13386,40379,3784,0,3784
13387,40380,7067,0,7067
13388,40383,24592,16855,7737
13389,40385,3172,0,3172
13390,40387,1969,0,1969
13391,40390,7469,5727,1742
13392,40391,36461,26253,10208
13393,40402,3000,0,3000
13394,40403,26994,15393,11601
13395,40404,765,765,0
13396,40409,3644,0,3644
13397,40419,4669,0,4669
13398,40422,25918,18404,7514
13399,40434,36,0,36
13400,40437,4413,0,4413
13401,40440,2237,1410,827
13402,40442,1187,0,1187
13403,40444,14075,0,14075
13404,40445,820,0,820
13405,40447,7410,0,7410
13406,40448,40,0,40
13407,40456,8949,0,8949
13408,40460,908,0,908
13409,40461,2629,0,2629
13410,40464,1063,0,1063
13411,40468,1840,0,1840
13412,40472,1597,568,1029
13413,40475,62531,42999,19532
13414,40481,363,0,363
13415,40484,12034,0,12034
13416,40486,2263,0,2263
13417,40489,3951,0,3951
13418,40502,26080,26080,0
13419,40503,28073,28073,0
13420,40504,26042,26042,0
13421,40505,26278,26278,0
13422,40507,2043,2043,0
13423,40508,25586,25586,0
13424,40509,44572,42205,2367
13425,40510,1562,606,956
13426,40511,36146,33873,2273
13427,40513,11244,10638,606
13428,40514,16427,16391,36
13429,40515,36244,33616,2628
13430,40516,2795,1125,1670
13431,40517,37751,37751,0
13432,40526,2600,2600,0
13433,40536,0,0,0
13434,40601,52133,37739,14394
13435,40701,31051,17159,13892
13436,40729,5815,888,4927
13437,40734,3877,534,3343
13438,40737,1448,0,1448
13439,40740,3094,656,2438
13440,40741,23327,9630,13697
13441,40744,20246,7782,12464
13442,40759,2564,0,2564
13443,40763,411,0,411
13444,40769,18481,6365,12116
13445,40771,1011,212,799
13446,40801,64,0,64
13447,40803,89,0,89
13448,40806,2215,1060,1155
13449,40807,477,0,477
13450,40808,113,0,113
13451,40810,1271,0,1271
13452,40813,507,0,507
13453,40815,1177,0,1177
13454,40816,7,0,7
13455,40818,90,0,90
13456,40819,762,0,762
13457,40820,493,0,493
13458,40823,3529,0,3529
13459,40824,480,258,222
13460,40826,636,0,636
13461,40827,657,0,657
13462,40828,4304,0,4304
13463,40829,177,139,38
13464,40830,176,117,59
13465,40831,5181,3227,1954
13466,40840,443,0,443
13467,40843,181,0,181
13468,40844,215,0,215
13469,40845,396,0,396
13470,40847,143,0,143
13471,40849,103,0,103
13472,40854,1171,951,220
13473,40855,777,0,777
13474,40856,524,0,524
13475,40858,214,0,214
13476,40862,530,0,530
13477,40863,444,0,444
13478,40865,380,0,380
13479,40868,1019,0,1019
13480,40870,486,0,486
13481,40873,2242,395,1847
13482,40874,322,0,322
13483,40902,727,0,727
13484,40903,721,146,575
13485,40906,11187,5524,5663
13486,40913,258,0,258
13487,40914,577,0,577
13488,40915,714,110,604
13489,40921,274,0,274
13490,40923,931,0,931
13491,40927,470,0,470
13492,40935,2032,0,2032
13493,40939,176,0,176
13494,40940,518,0,518
13495,40941,159,0,159
13496,40943,640,0,640
13497,40946,64,0,64
13498,40949,483,218,265
13499,40953,685,0,685
13500,40958,431,0,431
13501,40962,17714,0,17714
13502,40964,78,0,78
13503,40965,12477,9815,2662
13504,40972,1402,0,1402
13505,40977,8196,0,8196
13506,40979,98,0,98
13507,40981,12,0,12
13508,40982,264,0,264
13509,40983,204,0,204
13510,40988,470,0,470
13511,40995,120,0,120
13512,40997,300,0,300
13513,41001,19294,12883,6411
13514,41002,2338,0,2338
13515,41003,2671,0,2671
13516,41004,4070,0,4070
13517,41005,24192,20581,3611
13518,41006,4384,0,4384
13519,41007,4036,0,4036
13520,41008,7602,5471,2131
13521,41010,3158,0,3158
13522,41011,26470,26470,0
13523,41014,7048,7048,0
13524,41015,21599,19781,1818
13525,41016,5684,5684,0
13526,41017,40333,40333,0
13527,41018,29305,29295,10
13528,41030,6445,0,6445
13529,41031,16341,6393,9948
13530,41033,2113,0,2113
13531,41034,1101,0,1101
13532,41035,11087,0,11087
13533,41039,2936,0,2936
13534,41040,7403,0,7403
13535,41041,7414,0,7414
13536,41042,54183,54183,0
13537,41043,1766,0,1766
13538,41044,1021,0,1021
13539,41045,1323,0,1323
13540,41046,1739,0,1739
13541,41048,16523,15857,666
13542,41049,2397,0,2397
13543,41051,31582,28239,3343
13544,41052,322,0,322
13545,41055,1757,0,1757
13546,41056,14004,7963,6041
13547,41059,2692,0,2692
13548,41063,2934,0,2934
13549,41064,1978,0,1978
13550,41071,19796,19796,0
13551,41073,5548,5548,0
13552,41074,5703,5703,0
13553,41075,17517,17517,0
13554,41076,17440,15703,1737
13555,41080,1805,0,1805
13556,41083,1301,0,1301
13557,41085,857,0,857
13558,41086,2225,0,2225
13559,41091,24820,20033,4787
13560,41092,3771,0,3771
13561,41093,2773,0,2773
13562,41094,14480,10577,3903
13563,41095,3602,0,3602
13564,41097,7259,0,7259
13565,41098,1917,0,1917
13566,41101,18559,18454,105
13567,41102,21101,16991,4110
13568,41121,1631,0,1631
13569,41124,976,0,976
13570,41129,9331,2752,6579
13571,41132,414,0,414
13572,41135,223,0,223
13573,41139,8371,7494,877
13574,41141,2216,0,2216
13575,41142,34,0,34
13576,41143,14153,5418,8735
13577,41144,9861,2362,7499
13578,41146,392,0,392
13579,41149,519,0,519
13580,41159,530,0,530
13581,41164,12231,0,12231
13582,41166,752,0,752
13583,41168,2993,0,2993
13584,41169,5589,5404,185
13585,41171,4708,0,4708
13586,41174,1039,151,888
13587,41175,5378,2275,3103
13588,41179,7364,0,7364
13589,41180,1118,0,1118
13590,41181,34,0,34
13591,41183,1508,1508,0
13592,41189,2194,0,2194
13593,41201,276,0,276
13594,41203,473,0,473
13595,41204,493,0,493
13596,41214,536,0,536
13597,41216,1390,78,1312
13598,41219,2081,0,2081
13599,41222,2594,228,2366
13600,41224,5655,0,5655
13601,41226,245,0,245
13602,41230,12670,3907,8763
13603,41231,1050,0,1050
13604,41232,539,0,539
13605,41234,510,0,510
13606,41238,1133,0,1133
13607,41240,6279,4039,2240
13608,41250,748,0,748
13609,41254,562,0,562
13610,41255,1025,0,1025
13611,41256,2084,494,1590
13612,41257,609,0,609
13613,41260,768,581,187
13614,41262,1291,0,1291
13615,41263,513,0,513
13616,41264,536,0,536
13617,41265,1665,0,1665
13618,41267,1017,0,1017
13619,41268,599,599,0
13620,41271,277,0,277
13621,41274,593,0,593
13622,41301,5756,0,5756
13623,41310,17,0,17
13624,41311,6759,0,6759
13625,41314,4260,0,4260
13626,41317,437,0,437
13627,41332,1106,0,1106
13628,41339,10368,0,10368
13629,41348,1352,0,1352
13630,41351,19,0,19
13631,41352,565,0,565
13632,41360,336,0,336
13633,41364,148,0,148
13634,41365,487,0,487
13635,41366,73,0,73
13636,41367,351,0,351
13637,41385,430,0,430
13638,41386,32,0,32
13639,41390,152,0,152
13640,41397,169,0,169
13641,41408,315,0,315
13642,41421,321,0,321
13643,41425,1202,0,1202
13644,41464,451,0,451
13645,41465,10732,0,10732
13646,41472,10786,0,10786
13647,41501,22636,8372,14264
13648,41503,552,0,552
13649,41512,789,0,789
13650,41513,426,0,426
13651,41514,3380,0,3380
13652,41517,68,0,68
13653,41519,986,0,986
13654,41522,4886,181,4705
13655,41524,291,0,291
13656,41526,24,24,0
13657,41527,557,0,557
13658,41528,566,0,566
13659,41531,942,0,942
13660,41534,229,0,229
13661,41535,468,0,468
13662,41537,4739,0,4739
13663,41538,219,0,219
13664,41539,1583,0,1583
13665,41540,360,0,360
13666,41543,521,0,521
13667,41544,735,0,735
13668,41547,345,0,345
13669,41548,714,0,714
13670,41553,2206,0,2206
13671,41554,820,0,820
13672,41555,672,0,672
13673,41557,1717,0,1717
13674,41558,720,0,720
13675,41559,275,8,267
13676,41560,375,0,375
13677,41562,2162,342,1820
13678,41563,381,0,381
13679,41564,813,0,813
13680,41566,438,0,438
13681,41567,278,0,278
13682,41568,752,0,752
13683,41571,460,0,460
13684,41572,3383,0,3383
13685,41601,834,508,326
13686,41602,838,485,353
13687,41603,1491,61,1430
13688,41604,554,0,554
13689,41605,685,358,327
13690,41606,473,0,473
13691,41607,269,0,269
13692,41612,137,0,137
13693,41615,753,0,753
13694,41616,565,0,565
13695,41619,470,0,470
13696,41621,298,183,115
13697,41622,256,0,256
13698,41630,1015,0,1015
13699,41631,891,0,891
13700,41632,400,0,400
13701,41635,2863,938,1925
13702,41636,757,0,757
13703,41640,1183,0,1183
13704,41642,646,329,317
13705,41643,92,0,92
13706,41645,1162,0,1162
13707,41647,1133,0,1133
13708,41649,2259,172,2087
13709,41650,620,0,620
13710,41651,336,0,336
13711,41653,10937,4348,6589
13712,41655,860,0,860
13713,41659,598,179,419
13714,41660,722,0,722
13715,41663,277,191,86
13716,41666,877,0,877
13717,41667,377,0,377
13718,41669,616,0,616
13719,41701,16761,7093,9668
13720,41712,223,0,223
13721,41713,36,0,36
13722,41714,375,0,375
13723,41719,1173,246,927
13724,41721,668,0,668
13725,41722,1380,0,1380
13726,41723,1314,108,1206
13727,41725,297,0,297
13728,41727,983,0,983
13729,41729,208,178,30
13730,41731,1070,0,1070
13731,41735,247,0,247
13732,41739,167,0,167
13733,41740,892,0,892
13734,41745,302,0,302
13735,41746,609,0,609
13736,41749,3176,0,3176
13737,41751,306,173,133
13738,41754,462,0,462
13739,41759,573,0,573
13740,41760,242,0,242
13741,41762,146,0,146
13742,41763,540,0,540
13743,41764,586,0,586
13744,41766,282,0,282
13745,41772,243,0,243
13746,41773,1299,0,1299
13747,41774,2778,10,2768
13748,41775,121,0,121
13749,41776,1378,0,1378
13750,41777,881,0,881
13751,41778,171,0,171
13752,41804,749,0,749
13753,41810,359,0,359
13754,41812,257,0,257
13755,41815,717,0,717
13756,41817,626,0,626
13757,41819,320,0,320
13758,41821,486,0,486
13759,41822,1679,0,1679
13760,41824,583,0,583
13761,41825,460,0,460
13762,41826,848,0,848
13763,41828,637,0,637
13764,41831,1087,0,1087
13765,41832,491,0,491
13766,41833,374,0,374
13767,41834,413,0,413
13768,41835,756,0,756
13769,41836,836,0,836
13770,41837,803,0,803
13771,41838,546,0,546
13772,41839,658,0,658
13773,41840,1043,0,1043
13774,41843,641,0,641
13775,41844,1183,0,1183
13776,41845,338,0,338
13777,41847,478,0,478
13778,41848,56,0,56
13779,41849,189,0,189
13780,41855,615,0,615
13781,41858,7150,0,7150
13782,41859,276,0,276
13783,41861,213,0,213
13784,41862,786,0,786
13785,42001,31579,26699,4880
13786,42003,28592,22969,5623
13787,42020,2256,0,2256
13788,42021,1328,0,1328
13789,42022,97,0,97
13790,42023,2397,0,2397
13791,42024,1453,0,1453
13792,42025,19604,4691,14913
13793,42027,2202,0,2202
13794,42028,559,0,559
13795,42029,6105,0,6105
13796,42031,3057,0,3057
13797,42032,191,0,191
13798,42035,956,0,956
13799,42036,1257,0,1257
13800,42037,46,0,46
13801,42038,5691,0,5691
13802,42039,1695,0,1695
13803,42040,1028,0,1028
13804,42041,4267,2333,1934
13805,42044,3394,0,3394
13806,42045,2150,0,2150
13807,42047,178,0,178
13808,42048,2177,0,2177
13809,42049,1491,0,1491
13810,42050,3229,0,3229
13811,42051,2894,199,2695
13812,42053,4837,0,4837
13813,42054,1027,0,1027
13814,42055,2657,0,2657
13815,42056,1704,0,1704
13816,42058,2230,414,1816
13817,42060,88,0,88
13818,42061,49,0,49
13819,42064,8116,0,8116
13820,42066,23081,12057,11024
13821,42069,942,0,942
13822,42071,29703,18958,10745
13823,42076,1100,0,1100
13824,42078,1760,0,1760
13825,42079,1378,0,1378
13826,42081,1973,0,1973
13827,42082,1852,0,1852
13828,42083,320,0,320
13829,42085,826,0,826
13830,42086,4045,0,4045
13831,42087,2241,0,2241
13832,42088,2745,0,2745
13833,42101,64444,47199,17245
13834,42103,22106,15711,6395
13835,42104,37309,34671,2638
13836,42120,2523,0,2523
13837,42122,5092,233,4859
13838,42123,814,0,814
13839,42124,136,0,136
13840,42127,6394,2010,4384
13841,42129,7063,0,7063
13842,42130,147,0,147
13843,42131,144,0,144
13844,42133,1536,0,1536
13845,42134,18881,11638,7243
13846,42140,1280,0,1280
13847,42141,32207,14849,17358
13848,42151,575,0,575
13849,42153,63,0,63
13850,42154,654,0,654
13851,42156,380,0,380
13852,42157,495,0,495
13853,42159,1236,0,1236
13854,42160,2101,0,2101
13855,42163,39,0,39
13856,42164,17133,4637,12496
13857,42166,2337,0,2337
13858,42167,8057,0,8057
13859,42170,1626,0,1626
13860,42171,7552,0,7552
13861,42202,2273,0,2273
13862,42204,704,0,704
13863,42206,6000,0,6000
13864,42207,1137,0,1137
13865,42210,4213,0,4213
13866,42211,13224,0,13224
13867,42214,769,0,769
13868,42215,1404,0,1404
13869,42217,3768,0,3768
13870,42220,6697,0,6697
13871,42223,20135,19682,453
13872,42232,726,0,726
13873,42234,2312,0,2312
13874,42236,963,0,963
13875,42240,41791,31696,10095
13876,42252,74,0,74
13877,42254,298,0,298
13878,42256,4938,0,4938
13879,42259,1046,0,1046
13880,42261,10146,0,10146
13881,42262,8814,7074,1740
13882,42265,830,0,830
13883,42266,2596,0,2596
13884,42273,406,0,406
13885,42274,2335,0,2335
13886,42275,965,0,965
13887,42276,14897,6641,8256
13888,42280,541,0,541
13889,42285,373,0,373
13890,42286,1414,0,1414
13891,42301,44883,38752,6131
13892,42303,41877,37390,4487
13893,42320,8442,3332,5110
13894,42321,578,0,578
13895,42322,83,0,83
13896,42323,866,0,866
13897,42324,1122,0,1122
13898,42325,1784,0,1784
13899,42326,424,0,424
13900,42327,3929,0,3929
13901,42328,1245,0,1245
13902,42330,9501,5773,3728
13903,42332,148,111,37
13904,42333,1082,0,1082
13905,42337,1775,0,1775
13906,42338,88,0,88
13907,42339,905,0,905
13908,42343,1792,0,1792
13909,42344,836,0,836
13910,42345,11307,4722,6585
13911,42347,6126,2326,3800
13912,42348,4823,780,4043
13913,42349,1353,0,1353
13914,42350,1334,0,1334
13915,42351,4294,0,4294
13916,42352,1989,0,1989
13917,42354,327,0,327
13918,42355,1822,0,1822
13919,42356,68,0,68
13920,42361,583,0,583
13921,42366,6210,291,5919
13922,42367,877,677,200
13923,42368,1337,0,1337
13924,42369,311,0,311
13925,42370,52,0,52
13926,42371,539,0,539
13927,42372,1735,0,1735
13928,42374,105,0,105
13929,42376,6678,0,6678
13930,42378,3277,0,3277
13931,42404,2277,0,2277
13932,42406,2756,0,2756
13933,42408,6226,0,6226
13934,42409,2436,0,2436
13935,42410,1310,1216,94
13936,42411,1521,0,1521
13937,42413,2929,0,2929
13938,42420,37664,28430,9234
13939,42431,26566,20112,6454
13940,42436,1298,0,1298
13941,42437,7422,0,7422
13942,42440,729,0,729
13943,42441,1455,0,1455
13944,42442,3103,0,3103
13945,42444,35,0,35
13946,42445,11009,6058,4951
13947,42450,3909,0,3909
13948,42451,691,0,691
13949,42452,2354,0,2354
13950,42453,488,0,488
13951,42455,3306,0,3306
13952,42456,1691,0,1691
13953,42458,872,0,872
13954,42459,4109,0,4109
13955,42461,1454,0,1454
13956,42462,1362,0,1362
13957,42463,109,0,109
13958,42464,1809,0,1809
13959,42501,18047,12200,5847
13960,42503,24670,14775,9895
13961,42516,412,0,412
13962,42518,2989,1251,1738
13963,42519,2961,833,2128
13964,42528,1578,0,1578
13965,42533,848,848,0
13966,42539,10134,0,10134
13967,42541,483,0,483
13968,42544,5787,0,5787
13969,42553,5499,925,4574
13970,42565,789,0,789
13971,42566,605,0,605
13972,42567,5671,0,5671
13973,42602,9084,0,9084
13974,42603,727,0,727
13975,42629,4994,0,4994
13976,42631,138,0,138
13977,42633,18296,6681,11615
13978,42634,1357,0,1357
13979,42635,4892,0,4892
13980,42638,128,0,128
13981,42642,12939,0,12939
13982,42647,3726,0,3726
13983,42649,2179,0,2179
13984,42653,4201,0,4201
13985,42701,52731,37574,15157
13986,42712,1872,0,1872
13987,42713,1876,0,1876
13988,42715,389,0,389
13989,42716,1601,0,1601
13990,42717,5850,0,5850
13991,42718,26099,12789,13310
13992,42721,3660,0,3660
13993,42722,816,0,816
13994,42724,5107,1042,4065
13995,42726,5190,883,4307
13996,42728,16451,5018,11433
13997,42729,1574,0,1574
13998,42732,1913,0,1913
13999,42733,1530,0,1530
14000,42740,1878,247,1631
14001,42741,315,0,315
14002,42742,52,0,52
14003,42743,8900,0,8900
14004,42746,1965,0,1965
14005,42748,8991,0,8991
14006,42749,5219,2252,2967
14007,42753,633,0,633
14008,42754,15566,5605,9961
14009,42757,2948,0,2948
14010,42758,129,0,129
14011,42759,41,0,41
14012,42762,450,0,450
14013,42764,724,0,724
14014,42765,6342,0,6342
14015,42776,2747,0,2747
14016,42782,821,0,821
14017,42784,2799,0,2799
14018,42788,301,0,301
14019,43001,2705,0,2705
14020,43002,2026,2026,0
14021,43003,2776,0,2776
14022,43004,29982,29605,377
14023,43005,282,0,282
14024,43006,715,0,715
14025,43007,88,0,88
14026,43008,2378,2377,1
14027,43009,2083,0,2083
14028,43010,245,0,245
14029,43011,7559,0,7559
14030,43013,1220,0,1220
14031,43014,3850,0,3850
14032,43015,57563,46270,11293
14033,43016,44517,44354,163
14034,43017,43619,43554,65
14035,43018,373,324,49
14036,43019,9419,0,9419
14037,43021,14622,4568,10054
14038,43022,4120,0,4120
14039,43023,14462,7346,7116
14040,43025,5541,3070,2471
14041,43026,64607,62720,1887
14042,43027,58,0,58
14043,43028,7781,0,7781
14044,43029,629,0,629
14045,43030,344,0,344
14046,43031,13189,5449,7740
14047,43032,39,0,39
14048,43033,352,0,352
14049,43035,33032,31830,1202
14050,43036,267,0,267
14051,43037,323,0,323
14052,43040,35853,25674,10179
14053,43044,5352,0,5352
14054,43045,1928,0,1928
14055,43046,3195,1795,1400
14056,43047,31,0,31
14057,43050,29594,18993,10601
14058,43054,27781,26637,1144
14059,43055,62590,52637,9953
14060,43056,17479,10144,7335
14061,43060,2667,0,2667
14062,43061,4593,0,4593
14063,43062,32125,23766,8359
14064,43064,17301,4046,13255
14065,43065,44829,43218,1611
14066,43066,1264,0,1264
14067,43067,1410,0,1410
14068,43068,59585,59003,582
14069,43070,158,0,158
14070,43071,2442,0,2442
14071,43072,5504,0,5504
14072,43074,15288,6453,8835
14073,43076,9145,4346,4799
14074,43077,241,0,241
14075,43078,20067,11375,8692
14076,43080,5321,0,5321
14077,43081,64338,63297,1041
14078,43082,32459,30940,1519
14079,43084,844,0,844
14080,43085,25566,25566,0
14081,43101,322,0,322
14082,43102,4610,0,4610
14083,43103,12282,6988,5294
14084,43105,8458,0,8458
14085,43106,1590,0,1590
14086,43107,3232,0,3232
14087,43109,94,94,0
14088,43110,40953,35951,5002
14089,43111,178,0,178
14090,43112,5052,5,5047
14091,43113,24165,15679,8486
14092,43115,1260,0,1260
14093,43116,2732,0,2732
14094,43117,31,0,31
14095,43119,30072,26948,3124
14096,43123,66188,60371,5817
14097,43125,14295,12855,1440
14098,43126,322,0,322
14099,43127,284,0,284
14100,43128,2267,0,2267
14101,43130,62010,43571,18439
14102,43135,4267,0,4267
14103,43136,1977,1933,44
14104,43137,2684,1433,1251
14105,43138,18445,8209,10236
14106,43140,24030,10259,13771
14107,43142,94,0,94
14108,43143,5935,0,5935
14109,43144,373,0,373
14110,43145,1920,0,1920
14111,43146,12627,0,12627
14112,43147,45281,42701,2580
14113,43148,2431,0,2431
14114,43149,2335,0,2335
14115,43150,2302,0,2302
14116,43151,269,0,269
14117,43152,969,0,969
14118,43153,861,0,861
14119,43154,3014,0,3014
14120,43155,2531,0,2531
14121,43156,203,0,203
14122,43157,599,0,599
14123,43158,182,0,182
14124,43160,22117,15029,7088
14125,43162,6945,4281,2664
14126,43164,2216,0,2216
14127,43201,37528,37528,0
14128,43202,20427,20427,0
14129,43203,8726,8726,0
14130,43204,42315,42315,0
14131,43205,12044,12044,0
14132,43206,21594,21594,0
14133,43207,46853,46778,75
14134,43209,27727,27727,0
14135,43210,14126,14126,0
14136,43211,23160,23160,0
14137,43212,24171,24171,0
14138,43213,35105,35105,0
14139,43214,26805,26805,0
14140,43215,20761,20761,0
14141,43217,2408,2408,0
14142,43218,0,0,0
14143,43219,30457,30457,0
14144,43220,27736,27736,0
14145,43221,33844,33844,0
14146,43222,4124,4124,0
14147,43223,27951,27951,0
14148,43224,43544,43544,0
14149,43227,25041,25041,0
14150,43228,58465,58320,145
14151,43229,54310,54310,0
14152,43230,58372,58372,0
14153,43231,22126,22126,0
14154,43232,44823,44823,0
14155,43235,45561,45561,0
14156,43240,7661,7661,0
14157,43302,54094,42688,11406
14158,43310,3185,0,3185
14159,43311,20029,14024,6005
14160,43314,3096,0,3096
14161,43315,7090,0,7090
14162,43316,5931,0,5931
14163,43317,184,0,184
14164,43318,3609,0,3609
14165,43319,1062,0,1062
14166,43320,1440,0,1440
14167,43321,250,0,250
14168,43322,310,0,310
14169,43323,609,0,609
14170,43324,2753,809,1944
14171,43325,151,0,151
14172,43326,13328,8033,5295
14173,43330,120,0,120
14174,43331,4428,3785,643
14175,43332,2136,0,2136
14176,43333,826,70,756
14177,43334,6721,0,6721
14178,43336,91,0,91
14179,43337,1001,0,1001
14180,43338,10423,0,10423
14181,43340,1754,0,1754
14182,43341,911,0,911
14183,43342,3256,0,3256
14184,43343,1233,0,1233
14185,43344,5702,0,5702
14186,43345,874,0,874
14187,43346,56,0,56
14188,43347,1492,0,1492
14189,43348,1880,1787,93
14190,43350,127,0,127
14191,43351,10144,6628,3516
14192,43356,1161,0,1161
14193,43357,4848,0,4848
14194,43358,2587,0,2587
14195,43359,720,0,720
14196,43360,1590,0,1590
14197,43402,31459,25305,6154
14198,43403,5422,5422,0
14199,43406,1740,0,1740
14200,43407,631,0,631
14201,43408,251,0,251
14202,43410,10219,6549,3670
14203,43412,4033,0,4033
14204,43413,1430,0,1430
14205,43414,73,0,73
14206,43416,2769,0,2769
14207,43420,29332,22175,7157
14208,43430,4631,0,4631
14209,43431,4500,0,4500
14210,43432,1354,0,1354
14211,43433,101,0,101
14212,43434,89,89,0
14213,43435,1484,0,1484
14214,43436,10,0,10
14215,43437,447,0,447
14216,43438,256,0,256
14217,43439,62,0,62
14218,43440,4665,3567,1098
14219,43442,1015,0,1015
14220,43443,1856,0,1856
14221,43445,1188,0,1188
14222,43446,118,0,118
14223,43447,3343,2188,1155
14224,43449,8057,0,8057
14225,43450,3454,0,3454
14226,43451,1126,262,864
14227,43452,13443,11583,1860
14228,43456,678,0,678
14229,43457,1443,0,1443
14230,43458,312,0,312
14231,43460,6230,6230,0
14232,43462,1096,0,1096
14233,43463,253,0,253
14234,43464,1336,0,1336
14235,43465,5599,5326,273
14236,43466,2141,0,2141
14237,43467,131,0,131
14238,43468,565,0,565
14239,43469,3014,0,3014
14240,43501,844,0,844
14241,43502,7064,0,7064
14242,43504,1110,0,1110
14243,43505,98,0,98
14244,43506,15010,9238,5772
14245,43510,157,0,157
14246,43511,856,0,856
14247,43512,28208,17775,10433
14248,43515,8174,0,8174
14249,43516,2776,0,2776
14250,43517,3494,0,3494
14251,43518,2572,0,2572
14252,43519,143,0,143
14253,43520,77,0,77
14254,43521,2693,0,2693
14255,43522,3249,0,3249
14256,43523,133,0,133
14257,43524,1239,0,1239
14258,43525,1191,0,1191
14259,43526,5995,0,5995
14260,43527,2152,0,2152
14261,43528,16746,15270,1476
14262,43529,220,0,220
14263,43530,15,0,15
14264,43531,156,0,156
14265,43532,3775,0,3775
14266,43533,1509,0,1509
14267,43534,1662,0,1662
14268,43535,721,0,721
14269,43536,383,0,383
14270,43537,29075,28762,313
14271,43540,1459,0,1459
14272,43541,137,0,137
14273,43542,4443,2016,2427
14274,43543,7364,0,7364
14275,43545,13954,8868,5086
14276,43547,370,0,370
14277,43548,721,0,721
14278,43549,1359,0,1359
14279,43551,43235,38600,4635
14280,43553,330,0,330
14281,43554,2413,0,2413
14282,43555,333,0,333
14283,43556,1762,0,1762
14284,43557,3161,0,3161
14285,43558,13088,764,12324
14286,43560,34204,33651,553
14287,43565,349,0,349
14288,43566,8371,7490,881
14289,43567,13240,7623,5617
14290,43569,2628,0,2628
14291,43570,3152,0,3152
14292,43571,7753,4824,2929
14293,43604,9248,9248,0
14294,43605,25007,25007,0
14295,43606,25671,25671,0
14296,43607,20494,20494,0
14297,43608,12948,12948,0
14298,43609,20519,20519,0
14299,43610,4159,4159,0
14300,43611,18505,18505,0
14301,43612,29718,29718,0
14302,43613,32116,32116,0
14303,43614,29866,29866,0
14304,43615,39449,39449,0
14305,43616,20480,16885,3595
14306,43617,7659,7227,432
14307,43619,7454,7233,221
14308,43620,5019,5019,0
14309,43623,20320,20320,0
14310,43701,55361,40050,15311
14311,43711,87,0,87
14312,43713,7227,0,7227
14313,43716,1806,0,1806
14314,43717,156,0,156
14315,43718,3049,0,3049
14316,43719,2319,0,2319
14317,43720,1304,0,1304
14318,43721,140,0,140
14319,43722,324,0,324
14320,43723,4671,3309,1362
14321,43724,8865,0,8865
14322,43725,19520,11118,8402
14323,43727,1517,0,1517
14324,43728,1072,0,1072
14325,43730,2277,0,2277
14326,43731,5200,0,5200
14327,43732,1648,0,1648
14328,43733,57,0,57
14329,43734,1212,0,1212
14330,43735,382,0,382
14331,43736,19,0,19
14332,43738,73,0,73
14333,43739,2380,0,2380
14334,43740,220,0,220
14335,43746,1261,0,1261
14336,43747,1229,0,1229
14337,43748,2711,0,2711
14338,43749,2308,0,2308
14339,43750,145,0,145
14340,43754,1318,0,1318
14341,43755,1732,0,1732
14342,43756,4909,0,4909
14343,43758,3000,0,3000
14344,43759,235,0,235
14345,43760,1949,0,1949
14346,43761,54,0,54
14347,43762,5346,0,5346
14348,43764,8177,4602,3575
14349,43766,1492,0,1492
14350,43767,1425,0,1425
14351,43768,223,0,223
14352,43771,1796,6,1790
14353,43772,1811,0,1811
14354,43773,2964,0,2964
14355,43777,4568,225,4343
14356,43778,1428,0,1428
14357,43779,888,0,888
14358,43780,2235,0,2235
14359,43782,727,0,727
14360,43783,4743,0,4743
14361,43786,56,0,56
14362,43787,2815,0,2815
14363,43788,816,0,816
14364,43791,133,0,133
14365,43793,4829,0,4829
14366,43802,1334,0,1334
14367,43804,4045,0,4045
14368,43805,66,0,66
14369,43811,763,0,763
14370,43812,18669,12334,6335
14371,43821,4557,0,4557
14372,43822,4668,0,4668
14373,43824,3991,0,3991
14374,43830,6593,2020,4573
14375,43832,7341,0,7341
14376,43836,107,0,107
14377,43837,1784,0,1784
14378,43840,1279,0,1279
14379,43842,345,0,345
14380,43843,1449,0,1449
14381,43844,3778,0,3778
14382,43845,4803,0,4803
14383,43901,2082,0,2082
14384,43902,200,0,200
14385,43903,1937,0,1937
14386,43905,474,0,474
14387,43906,7952,4562,3390
14388,43907,5369,0,5369
14389,43908,1321,0,1321
14390,43909,78,78,0
14391,43910,3379,0,3379
14392,43912,6060,4122,1938
14393,43913,1322,1250,72
14394,43914,66,0,66
14395,43915,1383,20,1363
14396,43917,2647,0,2647
14397,43920,21662,16911,4751
14398,43925,119,0,119
14399,43926,247,247,0
14400,43928,235,0,235
14401,43930,681,0,681
14402,43931,168,134,34
14403,43932,970,0,970
14404,43933,1969,0,1969
14405,43934,227,227,0
14406,43935,7968,6381,1587
14407,43938,5196,3945,1251
14408,43939,436,0,436
14409,43940,321,0,321
14410,43942,2271,0,2271
14411,43943,3452,660,2792
14412,43944,2328,0,2328
14413,43945,2972,0,2972
14414,43946,1836,25,1811
14415,43947,5002,3600,1402
14416,43948,514,0,514
14417,43950,16212,6067,10145
14418,43951,169,0,169
14419,43952,17977,16222,1755
14420,43953,11637,10107,1530
14421,43961,234,231,3
14422,43962,66,0,66
14423,43963,1249,1249,0
14424,43964,9098,5314,3784
14425,43967,37,0,37
14426,43968,6546,12,6534
14427,43971,1033,956,77
14428,43972,93,0,93
14429,43973,1947,0,1947
14430,43974,99,0,99
14431,43976,1543,0,1543
14432,43977,2178,0,2178
14433,43981,176,0,176
14434,43983,436,0,436
14435,43985,270,0,270
14436,43986,1728,0,1728
14437,43988,2351,0,2351
14438,44001,20837,18209,2628
14439,44003,4275,0,4275
14440,44004,31661,26951,4710
14441,44010,1666,0,1666
14442,44011,24847,24847,0
14443,44012,25206,25206,0
14444,44017,18611,18611,0
14445,44021,6347,0,6347
14446,44022,17150,14761,2389
14447,44023,19075,9455,9620
14448,44024,23795,6454,17341
14449,44026,10877,0,10877
14450,44028,8931,2729,6202
14451,44030,15868,11276,4592
14452,44032,1505,0,1505
14453,44035,61921,59212,2709
14454,44039,35630,35566,64
14455,44040,3032,1292,1740
14456,44041,13910,8196,5714
14457,44044,14911,3858,11053
14458,44045,421,421,0
14459,44046,2187,0,2187
14460,44047,9156,0,9156
14461,44048,2178,401,1777
14462,44049,194,0,194
14463,44050,6724,0,6724
14464,44052,29249,29249,0
14465,44053,20735,20531,204
14466,44054,12484,11617,867
14467,44055,19331,19287,44
14468,44056,12156,12156,0
14469,44057,19447,13570,5877
14470,44060,60360,59563,797
14471,44062,15085,0,15085
14472,44064,1618,0,1618
14473,44065,4058,0,4058
14474,44067,19995,19566,429
14475,44068,226,24,202
14476,44070,32442,32442,0
14477,44072,4583,0,4583
14478,44074,11957,8196,3761
14479,44076,5313,0,5313
14480,44077,58253,54250,4003
14481,44080,153,0,153
14482,44081,6930,4510,2420
14483,44082,1511,0,1511
14484,44084,3707,0,3707
14485,44085,3232,0,3232
14486,44086,2221,0,2221
14487,44087,22626,22411,215
14488,44089,15899,11592,4307
14489,44090,11085,4783,6302
14490,44092,16786,16786,0
14491,44093,1454,0,1454
14492,44094,37634,33418,4216
14493,44095,32616,32616,0
14494,44099,2528,0,2528
14495,44101,624,624,0
14496,44102,43347,43347,0
14497,44103,14469,14469,0
14498,44104,20202,20202,0
14499,44105,34100,34100,0
14500,44106,26608,26608,0
14501,44107,51109,51109,0
14502,44108,20005,20005,0
14503,44109,39121,39121,0
14504,44110,17617,17617,0
14505,44111,41045,41045,0
14506,44112,18685,18685,0
14507,44113,20291,20291,0
14508,44114,7622,7622,0
14509,44115,8985,8985,0
14510,44116,21821,21821,0
14511,44117,10533,10533,0
14512,44118,40242,40242,0
14513,44119,12134,12134,0
14514,44120,34611,34611,0
14515,44121,32887,32887,0
14516,44122,36268,36268,0
14517,44123,17620,17620,0
14518,44124,40530,40258,272
14519,44125,29663,29563,100
14520,44126,17235,17235,0
14521,44127,4179,4179,0
14522,44128,28146,28146,0
14523,44129,28803,28803,0
14524,44130,50825,50825,0
14525,44131,20664,20664,0
14526,44132,14524,14524,0
14527,44133,31373,30192,1181
14528,44134,38845,38845,0
14529,44135,26684,26684,0
14530,44136,25890,25501,389
14531,44137,23759,23759,0
14532,44138,23088,22988,100
14533,44139,25331,25053,278
14534,44140,16163,16163,0
14535,44141,14130,12600,1530
14536,44142,18598,18598,0
14537,44143,25339,25329,10
14538,44144,21361,21361,0
14539,44145,34228,34228,0
14540,44146,29778,29192,586
14541,44147,19872,19872,0
14542,44149,20678,20552,126
14543,44201,6658,0,6658
14544,44202,22167,18115,4052
14545,44203,39577,37708,1869
14546,44212,45749,45311,438
14547,44214,2149,0,2149
14548,44215,2289,0,2289
14549,44216,9443,5295,4148
14550,44217,4165,0,4165
14551,44221,29601,29601,0
14552,44223,18388,17674,714
14553,44224,38709,38662,47
14554,44230,8064,4815,3249
14555,44231,8398,0,8398
14556,44232,30,30,0
14557,44233,8025,2107,5918
14558,44234,3763,0,3763
14559,44235,1960,0,1960
14560,44236,26216,24815,1401
14561,44240,38354,36455,1899
14562,44241,17659,14234,3425
14563,44243,5670,5670,0
14564,44250,1469,1469,0
14565,44251,928,0,928
14566,44253,3438,0,3438
14567,44254,4784,0,4784
14568,44255,7558,43,7515
14569,44256,64815,46992,17823
14570,44260,13152,7109,6043
14571,44262,5020,5020,0
14572,44264,3370,1978,1392
14573,44266,32606,23803,8803
14574,44270,8384,5655,2729
14575,44272,5356,2443,2913
14576,44273,6900,0,6900
14577,44274,265,0,265
14578,44275,3257,0,3257
14579,44276,2023,0,2023
14580,44278,18671,18564,107
14581,44280,5343,510,4833
14582,44281,33241,25222,8019
14583,44285,169,0,169
14584,44286,6258,2304,3954
14585,44287,7561,0,7561
14586,44288,3444,0,3444
14587,44301,14364,14364,0
14588,44302,4661,4661,0
14589,44303,7031,7031,0
14590,44304,4185,4185,0
14591,44305,21214,21214,0
14592,44306,21085,21085,0
14593,44307,6959,6959,0
14594,44308,1037,1037,0
14595,44310,24984,24984,0
14596,44311,6993,6993,0
14597,44312,30510,30510,0
14598,44313,25678,25299,379
14599,44314,17686,17686,0
14600,44319,21833,21771,62
14601,44320,19083,19083,0
14602,44321,15993,15137,856
14603,44325,1259,1259,0
14604,44333,19449,14928,4521
14605,44401,2648,0,2648
14606,44402,2951,0,2951
14607,44403,3690,990,2700
14608,44404,1300,0,1300
14609,44405,7837,7837,0
14610,44406,22740,16333,6407
14611,44408,10526,6734,3792
14612,44410,16824,10464,6360
14613,44411,2319,0,2319
14614,44412,2472,0,2472
14615,44413,7186,4634,2552
14616,44415,441,0,441
14617,44417,1539,0,1539
14618,44418,1224,0,1224
14619,44420,15033,13974,1059
14620,44423,2234,0,2234
14621,44424,130,0,130
14622,44425,14280,10092,4188
14623,44427,1555,0,1555
14624,44428,3115,0,3115
14625,44429,2437,0,2437
14626,44430,4723,3412,1311
14627,44431,4629,1733,2896
14628,44432,12276,0,12276
14629,44436,3382,1092,2290
14630,44437,4073,4073,0
14631,44438,4762,3961,801
14632,44439,577,0,577
14633,44440,4648,4277,371
14634,44441,1558,0,1558
14635,44442,4095,2426,1669
14636,44443,1742,0,1742
14637,44444,10042,6248,3794
14638,44445,3160,0,3160
14639,44446,20173,19666,507
14640,44449,1230,0,1230
14641,44450,1824,0,1824
14642,44451,3199,0,3199
14643,44452,3114,872,2242
14644,44454,935,0,935
14645,44455,1558,0,1558
14646,44460,25393,15924,9469
14647,44470,3681,0,3681
14648,44471,10445,10258,187
14649,44473,3719,88,3631
14650,44481,10258,2346,7912
14651,44483,24840,24636,204
14652,44484,22290,22025,265
14653,44485,15172,15012,160
14654,44490,721,693,28
14655,44491,3950,0,3950
14656,44493,221,0,221
14657,44502,9300,9300,0
14658,44503,1922,1922,0
14659,44504,4577,4577,0
14660,44505,17048,16576,472
14661,44506,2109,2109,0
14662,44507,4598,4598,0
14663,44509,10934,10934,0
14664,44510,2034,2034,0
14665,44511,18738,18738,0
14666,44512,33282,33282,0
14667,44514,22599,21329,1270
14668,44515,27480,26760,720
14669,44555,215,215,0
14670,44601,33688,25555,8133
14671,44606,8218,0,8218
14672,44607,67,0,67
14673,44608,2646,0,2646
14674,44609,3592,903,2689
14675,44610,385,0,385
14676,44611,2133,0,2133
14677,44612,5443,0,5443
14678,44613,1998,0,1998
14679,44614,12922,11381,1541
14680,44615,10557,0,10557
14681,44618,7159,0,7159
14682,44619,250,0,250
14683,44620,1428,0,1428
14684,44621,4606,2738,1868
14685,44622,18921,14453,4468
14686,44624,5843,0,5843
14687,44625,1322,0,1322
14688,44626,2996,0,2996
14689,44627,7692,0,7692
14690,44628,1119,0,1119
14691,44629,2126,54,2072
14692,44630,28,28,0
14693,44632,10047,5906,4141
14694,44633,2565,0,2565
14695,44634,1995,0,1995
14696,44637,2437,0,2437
14697,44638,1555,0,1555
14698,44639,122,0,122
14699,44640,151,0,151
14700,44641,20399,14951,5448
14701,44643,3218,0,3218
14702,44644,4378,0,4378
14703,44645,2670,0,2670
14704,44646,47973,47762,211
14705,44647,18368,15044,3324
14706,44651,765,0,765
14707,44652,542,542,0
14708,44653,632,621,11
14709,44654,20612,0,20612
14710,44656,2618,0,2618
14711,44657,9916,0,9916
14712,44659,160,0,160
14713,44660,138,0,138
14714,44661,248,0,248
14715,44662,9562,3471,6091
14716,44663,25601,19582,6019
14717,44665,54,0,54
14718,44666,2935,0,2935
14719,44667,13723,8703,5020
14720,44669,1454,0,1454
14721,44670,155,0,155
14722,44671,348,0,348
14723,44672,4589,4486,103
14724,44675,1890,0,1890
14725,44676,4771,0,4771
14726,44677,2805,1293,1512
14727,44678,282,0,282
14728,44680,4255,2891,1364
14729,44681,8053,0,8053
14730,44682,1041,1041,0
14731,44683,8313,5396,2917
14732,44685,29008,28447,561
14733,44687,456,0,456
14734,44688,2958,0,2958
14735,44689,586,0,586
14736,44690,153,0,153
14737,44691,44666,31156,13510
14738,44693,78,0,78
14739,44695,1222,0,1222
14740,44697,260,0,260
14741,44699,909,0,909
14742,44702,1086,1086,0
14743,44703,8015,8015,0
14744,44704,3723,3723,0
14745,44705,17779,17779,0
14746,44706,16972,15944,1028
14747,44707,9163,7972,1191
14748,44708,25386,25386,0
14749,44709,18509,18509,0
14750,44710,9309,9309,0
14751,44714,8923,8923,0
14752,44718,12607,12607,0
14753,44720,40744,40551,193
14754,44721,13432,12417,1015
14755,44730,5925,2231,3694
14756,44802,948,0,948
14757,44804,1127,0,1127
14758,44805,31238,19206,12032
14759,44807,2264,0,2264
14760,44809,287,0,287
14761,44811,12698,8400,4298
14762,44813,8039,0,8039
14763,44814,2750,0,2750
14764,44815,679,0,679
14765,44817,1370,0,1370
14766,44818,2399,0,2399
14767,44820,17114,11772,5342
14768,44822,3431,0,3431
14769,44824,3882,0,3882
14770,44825,158,0,158
14771,44826,1617,0,1617
14772,44827,6973,4589,2384
14773,44828,186,0,186
14774,44830,18442,14295,4147
14775,44833,16786,11372,5414
14776,44836,2538,0,2538
14777,44837,4330,0,4330
14778,44838,258,0,258
14779,44839,12472,9178,3294
14780,44840,3137,0,3137
14781,44841,821,0,821
14782,44842,5643,0,5643
14783,44843,2469,0,2469
14784,44844,718,0,718
14785,44846,3322,1413,1909
14786,44847,3488,0,3488
14787,44849,2162,0,2162
14788,44850,145,0,145
14789,44851,5303,0,5303
14790,44853,1447,0,1447
14791,44854,1673,0,1673
14792,44855,1289,0,1289
14793,44856,95,0,95
14794,44857,23619,17856,5763
14795,44859,1784,0,1784
14796,44861,112,0,112
14797,44864,3182,0,3182
14798,44865,3164,0,3164
14799,44866,2372,0,2372
14800,44867,2280,0,2280
14801,44870,40416,37382,3034
14802,44874,275,0,275
14803,44875,13900,9317,4583
14804,44878,3223,0,3223
14805,44880,2914,0,2914
14806,44881,117,0,117
14807,44882,2617,0,2617
14808,44883,28690,20284,8406
14809,44887,958,0,958
14810,44889,6702,0,6702
14811,44890,10759,6666,4093
14812,44901,0,0,0
14813,44902,4891,4891,0
14814,44903,25613,13819,11794
14815,44904,14368,9339,5029
14816,44905,16827,15725,1102
14817,44906,16566,14979,1587
14818,44907,15014,14792,222
14819,45001,927,927,0
14820,45002,15458,11465,3993
14821,45003,818,0,818
14822,45005,31577,29825,1752
14823,45011,73596,71251,2345
14824,45013,53911,40218,13693
14825,45014,46169,44173,1996
14826,45015,12103,12077,26
14827,45030,21234,14728,6506
14828,45032,459,0,459
14829,45033,323,323,0
14830,45034,1166,1166,0
14831,45036,41060,28402,12658
14832,45039,27529,27347,182
14833,45040,57153,57066,87
14834,45041,177,177,0
14835,45042,26972,19890,7082
14836,45044,56128,55705,423
14837,45050,12173,12167,6
14838,45051,393,393,0
14839,45052,3830,2916,914
14840,45053,3375,0,3375
14841,45054,2499,0,2499
14842,45055,76,42,34
14843,45056,28892,23221,5671
14844,45062,775,564,211
14845,45064,3112,0,3112
14846,45065,6725,6659,66
14847,45066,26399,24621,1778
14848,45067,15004,13730,1274
14849,45068,11911,1972,9939
14850,45069,53694,53694,0
14851,45070,151,0,151
14852,45101,2125,1739,386
14853,45102,24954,23863,1091
14854,45103,35237,26691,8546
14855,45105,15,0,15
14856,45106,11855,0,11855
14857,45107,9806,0,9806
14858,45111,384,0,384
14859,45112,69,0,69
14860,45113,3974,0,3974
14861,45115,217,0,217
14862,45118,3716,0,3716
14863,45119,19,0,19
14864,45120,3138,0,3138
14865,45121,8927,0,8927
14866,45122,10757,3661,7096
14867,45123,8776,4771,4005
14868,45130,3585,0,3585
14869,45131,213,0,213
14870,45132,230,0,230
14871,45133,23646,6613,17033
14872,45135,4765,0,4765
14873,45140,56386,53592,2794
14874,45142,4384,0,4384
14875,45144,3912,0,3912
14876,45146,1400,0,1400
14877,45147,106,79,27
14878,45148,1539,0,1539
14879,45150,33735,31953,1782
14880,45152,13617,7993,5624
14881,45153,1826,0,1826
14882,45154,9439,0,9439
14883,45155,385,0,385
14884,45156,63,0,63
14885,45157,9705,67,9638
14886,45158,774,0,774
14887,45159,3524,0,3524
14888,45160,627,0,627
14889,45162,2730,0,2730
14890,45164,233,0,233
14891,45166,83,0,83
14892,45167,3441,97,3344
14893,45168,1345,0,1345
14894,45169,4686,0,4686
14895,45171,6174,0,6174
14896,45172,116,0,116
14897,45174,2359,2359,0
14898,45176,9100,0,9100
14899,45177,22349,12546,9803
14900,45202,16883,16883,0
14901,45203,2365,2365,0
14902,45204,5818,5818,0
14903,45205,19517,19517,0
14904,45206,10670,10670,0
14905,45207,7484,7484,0
14906,45208,18969,18969,0
14907,45209,10708,10708,0
14908,45211,37868,37868,0
14909,45212,21885,21885,0
14910,45213,12052,12052,0
14911,45214,8901,8901,0
14912,45215,30993,30993,0
14913,45216,9667,9667,0
14914,45217,6177,6177,0
14915,45218,3957,3957,0
14916,45219,20644,20644,0
14917,45220,15466,15466,0
14918,45223,13174,13174,0
14919,45224,20214,20214,0
14920,45225,8006,8006,0
14921,45226,5687,5673,14
14922,45227,18427,18412,15
14923,45229,12540,12540,0
14924,45230,27718,27636,82
14925,45231,41934,41934,0
14926,45232,7109,7109,0
14927,45233,15596,15596,0
14928,45236,24223,24223,0
14929,45237,21029,21029,0
14930,45238,46864,46864,0
14931,45239,28499,28499,0
14932,45240,28820,28820,0
14933,45241,24380,24380,0
14934,45242,23214,22585,629
14935,45243,15894,13637,2257
14936,45244,28936,28340,596
14937,45245,20249,19432,817
14938,45246,15249,15249,0
14939,45247,23293,22126,1167
14940,45248,25181,25181,0
14941,45249,14005,13998,7
14942,45251,22073,21435,638
14943,45252,4548,2211,2337
14944,45255,22069,21661,408
14945,45267,0,0,0
14946,45301,135,135,0
14947,45302,4313,0,4313
14948,45303,2215,0,2215
14949,45304,7532,0,7532
14950,45305,11470,9659,1811
14951,45306,2192,0,2192
14952,45307,269,0,269
14953,45308,4488,0,4488
14954,45309,12050,6389,5661
14955,45310,272,0,272
14956,45311,5723,0,5723
14957,45312,1416,0,1416
14958,45314,6261,0,6261
14959,45315,4818,4067,751
14960,45316,115,0,115
14961,45317,1018,0,1018
14962,45318,5438,0,5438
14963,45319,287,0,287
14964,45320,15530,8067,7463
14965,45321,859,0,859
14966,45322,21185,19931,1254
14967,45323,5123,4822,301
14968,45324,40449,39319,1130
14969,45325,2558,0,2558
14970,45326,1170,0,1170
14971,45327,9388,5577,3811
14972,45328,471,0,471
14973,45330,830,0,830
14974,45331,22213,12983,9230
14975,45332,634,0,634
14976,45333,1389,0,1389
14977,45334,2041,0,2041
14978,45335,7062,0,7062
14979,45336,100,0,100
14980,45337,1519,0,1519
14981,45338,4950,0,4950
14982,45339,1169,0,1169
14983,45340,850,0,850
14984,45341,3741,3335,406
14985,45342,37508,34459,3049
14986,45344,17042,9817,7225
14987,45345,5951,0,5951
14988,45346,2085,0,2085
14989,45347,4264,1667,2597
14990,45348,968,0,968
14991,45349,313,0,313
14992,45350,78,0,78
14993,45351,284,0,284
14994,45352,183,0,183
14995,45353,150,0,150
14996,45354,572,0,572
14997,45356,25106,20890,4216
14998,45358,361,0,361
14999,45359,1996,0,1996
15000,45360,300,0,300
15001,45361,225,0,225
15002,45362,1086,0,1086
15003,45363,1853,0,1853
15004,45365,29277,20734,8543
15005,45368,4817,0,4817
15006,45369,3576,0,3576
15007,45370,2379,37,2342
15008,45371,23205,18203,5002
15009,45372,352,0,352
15010,45373,36863,31773,5090
15011,45377,15070,13811,1259
15012,45378,402,0,402
15013,45380,5573,0,5573
15014,45381,5424,0,5424
15015,45382,1179,0,1179
15016,45383,6885,4646,2239
15017,45384,2258,0,2258
15018,45385,39446,29357,10089
15019,45387,5326,0,5326
15020,45388,878,0,878
15021,45389,503,0,503
15022,45390,3269,1684,1585
15023,45402,10735,10735,0
15024,45403,15130,15130,0
15025,45404,10730,10730,0
15026,45405,18124,18124,0
15027,45406,20622,20622,0
15028,45409,12392,12392,0
15029,45410,15758,15758,0
15030,45414,20693,20180,513
15031,45415,12811,12811,0
15032,45416,5612,5612,0
15033,45417,28079,25527,2552
15034,45419,16236,16236,0
15035,45420,25045,25045,0
15036,45423,4,4,0
15037,45424,50920,48946,1974
15038,45426,14391,13538,853
15039,45428,303,303,0
15040,45429,26514,26514,0
15041,45430,7637,7637,0
15042,45431,26660,26660,0
15043,45432,15105,15105,0
15044,45433,1567,1567,0
15045,45434,12628,12186,442
15046,45435,124,124,0
15047,45439,11726,11560,166
15048,45440,22676,22320,356
15049,45449,18976,18976,0
15050,45458,36474,36085,389
15051,45459,28344,28344,0
15052,45469,219,219,0
15053,45501,0,0,0
15054,45502,16767,3209,13558
15055,45503,32870,32544,326
15056,45504,17343,15730,1613
15057,45505,19708,18877,831
15058,45506,13330,11756,1574
15059,45601,56849,31727,25122
15060,45612,5059,0,5059
15061,45613,3542,0,3542
15062,45614,4800,666,4134
15063,45616,1187,0,1187
15064,45617,76,0,76
15065,45618,29,0,29
15066,45619,7348,3086,4262
15067,45620,875,118,757
15068,45621,403,0,403
15069,45622,485,0,485
15070,45623,3235,0,3235
15071,45624,22,0,22
15072,45628,5429,0,5429
15073,45629,3220,1456,1764
15074,45630,222,0,222
15075,45631,14200,4953,9247
15076,45634,1893,727,1166
15077,45636,150,17,133
15078,45638,20114,13147,6967
15079,45640,15896,6958,8938
15080,45642,35,0,35
15081,45644,4316,0,4316
15082,45645,2750,0,2750
15083,45646,363,0,363
15084,45647,2410,0,2410
15085,45648,11211,0,11211
15086,45650,348,0,348
15087,45651,5691,0,5691
15088,45652,3131,0,3131
15089,45653,3907,0,3907
15090,45654,833,0,833
15091,45656,6532,0,6532
15092,45657,2504,0,2504
15093,45658,2538,0,2538
15094,45659,2623,0,2623
15095,45660,8011,0,8011
15096,45661,7014,0,7014
15097,45662,27718,22387,5331
15098,45663,6343,2273,4070
15099,45669,10223,7249,2974
15100,45671,391,0,391
15101,45672,1679,0,1679
15102,45673,398,0,398
15103,45674,686,0,686
15104,45677,73,0,73
15105,45678,1140,0,1140
15106,45679,3097,0,3097
15107,45680,12326,8504,3822
15108,45681,1589,0,1589
15109,45682,1998,0,1998
15110,45684,1838,0,1838
15111,45685,1040,0,1040
15112,45686,3379,0,3379
15113,45688,403,0,403
15114,45690,13527,4969,8558
15115,45692,8460,4719,3741
15116,45693,8797,0,8797
15117,45694,11783,6804,4979
15118,45695,587,0,587
15119,45696,1253,0,1253
15120,45697,4828,0,4828
15121,45698,262,0,262
15122,45699,1236,0,1236
15123,45701,33705,24191,9514
15124,45710,5547,0,5547
15125,45711,1065,0,1065
15126,45714,10149,7063,3086
15127,45715,2412,0,2412
15128,45716,490,490,0
15129,45719,964,0,964
15130,45720,12,0,12
15131,45721,41,0,41
15132,45723,3552,0,3552
15133,45724,1785,0,1785
15134,45727,478,0,478
15135,45729,1460,0,1460
15136,45732,4524,0,4524
15137,45734,409,0,409
15138,45735,1619,0,1619
15139,45739,160,0,160
15140,45740,406,0,406
15141,45741,809,0,809
15142,45742,3018,0,3018
15143,45743,1383,0,1383
15144,45744,2656,0,2656
15145,45745,1104,0,1104
15146,45746,348,0,348
15147,45750,26327,17839,8488
15148,45760,3309,1937,1372
15149,45761,1558,0,1558
15150,45764,7859,4219,3640
15151,45766,1313,0,1313
15152,45767,2314,0,2314
15153,45768,1599,0,1599
15154,45769,5952,722,5230
15155,45770,567,0,567
15156,45771,3408,0,3408
15157,45772,1697,0,1697
15158,45773,305,0,305
15159,45775,1361,0,1361
15160,45776,730,0,730
15161,45778,834,0,834
15162,45779,780,0,780
15163,45780,3328,3164,164
15164,45782,313,0,313
15165,45783,181,0,181
15166,45784,3313,0,3313
15167,45786,3160,0,3160
15168,45788,961,0,961
15169,45789,188,0,188
15170,45801,22819,18330,4489
15171,45804,14573,13548,1025
15172,45805,22740,22555,185
15173,45806,11238,6758,4480
15174,45807,11856,7439,4417
15175,45808,282,0,282
15176,45809,173,0,173
15177,45810,7840,5343,2497
15178,45812,1835,0,1835
15179,45813,3579,0,3579
15180,45814,2646,0,2646
15181,45815,57,0,57
15182,45816,260,0,260
15183,45817,6420,0,6420
15184,45819,233,0,233
15185,45820,517,0,517
15186,45821,1252,0,1252
15187,45822,19945,12035,7910
15188,45826,358,0,358
15189,45827,2223,0,2223
15190,45828,6495,0,6495
15191,45830,5797,0,5797
15192,45831,3023,0,3023
15193,45832,2854,0,2854
15194,45833,10682,7266,3416
15195,45835,487,0,487
15196,45836,1332,0,1332
15197,45838,39,0,39
15198,45840,54901,48144,6757
15199,45841,936,0,936
15200,45843,3768,0,3768
15201,45844,3251,0,3251
15202,45845,3270,0,3270
15203,45846,4461,0,4461
15204,45848,61,61,0
15205,45849,1154,0,1154
15206,45850,3617,0,3617
15207,45851,676,0,676
15208,45853,1451,0,1451
15209,45854,461,0,461
15210,45855,165,0,165
15211,45856,5094,0,5094
15212,45858,3038,0,3038
15213,45859,461,0,461
15214,45860,2444,0,2444
15215,45861,223,0,223
15216,45862,1408,0,1408
15217,45863,1135,0,1135
15218,45864,160,0,160
15219,45865,5251,3077,2174
15220,45866,152,0,152
15221,45867,1138,0,1138
15222,45868,705,0,705
15223,45869,4567,3061,1506
15224,45870,116,0,116
15225,45871,2019,0,2019
15226,45872,4120,0,4120
15227,45873,2235,0,2235
15228,45874,2079,0,2079
15229,45875,11273,5357,5916
15230,45876,958,0,958
15231,45877,2239,0,2239
15232,45879,5963,0,5963
15233,45880,2390,0,2390
15234,45881,1485,0,1485
15235,45882,3005,0,3005
15236,45883,4026,0,4026
15237,45884,147,0,147
15238,45885,12863,9452,3411
15239,45886,459,0,459
15240,45887,4688,0,4688
15241,45888,188,0,188
15242,45889,1481,0,1481
15243,45890,653,0,653
15244,45891,15633,11069,4564
15245,45893,262,0,262
15246,45894,649,0,649
15247,45895,17974,10849,7125
15248,45896,1990,0,1990
15249,45897,107,0,107
15250,45898,1251,0,1251
15251,45899,165,0,165
15252,46001,10676,6293,4383
15253,46011,17078,11752,5326
15254,46012,19108,16733,2375
15255,46013,18288,17431,857
15256,46016,17686,17686,0
15257,46017,5930,4064,1866
15258,46030,3161,1568,1593
15259,46031,2211,0,2211
15260,46032,50477,50477,0
15261,46033,39002,38918,84
15262,46034,7316,5606,1710
15263,46035,1130,0,1130
15264,46036,11247,9199,2048
15265,46037,47264,47072,192
15266,46038,42694,42674,20
15267,46039,725,0,725
15268,46040,16669,14156,2513
15269,46041,24120,16775,7345
15270,46044,2912,0,2912
15271,46045,125,0,125
15272,46047,25,0,25
15273,46048,2035,2035,0
15274,46049,840,0,840
15275,46050,1672,0,1672
15276,46051,2811,0,2811
15277,46052,22783,16534,6249
15278,46055,14969,13730,1239
15279,46056,2359,0,2359
15280,46057,999,0,999
15281,46058,2257,0,2257
15282,46060,45073,40366,4707
15283,46062,38915,37008,1907
15284,46063,298,298,0
15285,46064,16908,11804,5104
15286,46065,3422,0,3422
15287,46068,2583,121,2462
15288,46069,7012,81,6931
15289,46070,2211,0,2211
15290,46071,3373,0,3373
15291,46072,9095,5668,3427
15292,46074,42598,40697,1901
15293,46075,7728,6555,1173
15294,46076,1534,0,1534
15295,46077,33969,29712,4257
15296,46102,503,0,503
15297,46103,354,0,354
15298,46104,860,0,860
15299,46105,1775,0,1775
15300,46106,8672,6826,1846
15301,46107,12994,12994,0
15302,46110,505,0,505
15303,46111,515,515,0
15304,46112,41562,37985,3577
15305,46113,15915,14917,998
15306,46115,1952,0,1952
15307,46117,689,0,689
15308,46118,4903,0,4903
15309,46120,5891,0,5891
15310,46121,5090,0,5090
15311,46122,16448,10706,5742
15312,46123,40788,39940,848
15313,46124,7891,5341,2550
15314,46125,32,0,32
15315,46126,4613,0,4613
15316,46127,304,0,304
15317,46128,2111,0,2111
15318,46130,2491,0,2491
15319,46131,32869,26649,6220
15320,46133,794,0,794
15321,46135,19869,10190,9679
15322,46140,41708,29441,12267
15323,46142,32052,32020,32
15324,46143,62618,59875,2743
15325,46144,207,0,207
15326,46146,144,0,144
15327,46147,2681,0,2681
15328,46148,4859,0,4859
15329,46149,1894,0,1894
15330,46150,750,0,750
15331,46151,32335,12666,19669
15332,46154,126,0,126
15333,46155,81,0,81
15334,46156,1497,0,1497
15335,46157,4074,0,4074
15336,46158,23895,14425,9470
15337,46160,6409,0,6409
15338,46161,2576,0,2576
15339,46162,516,0,516
15340,46163,13489,10802,2687
15341,46164,4324,0,4324
15342,46165,1562,0,1562
15343,46166,2374,0,2374
15344,46167,7018,4751,2267
15345,46168,37681,35853,1828
15346,46170,39,0,39
15347,46171,1779,0,1779
15348,46172,2372,0,2372
15349,46173,10591,6469,4122
15350,46175,549,0,549
15351,46176,28401,21208,7193
15352,46180,993,0,993
15353,46181,5280,0,5280
15354,46182,2005,0,2005
15355,46183,130,130,0
15356,46184,13023,11940,1083
15357,46186,1708,0,1708
15358,46201,31408,31408,0
15359,46202,22217,22217,0
15360,46203,38224,38224,0
15361,46204,9086,9086,0
15362,46205,27531,27531,0
15363,46206,6,6,0
15364,46208,23996,23996,0
15365,46214,26314,26314,0
15366,46216,2343,2343,0
15367,46217,34725,34289,436
15368,46218,30400,30400,0
15369,46219,36556,36556,0
15370,46220,36078,36078,0
15371,46221,27991,27082,909
15372,46222,37185,37185,0
15373,46224,38822,38822,0
15374,46225,6503,6503,0
15375,46226,43997,43997,0
15376,46227,62126,62126,0
15377,46228,15824,15824,0
15378,46229,29252,29239,13
15379,46231,10889,10867,22
15380,46234,27841,27835,6
15381,46235,34569,34569,0
15382,46236,27627,27627,0
15383,46237,44378,44378,0
15384,46239,33290,31528,1762
15385,46240,20148,20148,0
15386,46241,33568,33568,0
15387,46250,19156,19156,0
15388,46254,40162,40157,5
15389,46256,22598,22598,0
15390,46259,13703,9372,4331
15391,46260,34188,34188,0
15392,46268,26353,26353,0
15393,46278,8910,7531,1379
15394,46280,7870,7870,0
15395,46290,191,191,0
15396,46301,580,573,7
15397,46302,141,0,141
15398,46303,17028,14103,2925
15399,46304,26835,23188,3647
15400,46307,69248,61356,7892
15401,46310,14126,0,14126
15402,46311,22431,22199,232
15403,46312,26370,26370,0
15404,46319,18108,18108,0
15405,46320,14514,14514,0
15406,46321,23894,23894,0
15407,46322,23984,23984,0
15408,46323,22510,22510,0
15409,46324,22611,22611,0
15410,46327,11078,11078,0
15411,46340,1085,0,1085
15412,46341,10518,0,10518
15413,46342,32540,30284,2256
15414,46345,97,0,97
15415,46346,1317,0,1317
15416,46347,4800,0,4800
15417,46348,1127,0,1127
15418,46349,3219,0,3219
15419,46350,44522,27784,16738
15420,46356,18668,10747,7921
15421,46360,44209,38932,5277
15422,46365,1037,0,1037
15423,46366,5826,0,5826
15424,46368,39837,39506,331
15425,46371,3680,0,3680
15426,46373,17839,17839,0
15427,46374,1006,0,1006
15428,46375,24051,24051,0
15429,46376,367,0,367
15430,46377,194,0,194
15431,46379,295,0,295
15432,46381,287,0,287
15433,46382,2094,0,2094
15434,46383,41981,32911,9070
15435,46385,41832,32545,9287
15436,46390,2824,0,2824
15437,46391,9077,5182,3895
15438,46392,7855,0,7855
15439,46393,376,0,376
15440,46394,11725,11725,0
15441,46402,5502,5502,0
15442,46403,11649,11568,81
15443,46404,15658,15658,0
15444,46405,11860,11860,0
15445,46406,8776,8776,0
15446,46407,9862,9862,0
15447,46408,15109,15109,0
15448,46409,6975,6975,0
15449,46410,39471,38504,967
15450,46501,3891,0,3891
15451,46502,34,0,34
15452,46504,3241,0,3241
15453,46506,10083,0,10083
15454,46507,9371,4835,4536
15455,46508,137,0,137
15456,46510,3393,0,3393
15457,46511,4008,0,4008
15458,46513,64,0,64
15459,46514,42048,39887,2161
15460,46516,33670,33646,24
15461,46517,24006,22158,1848
15462,46524,2376,0,2376
15463,46526,33170,27911,5259
15464,46528,27223,18155,9068
15465,46530,31805,31096,709
15466,46531,1387,0,1387
15467,46532,1751,0,1751
15468,46534,11247,0,11247
15469,46536,3257,0,3257
15470,46537,502,0,502
15471,46538,4047,1321,2726
15472,46539,2245,0,2245
15473,46540,12552,0,12552
15474,46542,4526,292,4234
15475,46543,4273,0,4273
15476,46544,31571,29886,1685
15477,46545,26312,25560,752
15478,46550,12679,7250,5429
15479,46552,6478,0,6478
15480,46553,3849,1587,2262
15481,46554,4379,0,4379
15482,46555,2729,0,2729
15483,46556,8845,8845,0
15484,46561,14155,13035,1120
15485,46562,4718,540,4178
15486,46563,22977,12279,10698
15487,46565,9104,0,9104
15488,46567,9773,6049,3724
15489,46570,1090,0,1090
15490,46571,6203,0,6203
15491,46572,112,0,112
15492,46573,3835,0,3835
15493,46574,8377,0,8377
15494,46580,22381,16316,6065
15495,46582,14151,10387,3764
15496,46590,5053,5053,0
15497,46595,94,0,94
15498,46601,5947,5947,0
15499,46613,11427,11427,0
15500,46614,29917,26125,3792
15501,46615,14777,14777,0
15502,46616,6167,6167,0
15503,46617,9813,9813,0
15504,46619,20527,19187,1340
15505,46624,38,38,0
15506,46628,27011,25245,1766
15507,46635,6420,6420,0
15508,46637,15887,15887,0
15509,46701,7687,0,7687
15510,46702,2172,0,2172
15511,46703,18837,11948,6889
15512,46704,119,0,119
15513,46705,1716,0,1716
15514,46706,19995,13594,6401
15515,46710,4649,0,4649
15516,46711,8022,0,8022
15517,46714,15411,10346,5065
15518,46721,4907,0,4907
15519,46723,7383,0,7383
15520,46725,23917,10256,13661
15521,46730,1316,0,1316
15522,46731,578,0,578
15523,46732,2949,1052,1897
15524,46733,18669,10441,8228
15525,46737,6898,645,6253
15526,46738,8183,6752,1431
15527,46740,4608,0,4608
15528,46741,4657,0,4657
15529,46742,3259,0,3259
15530,46743,2309,0,2309
15531,46745,1792,0,1792
15532,46746,4003,0,4003
15533,46747,2743,0,2743
15534,46748,7203,5286,1917
15535,46750,26580,17555,9025
15536,46755,15721,10587,5134
15537,46759,508,0,508
15538,46760,1264,0,1264
15539,46761,12902,0,12902
15540,46763,1702,0,1702
15541,46764,1379,0,1379
15542,46765,5580,0,5580
15543,46766,545,0,545
15544,46767,8599,0,8599
15545,46770,2734,0,2734
15546,46771,54,0,54
15547,46772,3929,0,3929
15548,46773,3685,0,3685
15549,46774,17341,13705,3636
15550,46776,1528,0,1528
15551,46777,6348,0,6348
15552,46778,196,0,196
15553,46779,2006,93,1913
15554,46781,789,0,789
15555,46783,7521,0,7521
15556,46784,2211,0,2211
15557,46785,1650,0,1650
15558,46786,82,0,82
15559,46787,3902,0,3902
15560,46788,3396,0,3396
15561,46789,80,0,80
15562,46791,922,0,922
15563,46792,3673,0,3673
15564,46793,4043,0,4043
15565,46794,1406,0,1406
15566,46795,6190,0,6190
15567,46796,57,0,57
15568,46797,4008,0,4008
15569,46798,1290,366,924
15570,46799,448,0,448
15571,46802,10664,10664,0
15572,46803,9686,9686,0
15573,46804,28800,28800,0
15574,46805,21138,21138,0
15575,46806,26083,25821,262
15576,46807,16489,16489,0
15577,46808,19894,19854,40
15578,46809,8946,8030,916
15579,46814,16377,16012,365
15580,46815,27927,27710,217
15581,46816,19012,16035,2977
15582,46818,22071,17558,4513
15583,46819,8969,7249,1720
15584,46825,29062,29062,0
15585,46835,36653,35200,1453
15586,46845,28380,27269,1111
15587,46901,38072,29486,8586
15588,46902,36038,32881,3157
15589,46910,3283,0,3283
15590,46911,1396,0,1396
15591,46913,1400,0,1400
15592,46914,4785,3847,938
15593,46915,617,0,617
15594,46917,1734,0,1734
15595,46919,2202,0,2202
15596,46920,1131,0,1131
15597,46922,32,0,32
15598,46923,8162,0,8162
15599,46926,1639,0,1639
15600,46928,4557,0,4557
15601,46929,3210,0,3210
15602,46930,268,0,268
15603,46931,286,0,286
15604,46932,3254,0,3254
15605,46933,6617,6118,499
15606,46936,5800,0,5800
15607,46937,114,0,114
15608,46938,2824,1662,1162
15609,46939,1917,0,1917
15610,46940,2538,0,2538
15611,46941,1123,0,1123
15612,46943,250,0,250
15613,46945,15,0,15
15614,46946,132,0,132
15615,46947,28295,20374,7921
15616,46950,615,0,615
15617,46951,2118,0,2118
15618,46952,18996,13851,5145
15619,46953,22781,18378,4403
15620,46957,483,0,483
15621,46958,542,0,542
15622,46959,148,0,148
15623,46960,1102,0,1102
15624,46961,97,0,97
15625,46962,8592,5188,3404
15626,46965,111,0,111
15627,46967,73,0,73
15628,46968,132,0,132
15629,46970,23317,15467,7850
15630,46971,0,0,0
15631,46974,1620,0,1620
15632,46975,14288,7333,6955
15633,46978,2018,0,2018
15634,46979,4893,88,4805
15635,46980,53,0,53
15636,46982,2602,0,2602
15637,46984,61,0,61
15638,46985,1285,0,1285
15639,46986,1769,0,1769
15640,46987,1010,952,58
15641,46988,721,0,721
15642,46989,5028,0,5028
15643,46990,805,0,805
15644,46991,1706,0,1706
15645,46992,16183,10254,5929
15646,46994,2626,0,2626
15647,46996,6830,0,6830
15648,46998,129,0,129
15649,47001,10208,3545,6663
15650,47003,958,0,958
15651,47006,12761,7568,5193
15652,47010,304,0,304
15653,47011,1003,0,1003
15654,47012,9994,0,9994
15655,47016,742,0,742
15656,47017,657,0,657
15657,47018,4273,0,4273
15658,47020,1004,0,1004
15659,47021,12,0,12
15660,47022,3192,0,3192
15661,47023,1711,0,1711
15662,47024,2880,0,2880
15663,47025,23118,16215,6903
15664,47030,1504,0,1504
15665,47031,5200,0,5200
15666,47032,3477,0,3477
15667,47033,6,6,0
15668,47034,172,0,172
15669,47035,272,0,272
15670,47036,1002,367,635
15671,47037,4167,0,4167
15672,47038,1168,0,1168
15673,47040,5288,0,5288
15674,47041,5891,0,5891
15675,47042,4375,0,4375
15676,47043,5102,0,5102
15677,47060,7109,405,6704
15678,47102,6884,0,6884
15679,47104,93,0,93
15680,47106,4771,0,4771
15681,47108,2218,0,2218
15682,47110,469,0,469
15683,47111,16972,11175,5797
15684,47112,17404,5696,11708
15685,47114,422,0,422
15686,47115,2579,0,2579
15687,47116,698,0,698
15688,47117,4304,0,4304
15689,47118,3253,0,3253
15690,47119,12173,4056,8117
15691,47120,938,0,938
15692,47122,11185,0,11185
15693,47123,131,0,131
15694,47124,4981,0,4981
15695,47125,1714,0,1714
15696,47126,4555,0,4555
15697,47129,19739,19739,0
15698,47130,48481,48377,104
15699,47135,1271,0,1271
15700,47136,4699,0,4699
15701,47137,1300,0,1300
15702,47138,4398,0,4398
15703,47140,2811,0,2811
15704,47141,1563,0,1563
15705,47142,861,0,861
15706,47143,3800,593,3207
15707,47145,1908,0,1908
15708,47147,1022,0,1022
15709,47150,49395,47434,1961
15710,47160,138,0,138
15711,47161,3764,0,3764
15712,47162,906,0,906
15713,47163,1551,0,1551
15714,47164,3609,0,3609
15715,47165,6208,0,6208
15716,47166,1276,0,1276
15717,47167,15683,6617,9066
15718,47170,14877,7578,7299
15719,47172,19821,16967,2854
15720,47174,124,0,124
15721,47175,870,0,870
15722,47177,1462,0,1462
15723,47201,45969,32627,13342
15724,47203,27006,22236,4770
15725,47220,5737,0,5737
15726,47223,1437,0,1437
15727,47224,606,0,606
15728,47225,65,0,65
15729,47226,205,0,205
15730,47227,1545,0,1545
15731,47229,3186,0,3186
15732,47230,2057,0,2057
15733,47231,1091,0,1091
15734,47232,2460,0,2460
15735,47234,1428,0,1428
15736,47235,1780,0,1780
15737,47236,131,0,131
15738,47240,21940,12529,9411
15739,47243,6037,3981,2056
15740,47244,688,0,688
15741,47246,4343,0,4343
15742,47247,178,0,178
15743,47250,22596,13466,9130
15744,47260,1733,0,1733
15745,47263,174,0,174
15746,47264,1302,0,1302
15747,47265,20074,6700,13374
15748,47270,758,0,758
15749,47272,1852,0,1852
15750,47273,1917,0,1917
15751,47274,33035,24247,8788
15752,47280,867,778,89
15753,47281,1543,0,1543
15754,47282,236,236,0
15755,47283,3526,0,3526
15756,47302,25704,21384,4320
15757,47303,24069,20005,4064
15758,47304,30366,28489,1877
15759,47305,3629,3629,0
15760,47306,4628,4628,0
15761,47320,3978,0,3978
15762,47324,150,0,150
15763,47325,571,0,571
15764,47326,2321,0,2321
15765,47327,4345,0,4345
15766,47330,5523,2675,2848
15767,47331,22782,14401,8381
15768,47334,3171,1619,1552
15769,47335,610,0,610
15770,47336,3455,0,3455
15771,47337,182,0,182
15772,47338,2680,0,2680
15773,47339,641,0,641
15774,47340,2744,0,2744
15775,47341,2191,0,2191
15776,47342,2533,0,2533
15777,47344,123,0,123
15778,47345,1378,0,1378
15779,47346,3865,0,3865
15780,47348,9507,6135,3372
15781,47351,429,0,429
15782,47352,902,0,902
15783,47353,5576,0,5576
15784,47354,1072,0,1072
15785,47355,2546,0,2546
15786,47356,5831,0,5831
15787,47357,1107,0,1107
15788,47358,919,0,919
15789,47359,2744,0,2744
15790,47360,1451,0,1451
15791,47361,134,0,134
15792,47362,30184,18555,11629
15793,47366,57,0,57
15794,47367,98,0,98
15795,47368,2637,0,2637
15796,47369,1216,0,1216
15797,47370,158,0,158
15798,47371,12143,6364,5779
15799,47373,2015,0,2015
15800,47374,45304,38788,6516
15801,47380,1917,0,1917
15802,47381,139,0,139
15803,47382,136,0,136
15804,47383,2724,848,1876
15805,47384,1936,0,1936
15806,47385,1581,0,1581
15807,47386,1085,0,1085
15808,47387,726,0,726
15809,47388,292,0,292
15810,47390,5061,3395,1666
15811,47392,100,0,100
15812,47393,1745,0,1745
15813,47394,8064,4797,3267
15814,47396,7446,5493,1953
15815,47401,41225,33524,7701
15816,47403,33066,25770,7296
15817,47404,23799,19928,3871
15818,47405,305,305,0
15819,47406,7924,7924,0
15820,47408,22917,17313,5604
15821,47420,176,0,176
15822,47421,27798,13265,14533
15823,47424,8893,0,8893
15824,47427,1082,0,1082
15825,47429,7485,5305,2180
15826,47431,1316,0,1316
15827,47432,4429,0,4429
15828,47433,3974,0,3974
15829,47434,19,0,19
15830,47435,7,0,7
15831,47436,1440,0,1440
15832,47437,91,0,91
15833,47438,4032,0,4032
15834,47441,8972,5298,3674
15835,47443,1134,0,1134
15836,47445,90,0,90
15837,47446,9425,0,9425
15838,47448,7816,0,7816
15839,47449,482,0,482
15840,47451,1177,1167,10
15841,47452,5285,0,5285
15842,47453,366,0,366
15843,47454,7684,0,7684
15844,47455,55,0,55
15845,47456,1302,0,1302
15846,47457,25,0,25
15847,47458,34,34,0
15848,47459,3346,0,3346
15849,47460,11560,0,11560
15850,47462,4850,0,4850
15851,47464,198,0,198
15852,47465,666,0,666
15853,47467,34,0,34
15854,47468,1180,0,1180
15855,47469,1782,0,1782
15856,47470,1516,0,1516
15857,47471,2567,0,2567
15858,47501,18003,12920,5083
15859,47512,4002,0,4002
15860,47513,2057,0,2057
15861,47514,1647,0,1647
15862,47515,819,0,819
15863,47516,1246,0,1246
15864,47519,556,0,556
15865,47520,3230,1449,1781
15866,47521,972,0,972
15867,47522,250,0,250
15868,47523,3433,0,3433
15869,47524,494,0,494
15870,47525,337,0,337
15871,47527,1918,0,1918
15872,47528,519,0,519
15873,47529,1004,0,1004
15874,47531,906,0,906
15875,47532,4507,0,4507
15876,47535,582,0,582
15877,47537,782,0,782
15878,47541,1228,0,1228
15879,47542,9992,6117,3875
15880,47546,22445,16749,5696
15881,47550,797,0,797
15882,47551,592,0,592
15883,47552,174,0,174
15884,47553,8625,0,8625
15885,47557,1329,0,1329
15886,47558,5021,0,5021
15887,47561,1514,0,1514
15888,47562,4994,0,4994
15889,47564,1375,0,1375
15890,47567,5804,0,5804
15891,47568,848,0,848
15892,47573,31,0,31
15893,47574,148,0,148
15894,47575,1015,0,1015
15895,47576,378,0,378
15896,47577,1222,0,1222
15897,47578,649,0,649
15898,47579,2715,0,2715
15899,47580,252,0,252
15900,47581,3534,0,3534
15901,47584,154,0,154
15902,47585,429,0,429
15903,47586,11027,7312,3715
15904,47588,591,0,591
15905,47590,779,0,779
15906,47591,24984,19800,5184
15907,47596,191,0,191
15908,47597,961,0,961
15909,47598,3107,0,3107
15910,47601,14088,6671,7417
15911,47610,5442,4211,1231
15912,47611,1157,0,1157
15913,47612,868,0,868
15914,47613,2694,0,2694
15915,47615,1477,0,1477
15916,47616,305,0,305
15917,47619,1535,0,1535
15918,47620,12989,6715,6274
15919,47630,38309,35929,2380
15920,47631,1908,0,1908
15921,47633,2455,0,2455
15922,47634,2193,0,2193
15923,47635,5178,0,5178
15924,47637,1396,0,1396
15925,47638,3620,0,3620
15926,47639,4549,0,4549
15927,47640,950,0,950
15928,47648,4510,0,4510
15929,47649,1374,0,1374
15930,47654,41,0,41
15931,47660,4762,0,4762
15932,47665,3798,0,3798
15933,47666,1332,0,1332
15934,47670,11934,8343,3591
15935,47683,83,0,83
15936,47708,501,501,0
15937,47710,18470,18044,426
15938,47711,31266,31186,80
15939,47712,24895,21128,3767
15940,47713,9916,9916,0
15941,47714,32827,32827,0
15942,47715,28959,28443,516
15943,47720,17188,8882,8306
15944,47725,19220,15624,3596
15945,47802,34229,25319,8910
15946,47803,21832,19829,2003
15947,47804,10093,10042,51
15948,47805,12875,7512,5363
15949,47807,12063,12063,0
15950,47809,2360,2360,0
15951,47831,17,0,17
15952,47832,919,0,919
15953,47833,1043,0,1043
15954,47834,19430,9960,9470
15955,47836,36,0,36
15956,47837,1186,0,1186
15957,47838,3931,0,3931
15958,47840,1420,0,1420
15959,47841,2135,0,2135
15960,47842,9790,6383,3407
15961,47845,177,0,177
15962,47846,661,0,661
15963,47847,1014,0,1014
15964,47848,1523,0,1523
15965,47849,407,0,407
15966,47850,2389,0,2389
15967,47851,14,0,14
15968,47853,184,184,0
15969,47854,850,0,850
15970,47855,680,0,680
15971,47857,443,443,0
15972,47858,628,0,628
15973,47859,1096,0,1096
15974,47860,243,0,243
15975,47861,556,0,556
15976,47862,1548,0,1548
15977,47863,146,0,146
15978,47865,25,0,25
15979,47866,443,0,443
15980,47868,2776,0,2776
15981,47869,116,0,116
15982,47870,6,0,6
15983,47871,235,0,235
15984,47872,8075,0,8075
15985,47874,3161,101,3060
15986,47875,6,0,6
15987,47876,348,0,348
15988,47879,2908,0,2908
15989,47880,61,0,61
15990,47881,332,0,332
15991,47882,8487,4874,3613
15992,47884,214,0,214
15993,47885,9231,2737,6494
15994,47901,3750,3750,0
15995,47904,16571,16500,71
15996,47905,41787,33420,8367
15997,47906,73579,64486,9093
15998,47907,17,17,0
15999,47909,42759,37630,5129
16000,47916,66,0,66
16001,47917,436,0,436
16002,47918,5802,0,5802
16003,47920,2665,0,2665
16004,47921,1115,0,1115
16005,47922,1482,0,1482
16006,47923,3597,0,3597
16007,47924,187,0,187
16008,47925,94,0,94
16009,47926,1132,0,1132
16010,47928,1723,0,1723
16011,47929,805,0,805
16012,47930,1053,0,1053
16013,47932,5271,0,5271
16014,47933,28092,17863,10229
16015,47940,1438,0,1438
16016,47941,1309,1297,12
16017,47942,668,0,668
16018,47943,914,0,914
16019,47944,3561,0,3561
16020,47946,1892,0,1892
16021,47948,1279,0,1279
16022,47949,1245,0,1245
16023,47950,878,0,878
16024,47951,2061,0,2061
16025,47952,2628,0,2628
16026,47954,2267,0,2267
16027,47955,993,0,993
16028,47957,1759,0,1759
16029,47958,172,0,172
16030,47959,2843,147,2696
16031,47960,15029,10488,4541
16032,47963,1937,0,1937
16033,47964,114,0,114
16034,47965,539,0,539
16035,47966,418,0,418
16036,47967,746,0,746
16037,47968,967,0,967
16038,47969,217,0,217
16039,47970,1955,0,1955
16040,47971,1819,0,1819
16041,47974,1106,0,1106
16042,47975,682,0,682
16043,47977,2235,0,2235
16044,47978,10815,5509,5306
16045,47980,1103,0,1103
16046,47981,911,0,911
16047,47982,120,0,120
16048,47983,274,0,274
16049,47986,54,0,54
16050,47987,3802,0,3802
16051,47989,1277,0,1277
16052,47990,1629,0,1629
16053,47991,1051,0,1051
16054,47992,1425,0,1425
16055,47993,3983,0,3983
16056,47994,507,0,507
16057,47995,1651,0,1651
16058,47997,116,0,116
16059,48001,11721,10034,1687
16060,48002,3115,0,3115
16061,48003,6506,0,6506
16062,48005,5318,3,5315
16063,48006,3895,0,3895
16064,48009,21817,21817,0
16065,48014,4323,0,4323
16066,48015,8552,8552,0
16067,48017,11353,11353,0
16068,48021,34244,34244,0
16069,48022,2515,0,2515
16070,48023,4967,3378,1589
16071,48025,14878,14878,0
16072,48026,14726,14726,0
16073,48027,3180,0,3180
16074,48028,921,0,921
16075,48030,14983,14983,0
16076,48032,2193,0,2193
16077,48033,17207,17207,0
16078,48034,14480,14480,0
16079,48035,34018,34018,0
16080,48036,22517,22517,0
16081,48038,44038,44038,0
16082,48039,7485,4618,2867
16083,48040,9994,9994,0
16084,48041,4332,0,4332
16085,48042,33398,31958,1440
16086,48043,15665,15665,0
16087,48044,58265,58265,0
16088,48045,24341,24335,6
16089,48047,39775,39407,368
16090,48048,10561,7460,3101
16091,48049,5523,768,4755
16092,48050,1553,53,1500
16093,48051,17718,17149,569
16094,48054,7213,3058,4155
16095,48059,15319,13233,2086
16096,48060,39775,39503,272
16097,48062,9375,5973,3402
16098,48063,4112,0,4112
16099,48064,3993,776,3217
16100,48065,11228,6546,4682
16101,48066,47789,47789,0
16102,48067,24589,24589,0
16103,48069,2627,2627,0
16104,48070,6388,6388,0
16105,48071,28468,28468,0
16106,48072,15194,15194,0
16107,48073,33658,33658,0
16108,48074,9608,3653,5955
16109,48075,22967,22967,0
16110,48076,26062,26062,0
16111,48079,12553,8007,4546
16112,48080,22272,22272,0
16113,48081,20496,20496,0
16114,48082,16029,16029,0
16115,48083,24074,24074,0
16116,48084,16364,16364,0
16117,48085,26507,26507,0
16118,48088,23142,23142,0
16119,48089,32012,32012,0
16120,48091,32267,32267,0
16121,48092,27186,27186,0
16122,48093,24780,24780,0
16123,48094,20340,18805,1535
16124,48095,5585,3814,1771
16125,48096,3780,0,3780
16126,48097,5181,0,5181
16127,48098,20349,20349,0
16128,48101,28664,28664,0
16129,48103,55605,49222,6383
16130,48104,41588,41588,0
16131,48105,38883,34009,4874
16132,48108,26639,26558,81
16133,48109,8008,8008,0
16134,48111,44055,33638,10417
16135,48114,21222,18713,2509
16136,48116,26942,25628,1314
16137,48117,10154,901,9253
16138,48118,13309,5851,7458
16139,48120,8338,8338,0
16140,48122,12825,12825,0
16141,48124,34134,34134,0
16142,48125,22070,22070,0
16143,48126,55863,55863,0
16144,48127,41222,41222,0
16145,48128,11641,11641,0
16146,48130,16469,6348,10121
16147,48131,8126,5252,2874
16148,48133,5500,2350,3150
16149,48134,23829,23728,101
16150,48135,27380,27380,0
16151,48137,4957,0,4957
16152,48138,10788,10780,8
16153,48139,179,179,0
16154,48140,3082,0,3082
16155,48141,26088,26088,0
16156,48143,74,74,0
16157,48144,10331,10271,60
16158,48145,3332,925,2407
16159,48146,40245,40245,0
16160,48150,26573,26573,0
16161,48152,31098,31098,0
16162,48154,37864,37864,0
16163,48157,1382,0,1382
16164,48158,7362,0,7362
16165,48159,2566,0,2566
16166,48160,14097,8625,5472
16167,48161,26571,22610,3961
16168,48162,29156,23378,5778
16169,48164,9676,6013,3663
16170,48165,8832,8249,583
16171,48166,13170,10191,2979
16172,48167,25071,23846,1225
16173,48168,24517,23074,1443
16174,48169,20336,13837,6499
16175,48170,41069,38990,2079
16176,48173,13443,13314,129
16177,48174,33683,31983,1700
16178,48176,22833,18179,4654
16179,48177,232,0,232
16180,48178,36858,31683,5175
16181,48179,3239,1654,1585
16182,48180,63409,63409,0
16183,48182,21886,15386,6500
16184,48183,42447,42447,0
16185,48184,17776,17776,0
16186,48185,49730,49730,0
16187,48186,35690,35690,0
16188,48187,52498,52329,169
16189,48188,46161,46071,90
16190,48189,14038,10218,3820
16191,48190,163,0,163
16192,48191,3980,851,3129
16193,48192,25058,25058,0
16194,48193,16110,16110,0
16195,48195,30014,30014,0
16196,48197,67895,64851,3044
16197,48198,40067,38671,1396
16198,48201,14500,14500,0
16199,48202,17260,17260,0
16200,48203,22168,22168,0
16201,48204,21738,21738,0
16202,48205,34056,34056,0
16203,48206,15712,15712,0
16204,48207,21704,21704,0
16205,48208,8090,8090,0
16206,48209,27096,27096,0
16207,48210,27155,27155,0
16208,48211,5447,5447,0
16209,48212,43192,43192,0
16210,48213,19088,19088,0
16211,48214,18959,18959,0
16212,48215,10520,10520,0
16213,48216,5031,5031,0
16214,48217,6437,6437,0
16215,48218,7271,7271,0
16216,48219,46811,46811,0
16217,48220,21564,21564,0
16218,48221,38204,38204,0
16219,48223,22956,22956,0
16220,48224,39633,39633,0
16221,48225,15862,15862,0
16222,48226,6307,6307,0
16223,48227,40266,40266,0
16224,48228,53893,53893,0
16225,48229,9258,9258,0
16226,48230,17559,17559,0
16227,48233,6,6,0
16228,48234,31442,31442,0
16229,48235,45188,45188,0
16230,48236,31286,31286,0
16231,48237,29560,29560,0
16232,48238,25747,25747,0
16233,48239,36814,36814,0
16234,48240,17962,17962,0
16235,48242,0,0,0
16236,48243,0,0,0
16237,48301,14993,14993,0
16238,48302,17196,17196,0
16239,48304,17437,17437,0
16240,48306,28455,27396,1059
16241,48307,44673,44673,0
16242,48309,31541,31541,0
16243,48310,43709,43709,0
16244,48312,34854,34854,0
16245,48313,34169,34169,0
16246,48314,21614,21614,0
16247,48315,28597,28597,0
16248,48316,28192,28192,0
16249,48317,27864,27864,0
16250,48320,4328,4328,0
16251,48322,32188,32188,0
16252,48323,18225,18225,0
16253,48324,16872,16872,0
16254,48326,22228,22228,0
16255,48327,21811,21811,0
16256,48328,24178,24178,0
16257,48329,24391,24315,76
16258,48331,22091,22091,0
16259,48334,18731,18731,0
16260,48335,25618,25618,0
16261,48336,26802,26802,0
16262,48340,26039,26039,0
16263,48341,16980,16980,0
16264,48342,18685,18685,0
16265,48346,23058,21817,1241
16266,48348,25655,20355,5300
16267,48350,7581,2399,5182
16268,48353,6422,2359,4063
16269,48356,8380,7920,460
16270,48357,8459,5045,3414
16271,48359,9939,9561,378
16272,48360,12480,11436,1044
16273,48362,15001,14477,524
16274,48363,7361,1620,5741
16275,48367,4567,0,4567
16276,48370,1741,73,1668
16277,48371,25272,19932,5340
16278,48374,18008,18008,0
16279,48375,23237,23237,0
16280,48377,19691,19691,0
16281,48380,7373,2934,4439
16282,48381,13794,10532,3262
16283,48382,23334,22921,413
16284,48383,13171,11241,1930
16285,48386,17904,17627,277
16286,48390,24273,24273,0
16287,48393,20257,20206,51
16288,48401,1385,0,1385
16289,48410,97,0,97
16290,48411,219,0,219
16291,48412,5497,0,5497
16292,48413,7138,0,7138
16293,48414,2361,0,2361
16294,48415,9042,0,9042
16295,48416,4906,0,4906
16296,48417,2612,0,2612
16297,48418,4389,0,4389
16298,48419,2381,0,2381
16299,48420,21771,10242,11529
16300,48421,6656,0,6656
16301,48422,6130,0,6130
16302,48423,33801,26389,7412
16303,48426,895,0,895
16304,48427,2599,0,2599
16305,48428,4897,0,4897
16306,48429,8445,4380,4065
16307,48430,39594,25663,13931
16308,48432,607,0,607
16309,48433,26688,18458,8230
16310,48434,104,0,104
16311,48435,2075,0,2075
16312,48436,3758,0,3758
16313,48437,619,619,0
16314,48438,7074,0,7074
16315,48439,51719,48195,3524
16316,48440,192,0,192
16317,48441,3837,0,3837
16318,48442,21803,11327,10476
16319,48444,9420,0,9420
16320,48445,1355,0,1355
16321,48446,30788,12402,18386
16322,48449,2945,0,2945
16323,48450,4199,2581,1618
16324,48451,16033,12493,3540
16325,48453,4956,0,4956
16326,48454,1263,0,1263
16327,48455,8166,0,8166
16328,48456,782,0,782
16329,48457,8186,0,8186
16330,48458,19699,14618,5081
16331,48460,2341,0,2341
16332,48461,8302,0,8302
16333,48462,13080,66,13014
16334,48463,4423,0,4423
16335,48464,2077,0,2077
16336,48465,575,0,575
16337,48466,1514,0,1514
16338,48467,2228,0,2228
16339,48468,1234,0,1234
16340,48469,1198,0,1198
16341,48470,760,0,760
16342,48471,5668,0,5668
16343,48472,1691,0,1691
16344,48473,22035,14343,7692
16345,48475,2691,0,2691
16346,48476,706,676,30
16347,48502,1478,1478,0
16348,48503,21743,21743,0
16349,48504,24266,23801,465
16350,48505,17685,17535,150
16351,48506,25069,24521,548
16352,48507,30149,30040,109
16353,48509,9568,9568,0
16354,48519,7825,7825,0
16355,48529,9560,9560,0
16356,48532,19247,18489,758
16357,48601,32165,27440,4725
16358,48602,27613,27421,192
16359,48603,27492,26917,575
16360,48604,12386,11242,1144
16361,48607,1456,1456,0
16362,48609,12082,6531,5551
16363,48610,3266,0,3266
16364,48611,6482,3435,3047
16365,48612,9135,0,9135
16366,48613,1037,0,1037
16367,48614,1226,0,1226
16368,48615,2917,0,2917
16369,48616,7458,0,7458
16370,48617,8902,0,8902
16371,48618,5299,0,5299
16372,48619,523,0,523
16373,48620,99,0,99
16374,48621,1282,0,1282
16375,48622,6364,0,6364
16376,48623,15105,7822,7283
16377,48624,15739,0,15739
16378,48625,12993,3796,9197
16379,48626,5962,0,5962
16380,48627,164,164,0
16381,48628,1864,0,1864
16382,48629,7420,4930,2490
16383,48630,227,227,0
16384,48631,4260,387,3873
16385,48632,4987,0,4987
16386,48633,305,0,305
16387,48634,4152,0,4152
16388,48635,1471,0,1471
16389,48636,812,0,812
16390,48637,3120,0,3120
16391,48638,13199,13139,60
16392,48640,31840,20913,10927
16393,48642,33457,24830,8627
16394,48647,4004,0,4004
16395,48649,1634,0,1634
16396,48650,6807,0,6807
16397,48651,4396,3364,1032
16398,48652,1679,0,1679
16399,48653,9598,1981,7617
16400,48654,2284,0,2284
16401,48655,6033,0,6033
16402,48656,3857,2522,1335
16403,48657,7686,2752,4934
16404,48658,4871,0,4871
16405,48659,2640,0,2640
16406,48661,10535,0,10535
16407,48662,1439,0,1439
16408,48701,1268,0,1268
16409,48703,3073,1627,1446
16410,48705,500,0,500
16411,48706,39381,34594,4787
16412,48708,25860,24437,1423
16413,48710,0,0,0
16414,48720,1041,0,1041
16415,48721,398,0,398
16416,48722,3137,949,2188
16417,48723,11953,5383,6570
16418,48724,431,431,0
16419,48725,1983,0,1983
16420,48726,6206,0,6206
16421,48727,1168,0,1168
16422,48728,284,0,284
16423,48729,1521,0,1521
16424,48730,4443,3224,1219
16425,48731,1568,0,1568
16426,48732,11177,9586,1591
16427,48733,1657,0,1657
16428,48734,7350,5045,2305
16429,48735,898,0,898
16430,48737,1104,0,1104
16431,48738,1163,814,349
16432,48739,3636,0,3636
16433,48740,2378,0,2378
16434,48741,1941,0,1941
16435,48742,1701,0,1701
16436,48743,54,0,54
16437,48744,4525,0,4525
16438,48745,1170,0,1170
16439,48746,8163,0,8163
16440,48747,1453,0,1453
16441,48748,1678,0,1678
16442,48749,1118,0,1118
16443,48750,8978,7143,1835
16444,48754,978,0,978
16445,48755,3077,0,3077
16446,48756,4057,0,4057
16447,48757,3511,0,3511
16448,48759,3266,0,3266
16449,48760,1285,0,1285
16450,48761,852,0,852
16451,48762,1080,0,1080
16452,48763,4949,2463,2486
16453,48765,742,0,742
16454,48766,1158,0,1158
16455,48767,2008,0,2008
16456,48768,9648,0,9648
16457,48770,1848,0,1848
16458,48801,13006,9725,3281
16459,48806,1580,0,1580
16460,48807,779,0,779
16461,48808,5830,2943,2887
16462,48809,11245,5611,5634
16463,48811,8137,0,8137
16464,48813,21068,10010,11058
16465,48815,2297,0,2297
16466,48816,102,0,102
16467,48817,5714,3110,2604
16468,48818,2302,0,2302
16469,48819,2601,0,2601
16470,48820,17944,12244,5700
16471,48821,5987,3757,2230
16472,48822,2814,0,2814
16473,48823,51793,51478,315
16474,48824,2216,2216,0
16475,48825,12127,12127,0
16476,48827,15889,5076,10813
16477,48829,3426,0,3426
16478,48831,3320,0,3320
16479,48832,1386,0,1386
16480,48834,2284,0,2284
16481,48835,2573,0,2573
16482,48836,14183,0,14183
16483,48837,19189,13069,6120
16484,48838,18801,10265,8536
16485,48840,12665,10368,2297
16486,48841,798,0,798
16487,48842,21548,20281,1267
16488,48843,47704,33098,14606
16489,48845,937,0,937
16490,48846,22470,15168,7302
16491,48847,5886,0,5886
16492,48848,7771,0,7771
16493,48849,5904,0,5904
16494,48850,4563,0,4563
16495,48851,2394,0,2394
16496,48852,137,0,137
16497,48853,545,0,545
16498,48854,19804,8975,10829
16499,48855,16656,5389,11267
16500,48856,830,0,830
16501,48857,2521,0,2521
16502,48858,41844,28314,13530
16503,48859,2424,2424,0
16504,48860,1309,0,1309
16505,48861,1544,0,1544
16506,48862,48,0,48
16507,48864,22804,21472,1332
16508,48865,1756,0,1756
16509,48866,4728,0,4728
16510,48867,27596,19219,8377
16511,48870,132,0,132
16512,48871,1994,0,1994
16513,48872,7390,0,7390
16514,48873,1535,0,1535
16515,48874,158,0,158
16516,48875,10582,5263,5319
16517,48876,4419,3057,1362
16518,48877,2300,0,2300
16519,48878,1586,0,1586
16520,48879,17980,8370,9610
16521,48880,10495,7692,2803
16522,48881,5438,0,5438
16523,48883,6842,0,6842
16524,48884,4305,0,4305
16525,48885,960,0,960
16526,48886,2062,0,2062
16527,48888,6258,0,6258
16528,48889,1450,0,1450
16529,48890,2073,0,2073
16530,48891,2828,0,2828
16531,48892,4763,0,4763
16532,48893,5400,0,5400
16533,48894,2364,0,2364
16534,48895,11472,5486,5986
16535,48896,152,0,152
16536,48897,1470,0,1470
16537,48906,25674,23525,2149
16538,48910,33702,33702,0
16539,48911,40566,40309,257
16540,48912,17155,17155,0
16541,48915,9176,9176,0
16542,48917,32679,32359,320
16543,48933,2467,2467,0
16544,49001,21730,21730,0
16545,49002,19553,19491,62
16546,49004,16358,14353,2005
16547,49006,25119,25119,0
16548,49007,10353,10353,0
16549,49008,18343,18343,0
16550,49009,47188,33079,14109
16551,49010,18183,7247,10936
16552,49011,2147,0,2147
16553,49012,3477,129,3348
16554,49013,5175,0,5175
16555,49014,21505,13810,7695
16556,49015,28008,26549,1459
16557,49017,21377,13805,7572
16558,49021,6136,0,6136
16559,49022,30143,24512,5631
16560,49024,30332,30178,154
16561,49026,2170,0,2170
16562,49027,171,0,171
16563,49028,6129,0,6129
16564,49029,1724,0,1724
16565,49030,2711,0,2711
16566,49031,7728,0,7728
16567,49032,3033,0,3033
16568,49033,1763,0,1763
16569,49034,2313,0,2313
16570,49036,24632,13721,10911
16571,49037,21427,21220,207
16572,49038,8979,4847,4132
16573,49040,3404,0,3404
16574,49042,4641,0,4641
16575,49043,2056,0,2056
16576,49045,5256,0,5256
16577,49046,7080,0,7080
16578,49047,14541,5896,8645
16579,49048,25067,21113,3954
16580,49050,1552,0,1552
16581,49051,2340,0,2340
16582,49052,1056,0,1056
16583,49053,7371,3182,4189
16584,49055,6211,0,6211
16585,49056,3913,0,3913
16586,49057,6226,0,6226
16587,49058,19422,8041,11381
16588,49060,1847,0,1847
16589,49061,1704,0,1704
16590,49063,52,0,52
16591,49064,3854,0,3854
16592,49065,6974,155,6819
16593,49066,710,0,710
16594,49067,4440,0,4440
16595,49068,14325,7471,6854
16596,49070,2510,0,2510
16597,49071,10748,6426,4322
16598,49072,3124,0,3124
16599,49073,4874,0,4874
16600,49074,185,185,0
16601,49075,68,0,68
16602,49076,4445,0,4445
16603,49078,9483,5128,4355
16604,49079,13766,5662,8104
16605,49080,15994,6691,9303
16606,49082,6471,0,6471
16607,49083,8022,311,7711
16608,49084,87,56,31
16609,49085,24047,22300,1747
16610,49087,6403,812,5591
16611,49088,3704,626,3078
16612,49089,1672,0,1672
16613,49090,13286,6357,6929
16614,49091,19901,11943,7958
16615,49092,2024,0,2024
16616,49093,18215,10166,8049
16617,49094,4091,0,4091
16618,49095,2036,0,2036
16619,49096,3161,0,3161
16620,49097,11353,4827,6526
16621,49098,5739,3569,2170
16622,49099,5623,0,5623
16623,49101,3132,0,3132
16624,49102,1282,0,1282
16625,49103,11508,6345,5163
16626,49104,380,380,0
16627,49106,4822,2919,1903
16628,49107,10066,5640,4426
16629,49111,3506,0,3506
16630,49112,10506,4482,6024
16631,49113,1864,0,1864
16632,49115,217,217,0
16633,49116,278,229,49
16634,49117,3710,3251,459
16635,49119,257,0,257
16636,49120,37076,25004,12072
16637,49125,1743,990,753
16638,49126,1202,224,978
16639,49127,10811,9739,1072
16640,49128,3448,71,3377
16641,49129,736,575,161
16642,49130,1627,0,1627
16643,49201,47747,24874,22873
16644,49202,19359,19128,231
16645,49203,37269,36928,341
16646,49220,2390,0,2390
16647,49221,41315,31747,9568
16648,49224,13199,8133,5066
16649,49227,1241,0,1241
16650,49228,5432,0,5432
16651,49229,3261,0,3261
16652,49230,10364,0,10364
16653,49232,2857,0,2857
16654,49233,2776,0,2776
16655,49234,2580,0,2580
16656,49235,1899,0,1899
16657,49236,4831,0,4831
16658,49237,3027,0,3027
16659,49238,1674,0,1674
16660,49240,9213,0,9213
16661,49241,2359,0,2359
16662,49242,14812,8542,6270
16663,49245,4672,0,4672
16664,49246,3247,0,3247
16665,49247,5720,0,5720
16666,49248,858,0,858
16667,49249,3269,0,3269
16668,49250,5994,2100,3894
16669,49251,6136,0,6136
16670,49252,2666,0,2666
16671,49253,3095,0,3095
16672,49254,3163,3163,0
16673,49255,2098,0,2098
16674,49256,3909,0,3909
16675,49258,38,0,38
16676,49259,2594,0,2594
16677,49261,356,0,356
16678,49262,1211,0,1211
16679,49263,72,0,72
16680,49264,1909,0,1909
16681,49265,5055,0,5055
16682,49266,2954,0,2954
16683,49267,3920,507,3413
16684,49268,1047,0,1047
16685,49269,5874,0,5874
16686,49270,5822,0,5822
16687,49271,2230,0,2230
16688,49272,2413,0,2413
16689,49274,3699,0,3699
16690,49276,971,0,971
16691,49277,3170,0,3170
16692,49279,832,0,832
16693,49282,210,0,210
16694,49283,4401,214,4187
16695,49284,2985,0,2985
16696,49285,5866,0,5866
16697,49286,14991,11143,3848
16698,49287,1949,0,1949
16699,49288,1305,0,1305
16700,49289,104,0,104
16701,49301,20665,10400,10265
16702,49302,8845,1190,7655
16703,49303,1085,0,1085
16704,49304,4979,0,4979
16705,49305,2267,0,2267
16706,49306,10419,7839,2580
16707,49307,16914,10136,6778
16708,49309,1839,0,1839
16709,49310,3072,0,3072
16710,49312,295,0,295
16711,49315,26148,19526,6622
16712,49316,24742,13779,10963
16713,49318,1530,0,1530
16714,49319,17391,118,17273
16715,49320,270,0,270
16716,49321,16764,13489,3275
16717,49322,1164,0,1164
16718,49323,10235,0,10235
16719,49325,2090,0,2090
16720,49326,3830,0,3830
16721,49327,8322,0,8322
16722,49328,4006,0,4006
16723,49329,8707,0,8707
16724,49330,5664,0,5664
16725,49331,18023,7530,10493
16726,49332,2757,0,2757
16727,49333,13427,0,13427
16728,49335,188,0,188
16729,49336,4382,0,4382
16730,49337,12854,0,12854
16731,49338,1810,0,1810
16732,49339,2376,0,2376
16733,49340,2846,0,2846
16734,49341,38250,21558,16692
16735,49342,1527,0,1527
16736,49343,5669,0,5669
16737,49344,3847,0,3847
16738,49345,13734,5630,8104
16739,49346,5877,0,5877
16740,49347,1317,0,1317
16741,49348,14989,4957,10032
16742,49349,8361,0,8361
16743,49401,29598,24949,4649
16744,49402,1425,0,1425
16745,49403,2491,0,2491
16746,49404,8913,0,8913
16747,49405,1587,0,1587
16748,49406,1031,1031,0
16749,49408,9830,441,9389
16750,49409,180,180,0
16751,49410,1956,0,1956
16752,49411,1592,0,1592
16753,49412,11703,5165,6538
16754,49415,6618,3158,3460
16755,49417,32406,26837,5569
16756,49418,30520,30280,240
16757,49419,8720,0,8720
16758,49420,6295,0,6295
16759,49421,5756,0,5756
16760,49423,46870,40979,5891
16761,49424,47963,44427,3536
16762,49425,3655,0,3655
16763,49426,40467,33804,6663
16764,49428,27162,25909,1253
16765,49430,177,0,177
16766,49431,17044,11813,5231
16767,49434,72,72,0
16768,49435,3568,509,3059
16769,49436,1604,0,1604
16770,49437,6928,2431,4497
16771,49440,1320,1320,0
16772,49441,36886,36655,231
16773,49442,45342,39682,5660
16774,49443,88,88,0
16775,49444,26281,25371,910
16776,49445,21245,12650,8595
16777,49446,2311,0,2311
16778,49448,4027,1341,2686
16779,49449,2776,0,2776
16780,49450,3159,0,3159
16781,49451,6091,0,6091
16782,49452,2081,0,2081
16783,49453,2950,1787,1163
16784,49454,4642,70,4572
16785,49455,5197,0,5197
16786,49456,19727,17623,2104
16787,49457,10833,3286,7547
16788,49458,155,0,155
16789,49459,1451,0,1451
16790,49460,9025,487,8538
16791,49461,9295,4470,4825
16792,49464,29654,21069,8585
16793,49503,39344,39344,0
16794,49504,41249,41249,0
16795,49505,31444,31444,0
16796,49506,33050,33050,0
16797,49507,38137,38137,0
16798,49508,41851,41851,0
16799,49509,28340,28340,0
16800,49512,18558,18265,293
16801,49519,28025,28025,0
16802,49525,30275,29811,464
16803,49534,23996,19461,4535
16804,49544,9514,8156,1358
16805,49546,35536,35536,0
16806,49548,34741,34741,0
16807,49601,21564,12208,9356
16808,49611,208,0,208
16809,49612,1163,0,1163
16810,49613,706,0,706
16811,49614,2985,0,2985
16812,49615,4161,0,4161
16813,49616,2068,526,1542
16814,49617,3285,432,2853
16815,49618,776,0,776
16816,49619,1043,0,1043
16817,49620,2827,0,2827
16818,49621,3157,0,3157
16819,49622,2473,0,2473
16820,49623,1186,0,1186
16821,49625,1454,0,1454
16822,49626,325,292,33
16823,49627,176,0,176
16824,49628,329,184,145
16825,49629,1997,0,1997
16826,49630,1331,0,1331
16827,49631,5702,0,5702
16828,49632,1134,0,1134
16829,49633,4026,0,4026
16830,49634,136,136,0
16831,49635,3331,1461,1870
16832,49636,575,0,575
16833,49637,3466,1133,2333
16834,49638,829,0,829
16835,49639,2552,0,2552
16836,49640,1501,0,1501
16837,49642,840,0,840
16838,49643,7379,0,7379
16839,49644,1891,0,1891
16840,49645,1742,0,1742
16841,49646,8582,0,8582
16842,49648,2362,0,2362
16843,49649,6919,0,6919
16844,49650,3215,0,3215
16845,49651,7881,0,7881
16846,49653,2020,0,2020
16847,49654,689,0,689
16848,49655,3180,0,3180
16849,49656,1535,0,1535
16850,49657,3607,0,3607
16851,49659,6670,0,6670
16852,49660,14134,7665,6469
16853,49663,6199,0,6199
16854,49664,2139,0,2139
16855,49665,4169,0,4169
16856,49667,546,0,546
16857,49668,3758,0,3758
16858,49670,1819,0,1819
16859,49674,184,0,184
16860,49675,964,0,964
16861,49676,3527,0,3527
16862,49677,6787,0,6787
16863,49679,1458,0,1458
16864,49680,1949,0,1949
16865,49682,4272,87,4185
16866,49683,2114,0,2114
16867,49684,22025,15700,6325
16868,49685,20856,13315,7541
16869,49686,25859,21855,4004
16870,49688,2685,0,2685
16871,49689,1540,0,1540
16872,49690,6494,1841,4653
16873,49696,9528,2959,6569
16874,49701,1050,713,337
16875,49705,823,0,823
16876,49706,5062,185,4877
16877,49707,22243,14826,7417
16878,49709,3407,0,3407
16879,49710,368,0,368
16880,49712,8113,3816,4297
16881,49713,2135,0,2135
16882,49715,3117,0,3117
16883,49716,775,0,775
16884,49717,170,0,170
16885,49718,691,0,691
16886,49719,1305,0,1305
16887,49720,9127,3878,5249
16888,49721,14058,4916,9142
16889,49722,93,65,28
16890,49724,1173,0,1173
16891,49725,640,0,640
16892,49726,973,0,973
16893,49727,6887,174,6713
16894,49728,293,0,293
16895,49729,1527,0,1527
16896,49730,2248,0,2248
16897,49733,1722,0,1722
16898,49735,20568,8476,12092
16899,49736,557,0,557
16900,49738,9498,0,9498
16901,49740,7511,2126,5385
16902,49743,725,0,725
16903,49744,854,0,854
16904,49745,1016,0,1016
16905,49746,3320,0,3320
16906,49747,1701,0,1701
16907,49748,198,0,198
16908,49749,4087,0,4087
16909,49751,2014,0,2014
16910,49752,484,0,484
16911,49753,1973,0,1973
16912,49755,1847,0,1847
16913,49756,3822,0,3822
16914,49757,583,0,583
16915,49759,1505,0,1505
16916,49760,673,0,673
16917,49762,602,0,602
16918,49764,72,0,72
16919,49765,3898,0,3898
16920,49766,2461,599,1862
16921,49768,403,0,403
16922,49769,1642,0,1642
16923,49770,17643,9756,7887
16924,49774,3011,0,3011
16925,49775,100,0,100
16926,49776,1779,0,1779
16927,49777,1672,0,1672
16928,49779,4611,0,4611
16929,49780,1795,0,1795
16930,49781,3901,2744,1157
16931,49782,525,0,525
16932,49783,18690,12877,5813
16933,49784,2320,2320,0
16934,49788,2904,2780,124
16935,49791,243,226,17
16936,49793,304,0,304
16937,49795,2087,0,2087
16938,49796,300,0,300
16939,49799,2514,0,2514
16940,49801,11479,7525,3954
16941,49802,6197,5662,535
16942,49805,325,0,325
16943,49806,480,0,480
16944,49807,3307,0,3307
16945,49808,349,0,349
16946,49812,888,0,888
16947,49814,1296,0,1296
16948,49815,428,0,428
16949,49816,775,0,775
16950,49817,567,0,567
16951,49818,966,0,966
16952,49820,304,0,304
16953,49821,1210,0,1210
16954,49822,227,0,227
16955,49825,347,0,347
16956,49826,88,0,88
16957,49827,963,0,963
16958,49829,17009,13484,3525
16959,49831,713,0,713
16960,49833,213,0,213
16961,49834,449,0,449
16962,49835,784,0,784
16963,49836,921,0,921
16964,49837,10086,6998,3088
16965,49838,478,0,478
16966,49839,373,0,373
16967,49840,747,0,747
16968,49841,7193,0,7193
16969,49847,986,0,986
16970,49848,146,0,146
16971,49849,11819,7813,4006
16972,49852,130,125,5
16973,49853,1282,0,1282
16974,49854,6211,0,6211
16975,49855,32929,24682,8247
16976,49858,11939,8656,3283
16977,49861,565,0,565
16978,49862,4602,0,4602
16979,49863,125,0,125
16980,49864,32,0,32
16981,49866,8259,3485,4774
16982,49868,4108,0,4108
16983,49870,3343,2214,1129
16984,49871,476,0,476
16985,49872,230,0,230
16986,49873,158,0,158
16987,49874,1043,0,1043
16988,49876,1153,924,229
16989,49877,57,0,57
16990,49878,3566,0,3566
16991,49879,997,0,997
16992,49880,971,0,971
16993,49881,356,0,356
16994,49883,143,0,143
16995,49884,515,0,515
16996,49885,1937,0,1937
16997,49886,423,0,423
16998,49887,2353,0,2353
16999,49891,515,0,515
17000,49892,1935,351,1584
17001,49893,1640,0,1640
17002,49894,686,677,9
17003,49895,784,0,784
17004,49896,1855,0,1855
17005,49901,300,0,300
17006,49902,126,0,126
17007,49903,219,0,219
17008,49905,2234,455,1779
17009,49908,3046,0,3046
17010,49910,297,0,297
17011,49911,2626,0,2626
17012,49912,844,0,844
17013,49913,7218,5112,2106
17014,49915,789,0,789
17015,49916,2855,0,2855
17016,49917,212,0,212
17017,49918,141,0,141
17018,49919,147,0,147
17019,49920,4046,0,4046
17020,49921,343,343,0
17021,49922,907,760,147
17022,49925,485,0,485
17023,49927,437,0,437
17024,49929,182,0,182
17025,49930,7135,5018,2117
17026,49931,10307,8782,1525
17027,49934,862,0,862
17028,49935,5952,0,5952
17029,49938,7340,5165,2175
17030,49942,93,0,93
17031,49945,2650,0,2650
17032,49946,3784,0,3784
17033,49947,609,0,609
17034,49948,494,0,494
17035,49950,1056,0,1056
17036,49952,138,0,138
17037,49953,2541,0,2541
17038,49955,383,0,383
17039,49958,1118,0,1118
17040,49959,434,0,434
17041,49960,191,0,191
17042,49961,104,0,104
17043,49962,264,0,264
17044,49963,864,0,864
17045,49965,465,0,465
17046,49967,434,0,434
17047,49968,2069,0,2069
17048,49969,1445,0,1445
17049,49970,231,0,231
17050,49971,339,0,339
17051,50001,695,0,695
17052,50002,1274,0,1274
17053,50003,9428,5674,3754
17054,50005,679,0,679
17055,50006,1502,0,1502
17056,50007,497,0,497
17057,50008,809,0,809
17058,50009,21230,19675,1555
17059,50010,32552,30697,1855
17060,50012,2249,2249,0
17061,50013,4260,4239,21
17062,50014,31587,29157,2430
17063,50020,1375,0,1375
17064,50021,28807,28051,756
17065,50022,8052,6608,1444
17066,50023,43603,43050,553
17067,50025,3027,0,3027
17068,50026,526,0,526
17069,50027,266,0,266
17070,50028,1608,0,1608
17071,50029,614,0,614
17072,50031,46,0,46
17073,50032,395,395,0
17074,50033,52,0,52
17075,50034,390,0,390
17076,50035,8968,6924,2044
17077,50036,16203,12357,3846
17078,50038,221,0,221
17079,50039,352,0,352
17080,50040,181,0,181
17081,50041,71,0,71
17082,50042,298,0,298
17083,50044,854,0,854
17084,50046,1586,0,1586
17085,50047,6021,0,6021
17086,50048,821,0,821
17087,50049,6433,0,6433
17088,50050,640,0,640
17089,50051,278,0,278
17090,50052,145,0,145
17091,50054,3471,0,3471
17092,50055,1026,0,1026
17093,50056,1388,0,1388
17094,50057,208,0,208
17095,50058,1897,0,1897
17096,50060,2581,0,2581
17097,50061,1973,1,1972
17098,50062,778,0,778
17099,50063,2900,0,2900
17100,50064,105,0,105
17101,50065,553,0,553
17102,50066,238,0,238
17103,50067,318,0,318
17104,50068,352,0,352
17105,50069,999,0,999
17106,50070,1536,0,1536
17107,50071,919,0,919
17108,50072,2688,0,2688
17109,50073,1405,0,1405
17110,50074,342,0,342
17111,50075,833,0,833
17112,50076,1436,0,1436
17113,50078,97,0,97
17114,50101,68,0,68
17115,50102,89,0,89
17116,50103,412,0,412
17117,50104,133,0,133
17118,50105,1326,0,1326
17119,50106,1044,0,1044
17120,50107,933,0,933
17121,50108,451,0,451
17122,50109,3348,286,3062
17123,50110,58,0,58
17124,50111,16025,15571,454
17125,50112,11849,9486,2363
17126,50115,2571,0,2571
17127,50116,263,0,263
17128,50117,190,0,190
17129,50118,931,0,931
17130,50119,464,0,464
17131,50120,338,0,338
17132,50122,1409,0,1409
17133,50123,775,0,775
17134,50124,4697,0,4697
17135,50125,20906,15344,5562
17136,50126,6576,5058,1518
17137,50127,66,0,66
17138,50128,316,0,316
17139,50129,5040,0,5040
17140,50130,1611,0,1611
17141,50131,24434,24011,423
17142,50132,349,0,349
17143,50133,478,0,478
17144,50134,687,0,687
17145,50135,1544,0,1544
17146,50136,418,0,418
17147,50137,70,0,70
17148,50138,11631,7561,4070
17149,50139,1172,0,1172
17150,50140,2503,0,2503
17151,50141,518,0,518
17152,50142,905,0,905
17153,50143,568,0,568
17154,50144,2766,0,2766
17155,50145,76,0,76
17156,50146,505,0,505
17157,50147,373,0,373
17158,50148,420,0,420
17159,50149,1084,0,1084
17160,50150,816,0,816
17161,50151,679,0,679
17162,50152,142,0,142
17163,50153,734,0,734
17164,50154,527,0,527
17165,50155,213,0,213
17166,50156,4662,0,4662
17167,50157,699,0,699
17168,50158,31466,27381,4085
17169,50160,421,0,421
17170,50161,2017,0,2017
17171,50162,1236,0,1236
17172,50163,758,0,758
17173,50164,609,0,609
17174,50165,36,0,36
17175,50166,1511,0,1511
17176,50167,745,0,745
17177,50168,909,0,909
17178,50169,3372,0,3372
17179,50170,2854,0,2854
17180,50171,2703,0,2703
17181,50173,678,0,678
17182,50174,1440,0,1440
17183,50201,8427,6881,1546
17184,50206,497,0,497
17185,50207,2495,0,2495
17186,50208,20918,15943,4975
17187,50210,1752,0,1752
17188,50211,15158,10738,4420
17189,50212,3152,0,3152
17190,50213,7298,5283,2015
17191,50214,818,0,818
17192,50216,2722,0,2722
17193,50217,547,0,547
17194,50218,176,0,176
17195,50219,14390,10160,4230
17196,50220,9045,7628,1417
17197,50222,490,0,490
17198,50223,331,0,331
17199,50225,3026,0,3026
17200,50226,6879,5497,1382
17201,50227,75,0,75
17202,50228,2509,0,2509
17203,50229,1029,0,1029
17204,50230,1099,0,1099
17205,50231,157,0,157
17206,50232,527,0,527
17207,50233,1291,0,1291
17208,50234,556,0,556
17209,50235,408,0,408
17210,50236,1634,0,1634
17211,50237,3153,0,3153
17212,50238,1071,0,1071
17213,50239,191,0,191
17214,50240,2399,0,2399
17215,50241,108,0,108
17216,50242,411,0,411
17217,50243,297,0,297
17218,50244,1825,0,1825
17219,50246,638,0,638
17220,50247,2365,0,2365
17221,50248,4439,0,4439
17222,50249,1235,0,1235
17223,50250,2415,0,2415
17224,50251,1339,0,1339
17225,50252,324,0,324
17226,50254,254,0,254
17227,50255,45,0,45
17228,50256,488,0,488
17229,50257,1039,0,1039
17230,50258,768,0,768
17231,50261,3019,0,3019
17232,50262,360,0,360
17233,50263,24817,23544,1273
17234,50264,510,0,510
17235,50265,32187,31486,701
17236,50266,36486,36151,335
17237,50268,917,0,917
17238,50269,100,0,100
17239,50271,549,0,549
17240,50272,118,0,118
17241,50273,8570,5077,3493
17242,50274,367,0,367
17243,50275,476,0,476
17244,50276,2454,0,2454
17245,50277,505,0,505
17246,50278,780,0,780
17247,50309,9532,9532,0
17248,50310,30754,30754,0
17249,50311,14782,14782,0
17250,50312,15485,15485,0
17251,50313,17723,17447,276
17252,50314,11764,11764,0
17253,50315,36693,36693,0
17254,50316,16785,16785,0
17255,50317,37221,36879,342
17256,50319,0,0,0
17257,50320,23369,22972,397
17258,50321,7783,7496,287
17259,50322,31652,31652,0
17260,50323,16616,16348,268
17261,50324,5252,5252,0
17262,50325,18619,18586,33
17263,50327,11807,10054,1753
17264,50401,28981,25954,3027
17265,50420,392,0,392
17266,50421,3043,0,3043
17267,50423,2806,0,2806
17268,50424,1424,0,1424
17269,50426,87,0,87
17270,50427,36,0,36
17271,50428,9290,7889,1401
17272,50430,425,0,425
17273,50431,208,0,208
17274,50432,259,0,259
17275,50433,238,0,238
17276,50434,435,0,435
17277,50435,732,0,732
17278,50436,5816,0,5816
17279,50438,4033,0,4033
17280,50439,263,0,263
17281,50440,373,0,373
17282,50441,5529,0,5529
17283,50444,353,0,353
17284,50446,526,0,526
17285,50447,1047,0,1047
17286,50448,713,0,713
17287,50449,666,0,666
17288,50450,2827,0,2827
17289,50451,492,0,492
17290,50452,741,0,741
17291,50453,543,0,543
17292,50454,134,0,134
17293,50455,366,0,366
17294,50456,1695,0,1695
17295,50457,361,0,361
17296,50458,2034,0,2034
17297,50459,3087,0,3087
17298,50460,348,0,348
17299,50461,5605,0,5605
17300,50464,651,0,651
17301,50465,201,0,201
17302,50466,1845,0,1845
17303,50467,107,0,107
17304,50468,1497,0,1497
17305,50469,1629,0,1629
17306,50470,205,0,205
17307,50471,621,0,621
17308,50472,2402,0,2402
17309,50473,273,0,273
17310,50475,1621,0,1621
17311,50476,745,0,745
17312,50477,257,0,257
17313,50478,761,0,761
17314,50479,667,0,667
17315,50480,879,0,879
17316,50482,768,517,251
17317,50483,719,0,719
17318,50484,384,0,384
17319,50501,28492,24699,3793
17320,50510,1069,0,1069
17321,50511,7061,5443,1618
17322,50514,1337,0,1337
17323,50515,253,0,253
17324,50516,690,0,690
17325,50517,956,0,956
17326,50518,342,0,342
17327,50519,614,0,614
17328,50520,156,0,156
17329,50521,103,0,103
17330,50522,715,0,715
17331,50523,622,0,622
17332,50524,524,0,524
17333,50525,3494,0,3494
17334,50527,180,0,180
17335,50528,348,0,348
17336,50529,759,759,0
17337,50530,1164,0,1164
17338,50531,224,0,224
17339,50532,952,0,952
17340,50533,4041,0,4041
17341,50535,866,0,866
17342,50536,4351,0,4351
17343,50538,565,0,565
17344,50539,501,0,501
17345,50540,1053,0,1053
17346,50541,839,0,839
17347,50542,899,0,899
17348,50543,1359,0,1359
17349,50544,478,0,478
17350,50545,221,0,221
17351,50546,284,0,284
17352,50548,5921,4580,1341
17353,50551,115,0,115
17354,50552,53,0,53
17355,50554,1649,0,1649
17356,50556,248,0,248
17357,50557,675,0,675
17358,50558,624,0,624
17359,50559,283,0,283
17360,50560,531,0,531
17361,50561,523,0,523
17362,50562,474,0,474
17363,50563,2471,0,2471
17364,50565,410,0,410
17365,50566,431,0,431
17366,50567,213,0,213
17367,50568,1331,0,1331
17368,50569,727,0,727
17369,50570,236,0,236
17370,50571,310,0,310
17371,50573,42,0,42
17372,50574,2264,0,2264
17373,50575,810,0,810
17374,50576,402,0,402
17375,50577,394,0,394
17376,50578,523,0,523
17377,50579,2895,0,2895
17378,50581,833,0,833
17379,50582,190,0,190
17380,50583,2642,0,2642
17381,50585,1118,0,1118
17382,50586,273,0,273
17383,50588,13331,11860,1471
17384,50590,860,0,860
17385,50591,311,0,311
17386,50592,69,0,69
17387,50593,67,0,67
17388,50594,259,0,259
17389,50595,8887,7606,1281
17390,50597,1275,0,1275
17391,50598,940,0,940
17392,50599,346,0,346
17393,50601,2451,0,2451
17394,50602,1538,0,1538
17395,50603,553,0,553
17396,50604,1701,0,1701
17397,50605,133,0,133
17398,50606,777,0,777
17399,50607,477,0,477
17400,50608,38,0,38
17401,50609,384,0,384
17402,50611,340,0,340
17403,50612,340,0,340
17404,50613,43667,39473,4194
17405,50616,10009,7255,2754
17406,50619,2152,0,2152
17407,50620,54,0,54
17408,50621,1450,0,1450
17409,50622,3452,0,3452
17410,50623,146,0,146
17411,50624,1835,0,1835
17412,50625,964,0,964
17413,50626,1652,0,1652
17414,50627,3367,0,3367
17415,50628,1296,0,1296
17416,50629,2288,0,2288
17417,50630,1680,0,1680
17418,50631,178,0,178
17419,50632,1032,0,1032
17420,50633,326,0,326
17421,50634,795,0,795
17422,50635,1375,0,1375
17423,50636,1783,0,1783
17424,50638,3411,0,3411
17425,50641,1906,706,1200
17426,50642,544,0,544
17427,50643,2819,2163,656
17428,50644,8795,6057,2738
17429,50645,1124,0,1124
17430,50647,1989,0,1989
17431,50648,3992,0,3992
17432,50649,45,0,45
17433,50650,681,0,681
17434,50651,3579,0,3579
17435,50652,121,0,121
17436,50653,605,0,605
17437,50654,468,0,468
17438,50655,743,0,743
17439,50657,94,0,94
17440,50658,2394,0,2394
17441,50659,5402,0,5402
17442,50660,1294,0,1294
17443,50662,6693,5879,814
17444,50664,97,0,97
17445,50665,2893,0,2893
17446,50666,893,0,893
17447,50667,759,583,176
17448,50668,1234,0,1234
17449,50669,2335,0,2335
17450,50670,1959,0,1959
17451,50671,206,0,206
17452,50672,532,0,532
17453,50673,185,0,185
17454,50674,3480,0,3480
17455,50675,2372,0,2372
17456,50676,1815,0,1815
17457,50677,12789,9159,3630
17458,50680,1128,0,1128
17459,50681,432,0,432
17460,50682,1558,0,1558
17461,50701,29806,27875,1931
17462,50702,20447,20191,256
17463,50703,18913,16423,2490
17464,50707,7708,7431,277
17465,50801,9245,7507,1738
17466,50830,1667,0,1667
17467,50831,38,0,38
17468,50833,2338,0,2338
17469,50835,82,0,82
17470,50836,322,0,322
17471,50837,304,0,304
17472,50839,36,0,36
17473,50840,437,0,437
17474,50841,2652,0,2652
17475,50842,105,0,105
17476,50843,537,0,537
17477,50845,787,0,787
17478,50846,1084,0,1084
17479,50847,83,0,83
17480,50848,342,0,342
17481,50849,2784,0,2784
17482,50851,1958,0,1958
17483,50853,688,0,688
17484,50854,2223,0,2223
17485,50857,180,0,180
17486,50858,738,0,738
17487,50859,491,0,491
17488,50860,267,0,267
17489,50861,238,0,238
17490,50862,132,0,132
17491,50863,207,0,207
17492,50864,1872,0,1872
17493,51001,2615,0,2615
17494,51002,2909,0,2909
17495,51003,1719,1109,610
17496,51004,956,0,956
17497,51005,1474,0,1474
17498,51006,1038,0,1038
17499,51007,678,0,678
17500,51008,129,0,129
17501,51009,146,0,146
17502,51010,421,0,421
17503,51011,75,0,75
17504,51012,6592,4705,1887
17505,51014,546,0,546
17506,51015,97,0,97
17507,51016,1361,0,1361
17508,51018,385,0,385
17509,51019,715,0,715
17510,51020,637,0,637
17511,51022,751,0,751
17512,51023,3392,0,3392
17513,51024,1981,0,1981
17514,51025,2009,0,2009
17515,51026,741,0,741
17516,51027,1302,0,1302
17517,51028,2058,0,2058
17518,51029,252,0,252
17519,51030,1780,0,1780
17520,51031,12960,10138,2822
17521,51033,428,0,428
17522,51034,1698,0,1698
17523,51035,1535,0,1535
17524,51036,676,0,676
17525,51037,349,0,349
17526,51038,1562,0,1562
17527,51039,2576,0,2576
17528,51040,3537,0,3537
17529,51041,7195,5984,1211
17530,51044,209,0,209
17531,51045,79,0,79
17532,51046,1497,0,1497
17533,51047,588,0,588
17534,51048,571,0,571
17535,51049,425,0,425
17536,51050,2625,0,2625
17537,51051,59,0,59
17538,51052,956,0,956
17539,51053,1069,0,1069
17540,51054,5737,5032,705
17541,51055,1381,0,1381
17542,51056,404,0,404
17543,51058,972,0,972
17544,51060,546,0,546
17545,51061,419,0,419
17546,51062,469,0,469
17547,51063,1032,0,1032
17548,51101,1146,1146,0
17549,51103,16827,15969,858
17550,51104,23080,22617,463
17551,51105,10565,10297,268
17552,51106,28655,27436,1219
17553,51108,5967,3480,2487
17554,51109,3109,2781,328
17555,51111,97,97,0
17556,51201,6408,5381,1027
17557,51230,451,0,451
17558,51231,232,0,232
17559,51232,781,0,781
17560,51234,1167,0,1167
17561,51235,1122,0,1122
17562,51237,1654,0,1654
17563,51238,1251,0,1251
17564,51239,3343,0,3343
17565,51240,1816,0,1816
17566,51241,1916,0,1916
17567,51242,344,0,344
17568,51243,742,0,742
17569,51244,74,0,74
17570,51245,1306,0,1306
17571,51246,3834,0,3834
17572,51247,5432,0,5432
17573,51248,1828,0,1828
17574,51249,3558,0,3558
17575,51250,9427,8222,1205
17576,51301,12606,10967,1639
17577,51331,1102,1099,3
17578,51333,440,0,440
17579,51334,7105,5774,1331
17580,51338,950,0,950
17581,51340,90,0,90
17582,51341,34,0,34
17583,51342,1227,0,1227
17584,51343,263,0,263
17585,51345,414,0,414
17586,51346,2343,0,2343
17587,51347,1489,0,1489
17588,51350,384,0,384
17589,51351,4844,3859,985
17590,51354,974,0,974
17591,51355,847,761,86
17592,51357,611,0,611
17593,51358,1274,0,1274
17594,51360,8553,7237,1316
17595,51363,132,0,132
17596,51364,616,0,616
17597,51365,327,0,327
17598,51366,377,0,377
17599,51401,12248,10150,2098
17600,51430,788,0,788
17601,51431,404,0,404
17602,51432,35,0,35
17603,51433,643,0,643
17604,51436,929,0,929
17605,51439,881,0,881
17606,51440,357,0,357
17607,51441,344,0,344
17608,51442,9763,8142,1621
17609,51443,1751,0,1751
17610,51444,284,0,284
17611,51445,2717,0,2717
17612,51446,520,0,520
17613,51447,198,0,198
17614,51448,545,0,545
17615,51449,2098,0,2098
17616,51450,1475,0,1475
17617,51451,112,0,112
17618,51452,166,0,166
17619,51453,631,0,631
17620,51454,1291,0,1291
17621,51455,2185,0,2185
17622,51458,1451,0,1451
17623,51459,75,0,75
17624,51460,110,0,110
17625,51461,1095,0,1095
17626,51462,1033,0,1033
17627,51463,515,0,515
17628,51465,696,0,696
17629,51466,1071,0,1071
17630,51467,567,0,567
17631,51501,34906,34113,793
17632,51503,37330,30543,6787
17633,51510,3791,3791,0
17634,51520,185,0,185
17635,51521,2202,0,2202
17636,51523,358,0,358
17637,51525,1151,0,1151
17638,51526,1629,0,1629
17639,51527,475,0,475
17640,51528,829,0,829
17641,51529,1665,0,1665
17642,51530,728,0,728
17643,51531,806,0,806
17644,51532,604,0,604
17645,51533,816,0,816
17646,51534,9342,5009,4333
17647,51535,1764,0,1764
17648,51536,458,0,458
17649,51537,6509,4713,1796
17650,51540,469,0,469
17651,51541,360,0,360
17652,51542,1018,0,1018
17653,51543,381,0,381
17654,51544,648,0,648
17655,51545,345,0,345
17656,51546,2815,0,2815
17657,51548,486,0,486
17658,51549,498,0,498
17659,51550,190,0,190
17660,51551,1783,0,1783
17661,51552,265,0,265
17662,51553,992,0,992
17663,51554,172,0,172
17664,51555,5099,0,5099
17665,51556,428,0,428
17666,51557,779,0,779
17667,51558,518,0,518
17668,51559,1911,0,1911
17669,51560,1998,0,1998
17670,51561,907,0,907
17671,51562,463,0,463
17672,51563,681,0,681
17673,51564,501,0,501
17674,51565,464,0,464
17675,51566,6772,5516,1256
17676,51570,1146,0,1146
17677,51571,635,0,635
17678,51572,360,0,360
17679,51573,1075,0,1075
17680,51575,1738,0,1738
17681,51576,2058,0,2058
17682,51577,1101,0,1101
17683,51578,116,0,116
17684,51579,2437,0,2437
17685,51601,5681,4872,809
17686,51630,180,0,180
17687,51631,297,0,297
17688,51632,7024,5213,1811
17689,51636,356,0,356
17690,51637,173,0,173
17691,51638,1189,0,1189
17692,51639,873,0,873
17693,51640,1290,0,1290
17694,51645,219,0,219
17695,51646,730,0,730
17696,51647,173,0,173
17697,51648,166,0,166
17698,51649,355,0,355
17699,51650,322,0,322
17700,51651,147,0,147
17701,51652,1629,0,1629
17702,51653,1357,0,1357
17703,51654,421,0,421
17704,51656,60,0,60
17705,52001,43572,42373,1199
17706,52002,17177,14450,2727
17707,52003,14060,10806,3254
17708,52030,380,0,380
17709,52031,5143,0,5143
17710,52032,1424,0,1424
17711,52033,3478,0,3478
17712,52035,915,0,915
17713,52036,137,0,137
17714,52037,1216,0,1216
17715,52038,478,0,478
17716,52039,1195,0,1195
17717,52040,5911,0,5911
17718,52041,1490,0,1490
17719,52042,1828,0,1828
17720,52043,2047,0,2047
17721,52044,158,0,158
17722,52045,2739,0,2739
17723,52046,2391,0,2391
17724,52047,570,0,570
17725,52048,327,0,327
17726,52049,1339,0,1339
17727,52050,490,0,490
17728,52052,2955,0,2955
17729,52053,1120,0,1120
17730,52054,920,0,920
17731,52056,245,0,245
17732,52057,8064,4913,3151
17733,52060,8494,6098,2396
17734,52064,752,0,752
17735,52065,802,0,802
17736,52066,86,0,86
17737,52068,4835,145,4690
17738,52069,1512,0,1512
17739,52070,1006,0,1006
17740,52071,120,0,120
17741,52072,384,0,384
17742,52073,1590,0,1590
17743,52074,328,0,328
17744,52075,143,0,143
17745,52076,2123,0,2123
17746,52077,362,0,362
17747,52078,847,0,847
17748,52079,753,0,753
17749,52101,13186,7993,5193
17750,52132,1832,0,1832
17751,52133,473,0,473
17752,52134,252,0,252
17753,52135,793,0,793
17754,52136,6009,0,6009
17755,52140,553,0,553
17756,52141,1386,0,1386
17757,52142,1797,0,1797
17758,52144,1186,0,1186
17759,52146,867,0,867
17760,52147,947,0,947
17761,52151,2057,0,2057
17762,52154,981,0,981
17763,52155,1244,0,1244
17764,52156,739,0,739
17765,52157,1645,0,1645
17766,52158,273,158,115
17767,52159,2232,0,2232
17768,52160,808,0,808
17769,52161,1409,0,1409
17770,52162,3481,0,3481
17771,52163,273,0,273
17772,52164,193,0,193
17773,52165,876,0,876
17774,52166,127,0,127
17775,52168,379,0,379
17776,52169,417,0,417
17777,52170,499,0,499
17778,52171,926,0,926
17779,52172,6097,0,6097
17780,52175,3412,0,3412
17781,52201,1177,0,1177
17782,52202,1112,0,1112
17783,52203,1911,0,1911
17784,52205,8782,5411,3371
17785,52206,2635,0,2635
17786,52207,343,0,343
17787,52208,2951,0,2951
17788,52209,1106,0,1106
17789,52210,746,0,746
17790,52211,2592,0,2592
17791,52212,274,0,274
17792,52213,4408,0,4408
17793,52214,3001,0,3001
17794,52215,692,0,692
17795,52216,1461,0,1461
17796,52217,505,0,505
17797,52218,1726,0,1726
17798,52219,160,0,160
17799,52220,252,0,252
17800,52221,224,0,224
17801,52222,635,0,635
17802,52223,1389,0,1389
17803,52224,1890,0,1890
17804,52225,427,0,427
17805,52227,3089,0,3089
17806,52228,3402,2503,899
17807,52229,730,0,730
17808,52231,316,0,316
17809,52232,181,0,181
17810,52233,7091,7061,30
17811,52235,858,0,858
17812,52236,570,0,570
17813,52237,1593,0,1593
17814,52240,34224,29779,4445
17815,52241,22319,22305,14
17816,52242,5657,5657,0
17817,52245,21874,21799,75
17818,52246,22829,22609,220
17819,52247,5976,0,5976
17820,52248,1674,0,1674
17821,52249,912,0,912
17822,52251,501,0,501
17823,52252,50,0,50
17824,52253,3356,2140,1216
17825,52254,878,0,878
17826,52255,1189,0,1189
17827,52257,259,0,259
17828,52301,3745,0,3745
17829,52302,43130,41272,1858
17830,52305,663,0,663
17831,52306,1653,0,1653
17832,52307,145,0,145
17833,52308,135,0,135
17834,52309,419,0,419
17835,52310,6417,0,6417
17836,52312,96,0,96
17837,52313,391,0,391
17838,52314,5937,4369,1568
17839,52315,1171,0,1171
17840,52316,1622,0,1622
17841,52317,22096,20293,1803
17842,52318,908,0,908
17843,52320,1087,0,1087
17844,52321,451,0,451
17845,52322,2260,0,2260
17846,52323,738,0,738
17847,52324,2476,0,2476
17848,52325,815,0,815
17849,52326,565,0,565
17850,52327,3333,0,3333
17851,52328,2889,2769,120
17852,52329,722,0,722
17853,52330,848,0,848
17854,52332,1995,0,1995
17855,52333,7312,0,7312
17856,52334,355,0,355
17857,52335,605,0,605
17858,52336,2310,0,2310
17859,52337,828,0,828
17860,52338,3457,577,2880
17861,52339,4717,2980,1737
17862,52340,4810,4368,442
17863,52341,1045,0,1045
17864,52342,3192,2283,909
17865,52344,22,0,22
17866,52345,1572,0,1572
17867,52346,1094,0,1094
17868,52347,1392,0,1392
17869,52348,48,0,48
17870,52349,7405,4780,2625
17871,52351,1380,0,1380
17872,52352,1815,0,1815
17873,52353,9416,6846,2570
17874,52354,355,0,355
17875,52355,267,0,267
17876,52356,2833,0,2833
17877,52358,3839,0,3839
17878,52359,270,0,270
17879,52361,5018,0,5018
17880,52362,920,0,920
17881,52401,2320,2302,18
17882,52402,42072,42072,0
17883,52403,23012,20429,2583
17884,52404,43385,42227,1158
17885,52405,26382,26117,265
17886,52411,7954,5515,2439
17887,52501,30313,25019,5294
17888,52530,1028,0,1028
17889,52531,5817,0,5817
17890,52533,1157,0,1157
17891,52534,366,329,37
17892,52535,798,0,798
17893,52536,990,0,990
17894,52537,7248,0,7248
17895,52540,1408,0,1408
17896,52542,462,0,462
17897,52543,287,0,287
17898,52544,7481,5269,2212
17899,52548,76,0,76
17900,52549,646,0,646
17901,52550,486,0,486
17902,52551,638,0,638
17903,52552,894,0,894
17904,52553,1639,0,1639
17905,52554,1222,0,1222
17906,52555,311,0,311
17907,52556,11736,8674,3062
17908,52557,537,537,0
17909,52560,408,0,408
17910,52561,901,0,901
17911,52562,41,0,41
17912,52563,1423,0,1423
17913,52565,1940,0,1940
17914,52566,164,0,164
17915,52567,562,0,562
17916,52568,97,0,97
17917,52569,609,0,609
17918,52570,961,0,961
17919,52571,1499,0,1499
17920,52572,1206,0,1206
17921,52573,158,0,158
17922,52574,699,0,699
17923,52576,556,0,556
17924,52577,14974,11828,3146
17925,52580,441,0,441
17926,52581,277,0,277
17927,52583,312,0,312
17928,52584,505,0,505
17929,52585,940,0,940
17930,52586,496,0,496
17931,52588,141,0,141
17932,52590,1503,0,1503
17933,52591,2993,0,2993
17934,52593,110,0,110
17935,52594,371,0,371
17936,52595,428,384,44
17937,52601,27899,24418,3481
17938,52619,553,0,553
17939,52620,878,0,878
17940,52621,681,0,681
17941,52623,1989,0,1989
17942,52624,354,0,354
17943,52625,2498,0,2498
17944,52626,1222,0,1222
17945,52627,12350,10197,2153
17946,52630,375,0,375
17947,52631,75,0,75
17948,52632,12006,9618,2388
17949,52635,634,0,634
17950,52637,2651,0,2651
17951,52638,546,341,205
17952,52639,1847,0,1847
17953,52640,1331,0,1331
17954,52641,12920,9284,3636
17955,52644,373,0,373
17956,52645,3211,0,3211
17957,52646,415,0,415
17958,52647,192,0,192
17959,52649,883,0,883
17960,52650,813,0,813
17961,52651,613,0,613
17962,52652,55,0,55
17963,52653,3427,0,3427
17964,52654,1630,0,1630
17965,52655,4438,3654,784
17966,52656,2351,0,2351
17967,52657,109,0,109
17968,52658,957,0,957
17969,52659,1499,0,1499
17970,52660,214,0,214
17971,52701,113,0,113
17972,52720,842,0,842
17973,52721,727,0,727
17974,52722,40629,40074,555
17975,52726,4585,0,4585
17976,52727,372,0,372
17977,52728,1037,0,1037
17978,52729,775,0,775
17979,52730,5009,4168,841
17980,52731,835,0,835
17981,52732,25808,23123,2685
17982,52737,392,0,392
17983,52738,3404,0,3404
17984,52739,679,0,679
17985,52742,7651,5162,2489
17986,52745,561,0,561
17987,52746,933,0,933
17988,52747,2178,0,2178
17989,52748,9942,6289,3653
17990,52749,958,682,276
17991,52750,593,0,593
17992,52751,1066,0,1066
17993,52752,405,0,405
17994,52753,6176,4656,1520
17995,52754,1318,0,1318
17996,52755,1996,0,1996
17997,52756,2178,0,2178
17998,52757,247,0,247
17999,52758,231,0,231
18000,52759,132,0,132
18001,52760,579,0,579
18002,52761,30530,24462,6068
18003,52765,436,0,436
18004,52766,735,0,735
18005,52767,397,131,266
18006,52768,1394,378,1016
18007,52769,679,0,679
18008,52771,46,0,46
18009,52772,5129,0,5129
18010,52773,2301,0,2301
18011,52774,118,0,118
18012,52776,5128,0,5128
18013,52777,1322,0,1322
18014,52778,4088,0,4088
18015,52801,1446,1446,0
18016,52802,9967,9211,756
18017,52803,22896,22896,0
18018,52804,25836,23875,1961
18019,52806,28191,27073,1118
18020,52807,15851,15448,403
18021,53001,1857,0,1857
18022,53002,2436,0,2436
18023,53003,181,0,181
18024,53004,3469,0,3469
18025,53005,21433,21433,0
18026,53006,1767,0,1767
18027,53007,1787,1787,0
18028,53010,7497,0,7497
18029,53011,2259,0,2259
18030,53012,19027,13971,5056
18031,53013,3338,0,3338
18032,53014,8073,0,8073
18033,53015,2625,0,2625
18034,53016,405,0,405
18035,53017,5496,0,5496
18036,53018,7396,5834,1562
18037,53019,1942,0,1942
18038,53020,3474,0,3474
18039,53021,4715,0,4715
18040,53022,19935,17726,2209
18041,53023,1409,0,1409
18042,53024,18291,14423,3868
18043,53027,23254,16029,7225
18044,53029,21239,16655,4584
18045,53031,74,0,74
18046,53032,4933,0,4933
18047,53033,5502,184,5318
18048,53034,1733,0,1733
18049,53035,2282,0,2282
18050,53036,3540,0,3540
18051,53037,10072,7962,2110
18052,53038,4372,0,4372
18053,53039,4582,0,4582
18054,53040,8358,0,8358
18055,53042,6886,0,6886
18056,53044,2404,2259,145
18057,53045,23651,23275,376
18058,53046,1355,1242,113
18059,53047,164,0,164
18060,53048,3542,0,3542
18061,53049,2536,299,2237
18062,53050,7071,5189,1882
18063,53051,38562,35922,2640
18064,53057,1552,0,1552
18065,53058,3340,2791,549
18066,53059,1774,0,1774
18067,53061,5055,0,5055
18068,53063,1501,0,1501
18069,53065,2128,0,2128
18070,53066,36595,26889,9706
18071,53069,732,732,0
18072,53070,4893,0,4893
18073,53072,26687,25538,1149
18074,53073,16286,9011,7275
18075,53074,13379,11746,1633
18076,53075,3219,0,3219
18077,53076,3760,129,3631
18078,53078,1858,9,1849
18079,53079,1534,0,1534
18080,53080,5457,3946,1511
18081,53081,43465,43115,350
18082,53083,21768,20364,1404
18083,53085,11671,8631,3040
18084,53086,9209,7245,1964
18085,53088,279,0,279
18086,53089,19657,16851,2806
18087,53090,21478,14739,6739
18088,53091,2013,0,2013
18089,53092,21052,20756,296
18090,53093,1937,0,1937
18091,53094,18510,14554,3956
18092,53095,27269,20287,6982
18093,53097,7380,4311,3069
18094,53098,11562,8158,3404
18095,53099,38,0,38
18096,53103,3833,0,3833
18097,53104,5950,2239,3711
18098,53105,29654,16645,13009
18099,53108,3317,411,2906
18100,53110,18204,18204,0
18101,53114,2491,0,2491
18102,53115,15884,12398,3486
18103,53118,7085,0,7085
18104,53119,5751,0,5751
18105,53120,10024,6431,3593
18106,53121,19222,11876,7346
18107,53122,6578,6578,0
18108,53125,3405,3102,303
18109,53126,6889,1838,5051
18110,53127,152,53,99
18111,53128,9064,4335,4729
18112,53129,14793,14793,0
18113,53130,7743,7743,0
18114,53132,36166,34646,1520
18115,53137,1702,0,1702
18116,53139,2909,210,2699
18117,53140,30571,30546,25
18118,53142,33146,32616,530
18119,53143,22702,22702,0
18120,53144,26702,22912,3790
18121,53146,7677,4695,2982
18122,53147,17859,12145,5714
18123,53149,19644,13465,6179
18124,53150,25804,22717,3087
18125,53151,32535,32327,208
18126,53153,2559,0,2559
18127,53154,36497,35722,775
18128,53156,2972,0,2972
18129,53157,80,0,80
18130,53158,17559,16522,1037
18131,53167,383,356,27
18132,53168,8687,3634,5053
18133,53170,2362,2362,0
18134,53172,20795,20750,45
18135,53176,137,0,137
18136,53177,8482,7043,1439
18137,53178,2703,0,2703
18138,53179,6206,4454,1752
18139,53181,7696,6459,1237
18140,53182,9422,5689,3733
18141,53183,3110,2917,193
18142,53184,4096,2983,1113
18143,53185,18761,11991,6770
18144,53186,32332,32297,35
18145,53188,35552,34153,1399
18146,53189,26846,18496,8350
18147,53190,19459,14544,4915
18148,53191,3257,3147,110
18149,53192,211,122,89
18150,53195,120,0,120
18151,53202,27897,27897,0
18152,53203,2180,2180,0
18153,53204,39728,39728,0
18154,53205,9397,9397,0
18155,53206,22816,22816,0
18156,53207,34292,34285,7
18157,53208,29644,29644,0
18158,53209,44586,44586,0
18159,53210,25588,25588,0
18160,53211,36327,36327,0
18161,53212,28702,28702,0
18162,53213,26469,26469,0
18163,53214,34297,34297,0
18164,53215,59359,59359,0
18165,53216,30109,30109,0
18166,53217,30559,30332,227
18167,53218,38488,38488,0
18168,53219,34925,34925,0
18169,53220,26869,26869,0
18170,53221,39560,39560,0
18171,53222,25422,25422,0
18172,53223,28884,28884,0
18173,53224,20786,20786,0
18174,53225,25138,25138,0
18175,53226,19921,19921,0
18176,53227,23310,23310,0
18177,53228,15341,15341,0
18178,53233,15531,15531,0
18179,53235,9175,9175,0
18180,53295,114,114,0
18181,53402,33621,32410,1211
18182,53403,26269,26075,194
18183,53404,15532,15532,0
18184,53405,25561,25561,0
18185,53406,27078,26949,129
18186,53501,144,0,144
18187,53502,2615,0,2615
18188,53503,1923,0,1923
18189,53504,1977,0,1977
18190,53505,398,0,398
18191,53506,999,0,999
18192,53507,2313,0,2313
18193,53508,5477,0,5477
18194,53510,1426,0,1426
18195,53511,48659,43169,5490
18196,53515,2496,0,2496
18197,53516,2200,0,2200
18198,53517,1892,0,1892
18199,53518,1411,0,1411
18200,53520,6684,0,6684
18201,53521,3857,0,3857
18202,53522,1025,0,1025
18203,53523,5277,0,5277
18204,53525,4028,0,4028
18205,53526,571,0,571
18206,53527,10994,7924,3070
18207,53528,6245,0,6245
18208,53529,2263,0,2263
18209,53530,4683,0,4683
18210,53531,4558,0,4558
18211,53532,15962,13497,2465
18212,53533,7306,4898,2408
18213,53534,12752,8327,4425
18214,53536,9051,6321,2730
18215,53537,707,0,707
18216,53538,18643,13852,4791
18217,53540,125,0,125
18218,53541,894,0,894
18219,53543,1639,0,1639
18220,53544,838,0,838
18221,53545,23318,21292,2026
18222,53546,31190,29454,1736
18223,53548,19233,15308,3925
18224,53549,10199,7566,2633
18225,53550,1213,0,1213
18226,53551,8920,6857,2063
18227,53553,561,0,561
18228,53554,1093,0,1093
18229,53555,8529,0,8529
18230,53556,2680,0,2680
18231,53557,395,0,395
18232,53558,12666,11670,996
18233,53559,6104,0,6104
18234,53560,3714,0,3714
18235,53561,2016,0,2016
18236,53562,29092,26863,2229
18237,53563,11503,7187,4316
18238,53565,4899,0,4899
18239,53566,14970,10725,4245
18240,53569,1147,0,1147
18241,53570,2643,0,2643
18242,53571,336,0,336
18243,53572,10549,7730,2819
18244,53573,3018,0,3018
18245,53574,4113,0,4113
18246,53575,17320,11551,5769
18247,53576,2284,0,2284
18248,53577,1385,0,1385
18249,53578,6556,4350,2206
18250,53579,1799,0,1799
18251,53580,507,0,507
18252,53581,10024,4924,5100
18253,53582,1068,0,1068
18254,53583,5787,3496,2291
18255,53584,53,0,53
18256,53585,2130,0,2130
18257,53586,2101,0,2101
18258,53587,1169,0,1169
18259,53588,4139,0,4139
18260,53589,19888,15321,4567
18261,53590,43684,39534,4150
18262,53593,28232,23963,4269
18263,53594,5324,0,5324
18264,53597,20729,17458,3271
18265,53598,4033,4033,0
18266,53599,71,0,71
18267,53703,38512,38512,0
18268,53704,47066,46800,266
18269,53705,24695,24660,35
18270,53706,4337,4337,0
18271,53711,51448,49919,1529
18272,53713,23291,23291,0
18273,53714,16289,16289,0
18274,53715,16517,16517,0
18275,53716,19105,19105,0
18276,53717,12798,12798,0
18277,53718,17034,15983,1051
18278,53719,32151,32056,95
18279,53726,5286,5286,0
18280,53792,0,0,0
18281,53801,842,0,842
18282,53802,64,0,64
18283,53803,1258,0,1258
18284,53804,1353,0,1353
18285,53805,5395,0,5395
18286,53806,1577,0,1577
18287,53807,4565,0,4565
18288,53808,1041,0,1041
18289,53809,4409,0,4409
18290,53810,424,0,424
18291,53811,3213,0,3213
18292,53812,406,0,406
18293,53813,6267,0,6267
18294,53816,815,0,815
18295,53817,201,0,201
18296,53818,15786,11838,3948
18297,53820,2421,0,2421
18298,53821,7838,5961,1877
18299,53825,495,0,495
18300,53826,1268,0,1268
18301,53827,291,0,291
18302,53901,14924,10327,4597
18303,53910,3264,0,3264
18304,53911,1383,0,1383
18305,53913,21046,15662,5384
18306,53916,23057,18824,4233
18307,53919,2334,0,2334
18308,53920,413,0,413
18309,53922,961,0,961
18310,53923,2160,0,2160
18311,53924,1333,0,1333
18312,53925,8523,5582,2941
18313,53926,1785,0,1785
18314,53928,143,0,143
18315,53929,2545,0,2545
18316,53930,1235,0,1235
18317,53931,346,0,346
18318,53932,2716,1395,1321
18319,53933,4278,0,4278
18320,53934,4214,0,4214
18321,53935,320,0,320
18322,53936,1547,0,1547
18323,53937,1172,0,1172
18324,53939,248,0,248
18325,53940,18,18,0
18326,53941,3044,0,3044
18327,53942,121,0,121
18328,53943,1067,0,1067
18329,53944,2370,0,2370
18330,53946,4239,0,4239
18331,53947,169,0,169
18332,53948,8151,0,8151
18333,53949,6084,0,6084
18334,53950,5608,0,5608
18335,53951,2291,0,2291
18336,53952,4276,0,4276
18337,53953,207,0,207
18338,53954,6907,228,6679
18339,53955,5951,0,5951
18340,53956,3416,0,3416
18341,53959,14298,10067,4231
18342,53960,3370,0,3370
18343,53961,793,0,793
18344,53962,51,0,51
18345,53963,14078,11673,2405
18346,53964,3514,0,3514
18347,53965,11361,5067,6294
18348,53968,2326,0,2326
18349,53969,397,0,397
18350,54001,8256,0,8256
18351,54002,6741,0,6741
18352,54003,1050,0,1050
18353,54004,2249,0,2249
18354,54005,3176,0,3176
18355,54006,824,0,824
18356,54007,1276,0,1276
18357,54009,2746,0,2746
18358,54011,6881,0,6881
18359,54013,3482,0,3482
18360,54014,2368,0,2368
18361,54015,3936,0,3936
18362,54016,33198,20303,12895
18363,54017,19816,9486,10330
18364,54020,7463,0,7463
18365,54021,6934,0,6934
18366,54022,23612,16344,7268
18367,54023,4456,0,4456
18368,54024,4916,0,4916
18369,54025,7336,0,7336
18370,54026,2050,0,2050
18371,54027,1160,0,1160
18372,54028,2632,0,2632
18373,54082,1787,234,1553
18374,54101,2773,0,2773
18375,54102,809,0,809
18376,54103,481,0,481
18377,54104,1159,0,1159
18378,54106,4674,0,4674
18379,54107,3691,88,3603
18380,54110,5542,0,5542
18381,54111,2164,565,1599
18382,54112,2227,0,2227
18383,54113,3631,3631,0
18384,54114,5913,0,5913
18385,54115,48710,39226,9484
18386,54119,613,0,613
18387,54120,204,0,204
18388,54121,3149,0,3149
18389,54123,248,0,248
18390,54124,3619,0,3619
18391,54125,499,0,499
18392,54126,4120,0,4120
18393,54127,110,0,110
18394,54128,1718,0,1718
18395,54129,3525,0,3525
18396,54130,27473,19110,8363
18397,54135,3016,0,3016
18398,54136,6703,6703,0
18399,54137,1098,0,1098
18400,54138,831,0,831
18401,54139,3244,0,3244
18402,54140,8396,8396,0
18403,54141,2731,0,2731
18404,54143,15265,11377,3888
18405,54149,1201,0,1201
18406,54150,1116,0,1116
18407,54151,3515,1535,1980
18408,54152,249,0,249
18409,54153,7323,0,7323
18410,54154,5432,0,5432
18411,54155,7853,3848,4005
18412,54156,1544,0,1544
18413,54157,5846,3518,2328
18414,54159,1460,0,1460
18415,54160,244,0,244
18416,54161,2789,0,2789
18417,54162,9570,0,9570
18418,54165,7877,0,7877
18419,54166,16892,11576,5316
18420,54169,3325,0,3325
18421,54170,3863,0,3863
18422,54171,4109,0,4109
18423,54173,4086,2802,1284
18424,54174,3021,0,3021
18425,54175,1113,0,1113
18426,54177,2903,0,2903
18427,54180,3268,0,3268
18428,54201,5281,0,5281
18429,54202,1588,0,1588
18430,54204,1851,0,1851
18431,54205,2116,0,2116
18432,54207,174,0,174
18433,54208,6363,0,6363
18434,54209,1480,29,1451
18435,54210,1050,0,1050
18436,54211,332,0,332
18437,54212,1189,0,1189
18438,54213,1367,0,1367
18439,54214,442,0,442
18440,54215,200,0,200
18441,54216,6164,0,6164
18442,54217,7713,0,7713
18443,54220,40737,35262,5475
18444,54227,1555,0,1555
18445,54228,2739,0,2739
18446,54229,4405,1126,3279
18447,54230,4623,0,4623
18448,54232,714,0,714
18449,54234,2072,0,2072
18450,54235,17829,9400,8429
18451,54241,14258,11296,2962
18452,54245,2184,0,2184
18453,54246,777,0,777
18454,54247,2154,0,2154
18455,54301,22875,22875,0
18456,54302,31327,31327,0
18457,54303,27478,27425,53
18458,54304,27679,27679,0
18459,54307,1062,1062,0
18460,54311,37532,32953,4579
18461,54313,39911,33833,6078
18462,54401,31727,25159,6568
18463,54403,24712,19269,5443
18464,54405,2947,0,2947
18465,54406,3647,0,3647
18466,54407,1559,0,1559
18467,54408,1046,0,1046
18468,54409,12827,8071,4756
18469,54410,2321,0,2321
18470,54411,5025,0,5025
18471,54412,2046,0,2046
18472,54413,213,0,213
18473,54414,3240,0,3240
18474,54416,1655,0,1655
18475,54417,55,0,55
18476,54418,1015,0,1015
18477,54420,1299,0,1299
18478,54421,3651,0,3651
18479,54422,1344,0,1344
18480,54423,2349,0,2349
18481,54424,1574,0,1574
18482,54425,1941,0,1941
18483,54426,4352,0,4352
18484,54427,1128,0,1128
18485,54428,1016,0,1016
18486,54430,157,0,157
18487,54433,1819,0,1819
18488,54435,2125,0,2125
18489,54436,2202,0,2202
18490,54437,3265,0,3265
18491,54440,2992,0,2992
18492,54441,816,699,117
18493,54442,1104,0,1104
18494,54443,2279,0,2279
18495,54446,2990,0,2990
18496,54447,569,0,569
18497,54448,4280,0,4280
18498,54449,26417,18763,7654
18499,54450,357,0,357
18500,54451,11514,4114,7400
18501,54452,18851,9519,9332
18502,54454,1234,0,1234
18503,54455,18897,10675,8222
18504,54456,5904,0,5904
18505,54457,8478,2238,6240
18506,54458,94,0,94
18507,54459,1199,0,1199
18508,54460,2532,0,2532
18509,54462,339,0,339
18510,54463,714,0,714
18511,54464,31,0,31
18512,54465,617,0,617
18513,54466,2710,0,2710
18514,54467,14850,13322,1528
18515,54469,1734,1445,289
18516,54470,2022,0,2022
18517,54471,1856,34,1822
18518,54473,2582,0,2582
18519,54474,4134,3991,143
18520,54475,1498,0,1498
18521,54476,19668,18301,1367
18522,54479,3838,0,3838
18523,54480,1275,0,1275
18524,54481,28100,25892,2208
18525,54482,9108,4971,4137
18526,54484,4968,0,4968
18527,54485,412,0,412
18528,54486,2157,0,2157
18529,54487,9750,0,9750
18530,54488,1192,0,1192
18531,54489,1491,0,1491
18532,54490,891,0,891
18533,54491,1591,0,1591
18534,54493,660,0,660
18535,54494,27420,20700,6720
18536,54495,7638,5167,2471
18537,54498,2440,0,2440
18538,54499,3005,0,3005
18539,54501,20591,9738,10853
18540,54511,1335,0,1335
18541,54512,1007,0,1007
18542,54513,441,0,441
18543,54514,1673,0,1673
18544,54515,479,0,479
18545,54517,166,0,166
18546,54519,1285,0,1285
18547,54520,4063,0,4063
18548,54521,8317,0,8317
18549,54524,596,0,596
18550,54525,276,184,92
18551,54526,840,0,840
18552,54527,957,0,957
18553,54529,1220,0,1220
18554,54530,717,0,717
18555,54531,1479,0,1479
18556,54534,2481,1354,1127
18557,54536,184,0,184
18558,54537,576,0,576
18559,54538,3133,0,3133
18560,54539,1525,0,1525
18561,54540,1048,0,1048
18562,54541,1325,0,1325
18563,54542,539,0,539
18564,54545,852,0,852
18565,54546,1213,0,1213
18566,54547,1639,0,1639
18567,54548,5406,0,5406
18568,54550,674,478,196
18569,54552,4381,0,4381
18570,54554,1042,0,1042
18571,54555,4887,0,4887
18572,54556,1200,0,1200
18573,54557,1210,0,1210
18574,54558,2215,0,2215
18575,54559,759,0,759
18576,54560,648,0,648
18577,54561,101,0,101
18578,54562,2093,0,2093
18579,54563,689,0,689
18580,54564,505,0,505
18581,54565,54,0,54
18582,54566,1429,0,1429
18583,54568,5175,0,5175
18584,54601,51090,44568,6522
18585,54603,14203,14203,0
18586,54610,1521,0,1521
18587,54611,1162,0,1162
18588,54612,5816,0,5816
18589,54613,1768,0,1768
18590,54614,2850,0,2850
18591,54615,11032,4415,6617
18592,54616,2729,0,2729
18593,54618,2247,0,2247
18594,54619,4024,0,4024
18595,54621,1137,0,1137
18596,54622,2133,0,2133
18597,54623,1848,0,1848
18598,54624,1433,0,1433
18599,54625,247,0,247
18600,54626,1273,0,1273
18601,54627,1910,0,1910
18602,54628,1035,0,1035
18603,54629,2574,0,2574
18604,54630,4090,0,4090
18605,54631,1753,0,1753
18606,54632,1198,0,1198
18607,54634,4198,0,4198
18608,54635,1792,0,1792
18609,54636,16338,12256,4082
18610,54637,152,0,152
18611,54638,1627,0,1627
18612,54639,2468,0,2468
18613,54642,2256,0,2256
18614,54643,2,0,2
18615,54644,1471,0,1471
18616,54645,120,0,120
18617,54646,4115,0,4115
18618,54648,1702,0,1702
18619,54650,24523,22252,2271
18620,54651,1393,0,1393
18621,54652,959,0,959
18622,54653,1199,0,1199
18623,54654,169,0,169
18624,54655,1828,0,1828
18625,54656,18411,10185,8226
18626,54657,425,0,425
18627,54658,2490,132,2358
18628,54659,1428,0,1428
18629,54660,16073,9818,6255
18630,54661,3852,0,3852
18631,54664,1634,0,1634
18632,54665,8925,3987,4938
18633,54666,2587,0,2587
18634,54667,4870,0,4870
18635,54669,8094,5557,2537
18636,54670,1897,0,1897
18637,54701,41346,34457,6889
18638,54703,44593,40032,4561
18639,54720,8580,8580,0
18640,54721,1274,0,1274
18641,54722,4312,0,4312
18642,54723,1177,0,1177
18643,54724,7525,0,7525
18644,54725,2964,0,2964
18645,54726,1807,0,1807
18646,54727,5228,0,5228
18647,54728,6166,0,6166
18648,54729,33980,22286,11694
18649,54730,5078,0,5078
18650,54731,781,0,781
18651,54732,2820,0,2820
18652,54733,1226,0,1226
18653,54734,804,0,804
18654,54736,4087,0,4087
18655,54737,455,0,455
18656,54738,3611,0,3611
18657,54739,5287,0,5287
18658,54740,2000,0,2000
18659,54741,1799,0,1799
18660,54742,4848,120,4728
18661,54745,2198,0,2198
18662,54746,670,0,670
18663,54747,2634,0,2634
18664,54748,1169,0,1169
18665,54749,1208,0,1208
18666,54750,1036,0,1036
18667,54751,26738,17022,9716
18668,54754,1750,0,1750
18669,54755,7342,0,7342
18670,54756,886,0,886
18671,54757,3523,0,3523
18672,54758,4759,0,4759
18673,54759,1442,0,1442
18674,54760,239,0,239
18675,54761,1203,0,1203
18676,54762,1422,0,1422
18677,54763,1100,0,1100
18678,54766,1628,0,1628
18679,54767,3295,0,3295
18680,54768,6290,0,6290
18681,54769,571,0,571
18682,54770,2098,0,2098
18683,54771,4421,0,4421
18684,54772,1090,0,1090
18685,54773,3312,0,3312
18686,54801,6661,0,6661
18687,54805,1444,0,1444
18688,54806,11492,7225,4267
18689,54810,2461,0,2461
18690,54812,5845,0,5845
18691,54813,598,0,598
18692,54814,2985,0,2985
18693,54817,2455,0,2455
18694,54819,2430,0,2430
18695,54820,864,0,864
18696,54821,1413,0,1413
18697,54822,4665,0,4665
18698,54824,2271,0,2271
18699,54826,724,0,724
18700,54827,280,0,280
18701,54828,609,0,609
18702,54829,5326,0,5326
18703,54830,3207,0,3207
18704,54832,491,0,491
18705,54835,951,0,951
18706,54836,1105,0,1105
18707,54837,3864,0,3864
18708,54838,1481,0,1481
18709,54839,281,0,281
18710,54840,4702,0,4702
18711,54841,265,0,265
18712,54842,141,0,141
18713,54843,12664,0,12664
18714,54844,337,0,337
18715,54845,132,0,132
18716,54846,538,0,538
18717,54847,2483,0,2483
18718,54848,5784,0,5784
18719,54849,1967,0,1967
18720,54850,428,0,428
18721,54853,3967,0,3967
18722,54854,982,0,982
18723,54855,944,0,944
18724,54856,1545,0,1545
18725,54857,21,0,21
18726,54858,1493,0,1493
18727,54859,1938,0,1938
18728,54861,309,0,309
18729,54862,325,0,325
18730,54864,1467,0,1467
18731,54865,495,0,495
18732,54867,531,0,531
18733,54868,15785,10156,5629
18734,54870,1612,0,1612
18735,54871,3300,0,3300
18736,54872,2665,0,2665
18737,54873,3009,0,3009
18738,54874,3568,63,3505
18739,54875,1097,0,1097
18740,54876,1739,0,1739
18741,54880,30400,27128,3272
18742,54888,1460,0,1460
18743,54889,2800,0,2800
18744,54891,3351,0,3351
18745,54893,4092,0,4092
18746,54895,988,0,988
18747,54896,1683,0,1683
18748,54901,37594,37133,461
18749,54902,22309,20117,2192
18750,54904,21828,17805,4023
18751,54909,2050,0,2050
18752,54911,26964,26964,0
18753,54913,23818,17199,6619
18754,54914,31082,30686,396
18755,54915,43190,43141,49
18756,54921,1273,0,1273
18757,54922,1408,0,1408
18758,54923,8634,5289,3345
18759,54926,56,0,56
18760,54927,502,0,502
18761,54928,425,0,425
18762,54929,8724,4530,4194
18763,54930,1842,0,1842
18764,54931,213,0,213
18765,54932,1152,0,1152
18766,54933,135,0,135
18767,54935,42513,42420,93
18768,54937,21333,12012,9321
18769,54940,4219,0,4219
18770,54941,2543,0,2543
18771,54942,10403,8356,2047
18772,54943,1881,0,1881
18773,54944,9380,0,9380
18774,54945,3503,0,3503
18775,54946,302,302,0
18776,54947,2667,0,2667
18777,54948,263,0,263
18778,54949,3554,0,3554
18779,54950,3086,0,3086
18780,54952,27216,25919,1297
18781,54956,46316,40862,5454
18782,54960,2729,0,2729
18783,54961,14122,7804,6318
18784,54962,1167,0,1167
18785,54963,7454,545,6909
18786,54964,1068,0,1068
18787,54965,1457,0,1457
18788,54966,1973,0,1973
18789,54967,404,0,404
18790,54968,2963,0,2963
18791,54970,3901,0,3901
18792,54971,10938,8059,2879
18793,54974,1620,0,1620
18794,54977,1360,0,1360
18795,54978,36,0,36
18796,54979,1453,0,1453
18797,54980,166,0,166
18798,54981,14998,7991,7007
18799,54982,6987,0,6987
18800,54983,4515,0,4515
18801,54984,3066,0,3066
18802,54985,590,590,0
18803,54986,5138,0,5138
18804,55001,2995,0,2995
18805,55003,4024,4024,0
18806,55005,4927,362,4565
18807,55006,3883,0,3883
18808,55007,2272,0,2272
18809,55008,16514,10128,6386
18810,55009,8252,0,8252
18811,55011,10517,824,9693
18812,55012,1948,709,1239
18813,55013,6985,3214,3771
18814,55014,28603,27583,1020
18815,55016,38427,37183,1244
18816,55017,752,0,752
18817,55018,968,0,968
18818,55019,2168,1620,548
18819,55020,4053,0,4053
18820,55021,30636,24013,6623
18821,55024,35948,33171,2777
18822,55025,25784,17993,7791
18823,55026,399,0,399
18824,55027,3089,0,3089
18825,55029,119,0,119
18826,55030,1323,0,1323
18827,55031,1997,0,1997
18828,55032,3619,0,3619
18829,55033,29701,21635,8066
18830,55036,57,0,57
18831,55037,5057,0,5057
18832,55038,23735,20536,3199
18833,55040,13941,6621,7320
18834,55041,7800,4912,2888
18835,55042,12044,7556,4488
18836,55043,3459,3440,19
18837,55044,60446,55819,4627
18838,55045,7804,5229,2575
18839,55046,6093,0,6093
18840,55047,2491,0,2491
18841,55049,2619,0,2619
18842,55051,9858,0,9858
18843,55052,1995,0,1995
18844,55053,1079,0,1079
18845,55054,2489,0,2489
18846,55055,3797,3797,0
18847,55056,14245,6368,7877
18848,55057,25519,21066,4453
18849,55060,29693,26278,3415
18850,55063,9236,0,9236
18851,55065,1217,0,1217
18852,55066,18732,14857,3875
18853,55068,31593,29538,2055
18854,55069,5630,0,5630
18855,55070,8342,4990,3352
18856,55071,5827,5538,289
18857,55072,4346,0,4346
18858,55073,3532,0,3532
18859,55074,2415,0,2415
18860,55075,20749,20749,0
18861,55076,21624,21481,143
18862,55077,14258,11742,2516
18863,55079,8875,0,8875
18864,55080,2768,0,2768
18865,55082,36441,24634,11807
18866,55084,1777,0,1777
18867,55085,412,0,412
18868,55087,326,0,326
18869,55088,1889,0,1889
18870,55089,1849,0,1849
18871,55090,450,450,0
18872,55092,10801,3889,6912
18873,55101,7788,7788,0
18874,55102,20355,20336,19
18875,55103,13874,13874,0
18876,55104,45612,45612,0
18877,55105,28812,28812,0
18878,55106,60327,60327,0
18879,55107,15383,15383,0
18880,55108,14767,14767,0
18881,55109,35381,35381,0
18882,55110,39205,37725,1480
18883,55111,92,92,0
18884,55112,46728,46728,0
18885,55113,41699,41699,0
18886,55114,5012,5012,0
18887,55115,8880,8519,361
18888,55116,25992,25975,17
18889,55117,44525,44525,0
18890,55118,29106,29106,0
18891,55119,43010,43010,0
18892,55120,4752,4752,0
18893,55121,9468,9468,0
18894,55122,32204,32204,0
18895,55123,27153,26541,612
18896,55124,56353,56353,0
18897,55125,43846,43846,0
18898,55126,27390,27273,117
18899,55127,18071,18071,0
18900,55128,29217,29217,0
18901,55129,31236,31106,130
18902,55130,18581,18581,0
18903,55150,173,166,7
18904,55155,12,12,0
18905,55301,12791,12651,140
18906,55302,7274,0,7274
18907,55303,51480,42017,9463
18908,55304,49128,33675,15453
18909,55305,21533,21533,0
18910,55306,16984,16984,0
18911,55307,3126,0,3126
18912,55308,9691,0,9691
18913,55309,20387,12485,7902
18914,55310,1449,0,1449
18915,55311,37390,37308,82
18916,55312,1527,0,1527
18917,55313,24406,16439,7967
18918,55314,1192,0,1192
18919,55315,6353,4780,1573
18920,55316,23919,23919,0
18921,55317,21774,21253,521
18922,55318,29729,27936,1793
18923,55319,5415,0,5415
18924,55320,5072,12,5060
18925,55321,5597,0,5597
18926,55322,3637,0,3637
18927,55324,1228,0,1228
18928,55325,4792,0,4792
18929,55327,4935,3341,1594
18930,55328,9729,6178,3551
18931,55329,2035,0,2035
18932,55330,43626,33308,10318
18933,55331,19568,18950,618
18934,55332,1838,0,1838
18935,55333,776,0,776
18936,55334,2885,0,2885
18937,55335,1625,0,1625
18938,55336,8145,5738,2407
18939,55337,47333,47333,0
18940,55338,1128,0,1128
18941,55339,1004,0,1004
18942,55340,8988,5632,3356
18943,55341,3484,3002,482
18944,55342,1788,0,1788
18945,55343,26307,26307,0
18946,55344,15837,15837,0
18947,55345,22051,22051,0
18948,55346,17139,17139,0
18949,55347,31222,31149,73
18950,55349,3945,0,3945
18951,55350,18669,14670,3999
18952,55352,10020,6821,3199
18953,55353,3247,0,3247
18954,55354,2868,0,2868
18955,55355,9592,6569,3023
18956,55356,5790,4465,1325
18957,55357,3370,0,3370
18958,55358,5361,0,5361
18959,55359,6375,0,6375
18960,55360,3387,0,3387
18961,55362,20476,15143,5333
18962,55363,5290,3884,1406
18963,55364,15210,13215,1995
18964,55366,373,0,373
18965,55367,992,0,992
18966,55368,2305,0,2305
18967,55369,38379,37432,947
18968,55370,762,0,762
18969,55371,17132,4956,12176
18970,55372,34327,28410,5917
18971,55373,5728,0,5728
18972,55374,15851,12516,3335
18973,55375,4778,0,4778
18974,55376,17989,14784,3205
18975,55378,31906,31854,52
18976,55379,48254,44639,3615
18977,55381,2020,0,2020
18978,55382,3787,0,3787
18979,55384,1734,1734,0
18980,55385,1169,0,1169
18981,55386,9396,9334,62
18982,55387,14552,13081,1471
18983,55388,5984,0,5984
18984,55389,2615,0,2615
18985,55390,3186,1655,1531
18986,55391,15782,14774,1008
18987,55395,2849,0,2849
18988,55396,2093,0,2093
18989,55397,2871,0,2871
18990,55398,17022,6360,10662
18991,55401,12029,12029,0
18992,55402,682,682,0
18993,55403,17707,17707,0
18994,55404,29322,29322,0
18995,55405,15497,15497,0
18996,55406,34588,34588,0
18997,55407,38506,38506,0
18998,55408,33718,33718,0
18999,55409,11843,11843,0
19000,55410,21352,21352,0
19001,55411,31214,31214,0
19002,55412,23800,23800,0
19003,55413,13914,13914,0
19004,55414,36600,36600,0
19005,55415,5435,5435,0
19006,55416,34129,34129,0
19007,55417,26259,26259,0
19008,55418,31887,31887,0
19009,55419,27919,27919,0
19010,55420,23128,23128,0
19011,55421,30580,30580,0
19012,55422,29290,29290,0
19013,55423,37137,37137,0
19014,55424,10175,10175,0
19015,55425,10281,10281,0
19016,55426,26716,26716,0
19017,55427,24353,24353,0
19018,55428,31896,31896,0
19019,55429,28755,28755,0
19020,55430,24058,24058,0
19021,55431,19767,19514,253
19022,55432,33022,33022,0
19023,55433,34618,34618,0
19024,55434,31776,31776,0
19025,55435,14170,14170,0
19026,55436,14395,14395,0
19027,55437,19686,19686,0
19028,55438,17079,16940,139
19029,55439,9309,9309,0
19030,55441,18415,18415,0
19031,55442,12866,12866,0
19032,55443,36771,36771,0
19033,55444,17214,17214,0
19034,55445,13865,13865,0
19035,55446,28725,28725,0
19036,55447,21357,21357,0
19037,55448,28970,28970,0
19038,55449,33321,32956,365
19039,55450,27,27,0
19040,55454,8279,8279,0
19041,55455,4912,4912,0
19042,55601,176,0,176
19043,55602,223,0,223
19044,55603,510,0,510
19045,55604,3661,0,3661
19046,55605,579,0,579
19047,55606,295,0,295
19048,55607,137,0,137
19049,55609,269,0,269
19050,55612,604,0,604
19051,55613,179,0,179
19052,55614,2476,0,2476
19053,55615,282,0,282
19054,55616,7024,0,7024
19055,55702,410,0,410
19056,55703,744,0,744
19057,55704,1072,0,1072
19058,55705,3226,0,3226
19059,55706,1738,0,1738
19060,55707,3386,0,3386
19061,55708,917,0,917
19062,55709,4199,0,4199
19063,55710,1327,0,1327
19064,55711,707,0,707
19065,55712,512,0,512
19066,55713,979,0,979
19067,55716,334,0,334
19068,55717,295,0,295
19069,55718,3245,632,2613
19070,55719,5668,4586,1082
19071,55720,17236,11189,6047
19072,55721,3667,434,3233
19073,55722,1169,0,1169
19074,55723,2222,0,2222
19075,55724,824,0,824
19076,55725,108,0,108
19077,55726,999,0,999
19078,55731,5494,0,5494
19079,55732,1358,0,1358
19080,55733,5104,1392,3712
19081,55734,5964,2827,3137
19082,55735,1699,0,1699
19083,55736,1454,0,1454
19084,55738,483,0,483
19085,55741,3110,0,3110
19086,55742,312,0,312
19087,55744,20096,9914,10182
19088,55746,17071,12035,5036
19089,55748,1394,0,1394
19090,55749,452,0,452
19091,55750,2035,0,2035
19092,55751,1474,0,1474
19093,55752,401,0,401
19094,55753,970,0,970
19095,55756,430,0,430
19096,55757,834,0,834
19097,55758,156,0,156
19098,55760,2890,0,2890
19099,55763,570,0,570
19100,55764,504,0,504
19101,55765,780,0,780
19102,55767,4495,0,4495
19103,55768,2878,1329,1549
19104,55769,2235,0,2235
19105,55771,1485,0,1485
19106,55772,73,0,73
19107,55775,1242,0,1242
19108,55779,3974,0,3974
19109,55780,259,0,259
19110,55781,728,0,728
19111,55782,389,0,389
19112,55783,2484,0,2484
19113,55784,99,0,99
19114,55785,282,0,282
19115,55786,302,0,302
19116,55787,454,0,454
19117,55790,1876,0,1876
19118,55792,9827,8568,1259
19119,55793,606,0,606
19120,55795,1624,0,1624
19121,55796,195,0,195
19122,55797,1525,0,1525
19123,55798,664,0,664
19124,55802,2544,2544,0
19125,55803,17796,8579,9217
19126,55804,15471,10695,4776
19127,55805,9731,9731,0
19128,55806,9761,9761,0
19129,55807,9674,9596,78
19130,55808,5943,5129,814
19131,55810,8700,4717,3983
19132,55811,27761,20436,7325
19133,55812,10571,10571,0
19134,55814,461,461,0
19135,55901,58046,55204,2842
19136,55902,25878,23639,2239
19137,55903,13,13,0
19138,55904,29813,25815,3998
19139,55905,0,0,0
19140,55906,19559,16916,2643
19141,55909,1325,0,1325
19142,55910,1361,0,1361
19143,55912,29718,25479,4239
19144,55917,3609,0,3609
19145,55918,955,0,955
19146,55919,1003,0,1003
19147,55920,8512,6341,2171
19148,55921,4808,0,4808
19149,55922,773,0,773
19150,55923,4705,0,4705
19151,55924,1217,0,1217
19152,55925,1040,0,1040
19153,55926,739,0,739
19154,55927,4154,0,4154
19155,55929,1247,0,1247
19156,55931,367,0,367
19157,55932,1934,0,1934
19158,55933,247,0,247
19159,55934,3332,0,3332
19160,55935,872,0,872
19161,55936,1900,0,1900
19162,55939,2155,0,2155
19163,55940,2720,0,2720
19164,55941,1021,0,1021
19165,55943,3037,0,3037
19166,55944,7937,6843,1094
19167,55945,1415,0,1415
19168,55946,3288,0,3288
19169,55947,7461,5461,2000
19170,55949,1864,0,1864
19171,55950,104,0,104
19172,55951,1535,0,1535
19173,55952,2354,0,2354
19174,55953,888,0,888
19175,55954,1480,0,1480
19176,55955,2718,806,1912
19177,55956,1962,0,1962
19178,55957,683,0,683
19179,55959,2230,1648,582
19180,55960,3805,0,3805
19181,55961,378,0,378
19182,55962,751,0,751
19183,55963,5667,0,5667
19184,55964,4520,0,4520
19185,55965,2345,0,2345
19186,55967,941,0,941
19187,55968,124,0,124
19188,55969,1185,0,1185
19189,55970,933,0,933
19190,55971,3112,0,3112
19191,55972,5265,0,5265
19192,55973,282,0,282
19193,55974,2058,0,2058
19194,55975,4368,0,4368
19195,55976,8338,6635,1703
19196,55977,193,0,193
19197,55979,1067,0,1067
19198,55981,3998,0,3998
19199,55982,441,0,441
19200,55983,1535,0,1535
19201,55985,1807,0,1807
19202,55987,34010,27985,6025
19203,55990,931,0,931
19204,55991,1292,0,1292
19205,55992,5161,0,5161
19206,56001,50729,45903,4826
19207,56003,15221,14303,918
19208,56007,21434,17992,3442
19209,56009,1514,0,1514
19210,56010,1046,0,1046
19211,56011,9538,7061,2477
19212,56013,4298,0,4298
19213,56014,755,0,755
19214,56016,1020,0,1020
19215,56017,1712,0,1712
19216,56019,867,0,867
19217,56020,99,0,99
19218,56021,1115,0,1115
19219,56022,75,0,75
19220,56023,461,0,461
19221,56024,3580,0,3580
19222,56025,523,0,523
19223,56026,1899,0,1899
19224,56027,786,0,786
19225,56028,1271,0,1271
19226,56029,664,0,664
19227,56030,31,0,31
19228,56031,12117,8387,3730
19229,56032,318,0,318
19230,56033,336,0,336
19231,56034,609,0,609
19232,56035,515,0,515
19233,56036,1774,0,1774
19234,56037,1589,0,1589
19235,56039,990,0,990
19236,56041,1075,0,1075
19237,56042,669,0,669
19238,56043,449,0,449
19239,56044,2135,0,2135
19240,56045,865,0,865
19241,56046,92,0,92
19242,56048,4150,0,4150
19243,56050,1531,580,951
19244,56051,640,0,640
19245,56052,746,0,746
19246,56054,888,0,888
19247,56055,3916,0,3916
19248,56056,84,0,84
19249,56057,3949,0,3949
19250,56058,6066,0,6066
19251,56060,431,0,431
19252,56062,3239,0,3239
19253,56063,2945,0,2945
19254,56065,2698,0,2698
19255,56068,1031,0,1031
19256,56069,4837,0,4837
19257,56071,12913,8156,4757
19258,56072,2401,0,2401
19259,56073,17275,13435,3840
19260,56074,1965,0,1965
19261,56075,161,0,161
19262,56078,454,0,454
19263,56080,727,0,727
19264,56081,6139,0,6139
19265,56082,14507,11565,2942
19266,56083,797,0,797
19267,56085,5087,0,5087
19268,56087,3026,0,3026
19269,56088,1881,0,1881
19270,56089,174,0,174
19271,56090,603,0,603
19272,56091,343,0,343
19273,56093,12469,9211,3258
19274,56096,2909,0,2909
19275,56097,3613,0,3613
19276,56098,2073,0,2073
19277,56101,6008,0,6008
19278,56110,1803,0,1803
19279,56111,399,0,399
19280,56113,261,0,261
19281,56114,332,0,332
19282,56115,1288,0,1288
19283,56116,592,0,592
19284,56117,348,0,348
19285,56118,416,0,416
19286,56119,1001,0,1001
19287,56120,1088,0,1088
19288,56121,568,0,568
19289,56122,551,0,551
19290,56123,504,0,504
19291,56125,58,0,58
19292,56127,346,0,346
19293,56128,2076,0,2076
19294,56129,754,0,754
19295,56131,2248,0,2248
19296,56132,455,0,455
19297,56134,411,0,411
19298,56136,1222,0,1222
19299,56137,1051,0,1051
19300,56138,919,0,919
19301,56139,408,0,408
19302,56140,61,0,61
19303,56141,351,0,351
19304,56142,950,0,950
19305,56143,4545,0,4545
19306,56144,1223,0,1223
19307,56145,562,0,562
19308,56146,51,0,51
19309,56147,187,0,187
19310,56149,1261,0,1261
19311,56150,2715,0,2715
19312,56151,745,0,745
19313,56152,1402,0,1402
19314,56153,213,0,213
19315,56155,397,0,397
19316,56156,6270,4808,1462
19317,56157,729,0,729
19318,56158,407,0,407
19319,56159,2777,0,2777
19320,56160,196,0,196
19321,56161,369,0,369
19322,56162,221,0,221
19323,56164,5678,0,5678
19324,56165,328,0,328
19325,56166,233,0,233
19326,56167,619,0,619
19327,56168,876,0,876
19328,56169,726,0,726
19329,56170,549,0,549
19330,56171,1676,0,1676
19331,56172,2954,0,2954
19332,56173,368,0,368
19333,56174,391,0,391
19334,56175,2915,0,2915
19335,56176,1092,0,1092
19336,56178,1651,0,1651
19337,56180,1225,0,1225
19338,56181,1144,0,1144
19339,56183,1197,0,1197
19340,56185,551,0,551
19341,56186,381,0,381
19342,56187,15312,13800,1512
19343,56201,24575,21586,2989
19344,56207,235,0,235
19345,56208,2029,0,2029
19346,56209,2333,0,2333
19347,56210,16,0,16
19348,56211,505,0,505
19349,56212,446,0,446
19350,56214,592,0,592
19351,56215,4765,0,4765
19352,56216,628,0,628
19353,56218,551,0,551
19354,56219,1052,0,1052
19355,56220,2851,0,2851
19356,56221,752,0,752
19357,56222,2099,0,2099
19358,56223,1328,0,1328
19359,56224,387,0,387
19360,56225,805,0,805
19361,56226,222,0,222
19362,56227,178,0,178
19363,56228,847,0,847
19364,56229,1754,0,1754
19365,56230,794,0,794
19366,56231,361,0,361
19367,56232,2328,0,2328
19368,56235,505,0,505
19369,56236,299,0,299
19370,56237,562,0,562
19371,56239,553,0,553
19372,56240,954,0,954
19373,56241,3903,0,3903
19374,56243,1690,0,1690
19375,56244,1737,0,1737
19376,56245,455,0,455
19377,56248,684,0,684
19378,56249,255,0,255
19379,56251,1063,0,1063
19380,56252,1313,0,1313
19381,56253,932,0,932
19382,56255,414,0,414
19383,56256,2433,0,2433
19384,56257,421,0,421
19385,56258,15480,13508,1972
19386,56260,868,0,868
19387,56262,775,0,775
19388,56263,512,0,512
19389,56264,2113,0,2113
19390,56265,7634,5391,2243
19391,56266,1510,0,1510
19392,56267,6647,5030,1617
19393,56270,1197,0,1197
19394,56271,1292,0,1292
19395,56273,4969,1133,3836
19396,56274,159,0,159
19397,56276,241,0,241
19398,56277,2950,0,2950
19399,56278,2733,0,2733
19400,56279,1233,0,1233
19401,56280,441,0,441
19402,56281,649,0,649
19403,56282,1597,0,1597
19404,56283,6412,4608,1804
19405,56284,2054,0,2054
19406,56285,1049,0,1049
19407,56287,70,0,70
19408,56288,4623,2225,2398
19409,56289,686,0,686
19410,56291,452,0,452
19411,56292,542,0,542
19412,56293,1257,0,1257
19413,56294,72,0,72
19414,56295,290,0,290
19415,56296,1978,0,1978
19416,56297,808,0,808
19417,56301,33786,29184,4602
19418,56303,27305,27305,0
19419,56304,17020,13239,3781
19420,56307,5399,0,5399
19421,56308,26391,18835,7556
19422,56309,1326,0,1326
19423,56310,5225,0,5225
19424,56311,695,0,695
19425,56312,2293,0,2293
19426,56313,78,0,78
19427,56314,1281,0,1281
19428,56315,1726,0,1726
19429,56316,1438,0,1438
19430,56318,1158,0,1158
19431,56319,1300,122,1178
19432,56320,7985,4590,3395
19433,56321,1572,0,1572
19434,56323,543,0,543
19435,56324,1000,0,1000
19436,56325,213,0,213
19437,56326,1577,0,1577
19438,56327,784,0,784
19439,56328,150,0,150
19440,56329,7615,0,7615
19441,56330,1763,0,1763
19442,56331,1949,0,1949
19443,56332,1523,0,1523
19444,56334,5830,2818,3012
19445,56335,197,0,197
19446,56336,1483,0,1483
19447,56338,1764,0,1764
19448,56339,1136,0,1136
19449,56340,2394,0,2394
19450,56342,2791,0,2791
19451,56343,910,0,910
19452,56345,15058,9411,5647
19453,56347,7449,0,7449
19454,56349,779,0,779
19455,56350,486,0,486
19456,56352,5775,0,5775
19457,56353,9314,0,9314
19458,56354,1455,0,1455
19459,56355,641,0,641
19460,56356,305,0,305
19461,56357,1053,0,1053
19462,56358,3090,0,3090
19463,56359,3585,0,3585
19464,56360,4093,0,4093
19465,56361,2425,0,2425
19466,56362,5825,0,5825
19467,56363,254,0,254
19468,56364,5562,0,5562
19469,56367,7164,0,7164
19470,56368,4372,0,4372
19471,56369,545,509,36
19472,56371,125,0,125
19473,56373,3233,0,3233
19474,56374,9943,7281,2662
19475,56375,800,0,800
19476,56376,303,0,303
19477,56377,21013,19401,1612
19478,56378,8174,4849,3325
19479,56379,17467,13990,3477
19480,56381,2511,1384,1127
19481,56382,1446,0,1446
19482,56384,353,0,353
19483,56385,918,0,918
19484,56386,654,0,654
19485,56387,7715,7226,489
19486,56389,92,0,92
19487,56401,30632,14297,16335
19488,56425,8584,6390,2194
19489,56431,8763,0,8763
19490,56433,1800,0,1800
19491,56434,219,0,219
19492,56435,2595,0,2595
19493,56437,1474,0,1474
19494,56438,2877,0,2877
19495,56440,1343,0,1343
19496,56441,3439,0,3439
19497,56442,2720,0,2720
19498,56443,1395,0,1395
19499,56444,3044,0,3044
19500,56446,1661,0,1661
19501,56447,1008,0,1008
19502,56448,441,0,441
19503,56449,1897,0,1897
19504,56450,1129,0,1129
19505,56452,1919,0,1919
19506,56453,837,0,837
19507,56455,1692,0,1692
19508,56458,360,0,360
19509,56461,3416,0,3416
19510,56464,4864,0,4864
19511,56465,2221,0,2221
19512,56466,3157,0,3157
19513,56467,2609,0,2609
19514,56468,4525,0,4525
19515,56469,1055,0,1055
19516,56470,10668,0,10668
19517,56472,8315,0,8315
19518,56473,3763,0,3763
19519,56474,4419,0,4419
19520,56475,1611,0,1611
19521,56477,2771,0,2771
19522,56479,5387,0,5387
19523,56481,1972,0,1972
19524,56482,6925,4110,2815
19525,56484,3517,0,3517
19526,56501,17784,10234,7550
19527,56510,2327,0,2327
19528,56511,2192,0,2192
19529,56514,3963,0,3963
19530,56515,2967,0,2967
19531,56516,255,0,255
19532,56517,273,0,273
19533,56518,377,0,377
19534,56519,283,0,283
19535,56520,3952,3386,566
19536,56521,763,0,763
19537,56522,515,0,515
19538,56523,475,0,475
19539,56524,681,0,681
19540,56525,100,0,100
19541,56527,916,0,916
19542,56528,1669,0,1669
19543,56529,4613,4514,99
19544,56531,2065,0,2065
19545,56533,312,0,312
19546,56534,1189,0,1189
19547,56535,1240,0,1240
19548,56536,474,0,474
19549,56537,19230,13116,6114
19550,56540,1919,0,1919
19551,56541,31,0,31
19552,56542,2718,0,2718
19553,56543,277,0,277
19554,56544,5361,0,5361
19555,56545,647,0,647
19556,56546,257,0,257
19557,56547,2597,0,2597
19558,56548,737,0,737
19559,56549,5075,0,5075
19560,56550,396,0,396
19561,56551,2256,0,2256
19562,56552,427,0,427
19563,56553,252,0,252
19564,56554,3098,0,3098
19565,56556,1176,0,1176
19566,56557,2826,0,2826
19567,56560,44205,42366,1839
19568,56562,461,461,0
19569,56563,1130,1130,0
19570,56565,103,0,103
19571,56566,607,0,607
19572,56567,3511,0,3511
19573,56568,118,0,118
19574,56569,1279,0,1279
19575,56570,1177,0,1177
19576,56571,1968,0,1968
19577,56572,5747,0,5747
19578,56573,7066,0,7066
19579,56574,261,0,261
19580,56575,773,0,773
19581,56576,818,0,818
19582,56578,801,0,801
19583,56579,1160,0,1160
19584,56580,1249,0,1249
19585,56581,247,0,247
19586,56583,146,0,146
19587,56584,1348,0,1348
19588,56585,1000,0,1000
19589,56586,1963,0,1963
19590,56587,1454,0,1454
19591,56588,522,0,522
19592,56589,1850,0,1850
19593,56590,403,0,403
19594,56591,417,0,417
19595,56592,504,0,504
19596,56594,406,0,406
19597,56601,34647,14849,19798
19598,56621,4407,0,4407
19599,56623,2640,0,2640
19600,56626,368,0,368
19601,56627,253,0,253
19602,56628,1725,0,1725
19603,56629,165,0,165
19604,56630,2370,0,2370
19605,56633,4751,0,4751
19606,56634,1545,0,1545
19607,56636,5055,0,5055
19608,56637,182,0,182
19609,56639,423,0,423
19610,56641,340,0,340
19611,56644,854,0,854
19612,56646,320,0,320
19613,56647,744,0,744
19614,56649,8923,6393,2530
19615,56650,771,0,771
19616,56651,638,0,638
19617,56652,509,0,509
19618,56653,1207,0,1207
19619,56654,137,0,137
19620,56655,1502,0,1502
19621,56657,324,0,324
19622,56658,4,0,4
19623,56659,95,0,95
19624,56660,291,0,291
19625,56661,880,0,880
19626,56662,504,0,504
19627,56663,232,0,232
19628,56666,886,0,886
19629,56667,694,0,694
19630,56668,182,182,0
19631,56669,363,0,363
19632,56670,1372,0,1372
19633,56671,3153,0,3153
19634,56672,1972,0,1972
19635,56673,689,0,689
19636,56676,1773,0,1773
19637,56678,1307,0,1307
19638,56680,108,0,108
19639,56681,271,0,271
19640,56683,716,0,716
19641,56684,384,0,384
19642,56685,91,0,91
19643,56686,859,0,859
19644,56688,131,0,131
19645,56701,12798,8892,3906
19646,56710,511,0,511
19647,56711,149,0,149
19648,56713,904,0,904
19649,56714,1191,0,1191
19650,56715,363,0,363
19651,56716,8965,7618,1347
19652,56720,23,0,23
19653,56721,10602,9059,1543
19654,56722,314,0,314
19655,56723,980,0,980
19656,56724,170,0,170
19657,56725,986,0,986
19658,56726,1471,0,1471
19659,56727,684,0,684
19660,56728,1231,0,1231
19661,56729,155,0,155
19662,56731,73,0,73
19663,56732,1097,0,1097
19664,56733,371,0,371
19665,56734,374,0,374
19666,56735,831,0,831
19667,56736,859,0,859
19668,56737,809,0,809
19669,56738,1306,0,1306
19670,56742,834,0,834
19671,56744,526,0,526
19672,56748,592,0,592
19673,56750,2392,0,2392
19674,56751,5648,0,5648
19675,56754,500,0,500
19676,56755,91,0,91
19677,56756,769,0,769
19678,56757,853,0,853
19679,56758,380,0,380
19680,56759,351,0,351
19681,56760,406,0,406
19682,56761,406,0,406
19683,56762,2561,0,2561
19684,56763,5132,0,5132
19685,57001,1504,0,1504
19686,57002,1393,0,1393
19687,57003,2109,0,2109
19688,57004,3459,0,3459
19689,57005,12619,10959,1660
19690,57006,24271,22070,2201
19691,57007,1604,1604,0
19692,57010,599,0,599
19693,57012,1217,0,1217
19694,57013,4482,0,4482
19695,57014,1558,0,1558
19696,57015,883,0,883
19697,57016,689,0,689
19698,57017,1294,0,1294
19699,57018,1482,0,1482
19700,57020,1679,0,1679
19701,57021,226,0,226
19702,57022,5432,0,5432
19703,57024,383,0,383
19704,57025,2940,0,2940
19705,57026,1436,0,1436
19706,57027,134,0,134
19707,57028,3348,0,3348
19708,57029,2142,0,2142
19709,57030,3042,0,3042
19710,57031,621,0,621
19711,57032,8810,6663,2147
19712,57033,5654,0,5654
19713,57034,733,0,733
19714,57035,1218,0,1218
19715,57036,816,0,816
19716,57037,885,0,885
19717,57038,1774,0,1774
19718,57039,3717,0,3717
19719,57040,351,0,351
19720,57041,94,0,94
19721,57042,8131,6169,1962
19722,57043,1399,0,1399
19723,57045,1042,0,1042
19724,57046,617,0,617
19725,57047,245,0,245
19726,57048,1025,0,1025
19727,57049,7725,7076,649
19728,57050,206,0,206
19729,57051,248,0,248
19730,57052,419,0,419
19731,57053,2110,0,2110
19732,57054,430,0,430
19733,57055,1157,0,1157
19734,57057,182,0,182
19735,57058,2011,0,2011
19736,57059,1569,0,1569
19737,57061,99,0,99
19738,57062,2344,0,2344
19739,57063,1059,0,1059
19740,57064,6908,5595,1313
19741,57065,375,0,375
19742,57066,1428,0,1428
19743,57067,478,0,478
19744,57068,1707,0,1707
19745,57069,13005,11659,1346
19746,57070,1380,0,1380
19747,57071,3134,0,3134
19748,57072,676,0,676
19749,57073,610,0,610
19750,57075,1168,0,1168
19751,57076,317,0,317
19752,57077,1371,0,1371
19753,57078,20104,16022,4082
19754,57103,36069,36048,21
19755,57104,26998,26235,763
19756,57105,22635,22635,0
19757,57106,47877,47101,776
19758,57107,11915,10549,1366
19759,57108,31953,30539,1414
19760,57110,22013,21037,976
19761,57117,37,37,0
19762,57197,102,102,0
19763,57201,26091,20643,5448
19764,57212,1999,0,1999
19765,57213,281,0,281
19766,57214,140,0,140
19767,57216,1037,0,1037
19768,57217,225,0,225
19769,57218,303,0,303
19770,57219,502,0,502
19771,57220,766,0,766
19772,57221,886,0,886
19773,57223,1437,0,1437
19774,57224,147,0,147
19775,57225,1736,0,1736
19776,57226,2021,0,2021
19777,57227,421,0,421
19778,57231,1674,0,1674
19779,57232,327,0,327
19780,57233,131,0,131
19781,57234,1256,0,1256
19782,57235,830,0,830
19783,57236,215,0,215
19784,57237,650,0,650
19785,57238,498,0,498
19786,57239,256,0,256
19787,57241,1056,0,1056
19788,57242,413,0,413
19789,57243,589,0,589
19790,57245,134,0,134
19791,57246,138,0,138
19792,57247,401,0,401
19793,57248,1205,0,1205
19794,57249,999,0,999
19795,57251,198,0,198
19796,57252,5020,0,5020
19797,57255,488,0,488
19798,57256,166,0,166
19799,57257,776,0,776
19800,57258,387,0,387
19801,57259,453,0,453
19802,57260,933,0,933
19803,57261,339,0,339
19804,57262,5326,0,5326
19805,57263,434,0,434
19806,57264,219,0,219
19807,57265,212,0,212
19808,57266,599,0,599
19809,57268,466,0,466
19810,57269,387,0,387
19811,57270,619,0,619
19812,57271,188,0,188
19813,57272,205,0,205
19814,57273,1256,0,1256
19815,57274,2686,0,2686
19816,57276,1390,0,1390
19817,57278,837,0,837
19818,57279,999,0,999
19819,57301,18759,15690,3069
19820,57311,1522,0,1522
19821,57312,485,0,485
19822,57313,1165,0,1165
19823,57314,737,0,737
19824,57315,1012,0,1012
19825,57317,492,0,492
19826,57319,1037,0,1037
19827,57321,384,0,384
19828,57322,308,0,308
19829,57323,224,0,224
19830,57324,382,0,382
19831,57325,3279,0,3279
19832,57328,1083,0,1083
19833,57329,233,0,233
19834,57330,479,0,479
19835,57331,452,0,452
19836,57332,890,0,890
19837,57334,986,0,986
19838,57335,251,0,251
19839,57337,114,0,114
19840,57339,1413,0,1413
19841,57340,335,0,335
19842,57341,137,0,137
19843,57342,490,0,490
19844,57344,165,0,165
19845,57345,1083,0,1083
19846,57346,68,0,68
19847,57348,535,0,535
19848,57349,1529,0,1529
19849,57350,16174,14294,1880
19850,57353,956,0,956
19851,57354,34,0,34
19852,57355,1258,0,1258
19853,57356,2074,0,2074
19854,57358,49,0,49
19855,57359,597,0,597
19856,57361,619,0,619
19857,57362,2039,0,2039
19858,57363,984,0,984
19859,57364,82,0,82
19860,57365,456,0,456
19861,57366,2318,0,2318
19862,57367,234,0,234
19863,57368,1270,0,1270
19864,57369,2685,0,2685
19865,57370,797,0,797
19866,57371,237,0,237
19867,57373,353,0,353
19868,57374,333,0,333
19869,57375,675,0,675
19870,57376,920,0,920
19871,57379,115,0,115
19872,57380,3062,0,3062
19873,57381,538,0,538
19874,57382,1222,0,1222
19875,57383,729,0,729
19876,57384,843,0,843
19877,57385,1182,0,1182
19878,57386,223,0,223
19879,57401,32275,27982,4293
19880,57420,111,0,111
19881,57421,63,0,63
19882,57422,249,0,249
19883,57424,259,0,259
19884,57426,37,0,37
19885,57427,610,0,610
19886,57428,662,0,662
19887,57429,104,0,104
19888,57430,2123,0,2123
19889,57432,443,0,443
19890,57433,429,0,429
19891,57434,443,0,443
19892,57435,220,0,220
19893,57436,538,0,538
19894,57437,1206,0,1206
19895,57438,1417,0,1417
19896,57439,42,0,42
19897,57440,731,0,731
19898,57441,509,0,509
19899,57442,1971,0,1971
19900,57445,1951,0,1951
19901,57446,369,0,369
19902,57448,306,0,306
19903,57449,148,0,148
19904,57450,605,0,605
19905,57451,2381,0,2381
19906,57452,285,0,285
19907,57454,551,0,551
19908,57455,80,0,80
19909,57456,788,0,788
19910,57457,74,0,74
19911,57460,376,0,376
19912,57461,333,0,333
19913,57465,310,0,310
19914,57466,131,0,131
19915,57467,249,0,249
19916,57468,231,0,231
19917,57469,3096,0,3096
19918,57470,153,0,153
19919,57471,583,0,583
19920,57472,914,0,914
19921,57473,114,0,114
19922,57474,259,0,259
19923,57475,127,0,127
19924,57476,455,0,455
19925,57477,115,0,115
19926,57479,658,0,658
19927,57481,536,0,536
19928,57501,17083,12670,4413
19929,57520,142,0,142
19930,57521,240,0,240
19931,57522,512,0,512
19932,57523,1002,0,1002
19933,57528,750,0,750
19934,57529,472,0,472
19935,57531,161,0,161
19936,57532,2832,2085,747
19937,57533,1773,0,1773
19938,57534,188,0,188
19939,57536,510,0,510
19940,57537,99,0,99
19941,57538,215,0,215
19942,57540,90,0,90
19943,57541,203,0,203
19944,57543,758,0,758
19945,57544,400,0,400
19946,57547,152,0,152
19947,57548,1549,0,1549
19948,57551,2232,0,2232
19949,57552,533,0,533
19950,57553,136,0,136
19951,57555,3980,0,3980
19952,57559,651,0,651
19953,57560,383,0,383
19954,57562,77,0,77
19955,57563,158,0,158
19956,57564,963,0,963
19957,57566,1030,0,1030
19958,57567,1376,0,1376
19959,57568,677,0,677
19960,57569,364,0,364
19961,57570,1933,0,1933
19962,57571,43,0,43
19963,57572,1239,0,1239
19964,57574,119,0,119
19965,57576,171,0,171
19966,57577,1091,0,1091
19967,57579,1191,0,1191
19968,57580,4356,0,4356
19969,57584,84,0,84
19970,57585,214,0,214
19971,57601,3824,0,3824
19972,57620,445,0,445
19973,57621,308,0,308
19974,57622,342,0,342
19975,57623,882,0,882
19976,57625,4029,0,4029
19977,57626,948,0,948
19978,57630,46,0,46
19979,57631,362,0,362
19980,57632,608,0,608
19981,57633,404,0,404
19982,57634,95,0,95
19983,57636,118,0,118
19984,57638,1901,0,1901
19985,57639,398,0,398
19986,57640,112,0,112
19987,57641,246,0,246
19988,57642,1884,0,1884
19989,57644,275,0,275
19990,57645,171,0,171
19991,57646,207,0,207
19992,57648,414,0,414
19993,57649,224,0,224
19994,57650,21,0,21
19995,57651,181,0,181
19996,57652,293,0,293
19997,57656,766,0,766
19998,57657,138,0,138
19999,57658,454,0,454
20000,57659,12,0,12
20001,57660,78,0,78
20002,57661,124,0,124
20003,57701,46258,44375,1883
20004,57702,33162,24298,8864
20005,57703,16933,14095,2838
20006,57706,2168,2165,3
20007,57714,749,0,749
20008,57716,569,0,569
20009,57717,8242,5089,3153
20010,57718,7536,6629,907
20011,57719,11326,9221,2105
20012,57720,752,0,752
20013,57722,414,0,414
20014,57724,166,0,166
20015,57725,137,0,137
20016,57730,5219,0,5219
20017,57732,1965,1217,748
20018,57735,1345,0,1345
20019,57737,47,0,47
20020,57738,183,0,183
20021,57741,109,109,0
20022,57744,2475,0,2475
20023,57745,2078,0,2078
20024,57747,5695,0,5695
20025,57748,318,0,318
20026,57750,405,0,405
20027,57751,717,0,717
20028,57752,2324,0,2324
20029,57754,3579,2905,674
20030,57755,143,0,143
20031,57756,939,0,939
20032,57758,190,0,190
20033,57759,401,0,401
20034,57760,1248,0,1248
20035,57761,1183,0,1183
20036,57762,510,0,510
20037,57763,263,0,263
20038,57764,1756,0,1756
20039,57766,259,0,259
20040,57767,153,0,153
20041,57769,4458,1607,2851
20042,57770,5410,0,5410
20043,57772,2104,0,2104
20044,57773,125,0,125
20045,57775,236,0,236
20046,57776,2,0,2
20047,57779,364,0,364
20048,57780,140,0,140
20049,57782,69,0,69
20050,57783,16165,12531,3634
20051,57785,9895,6967,2928
20052,57787,336,0,336
20053,57788,534,0,534
20054,57790,1056,0,1056
20055,57791,217,0,217
20056,57792,98,0,98
20057,57793,2017,0,2017
20058,57794,619,0,619
20059,57799,675,675,0
20060,58001,244,0,244
20061,58002,28,0,28
20062,58004,224,0,224
20063,58005,783,0,783
20064,58006,392,0,392
20065,58007,111,0,111
20066,58008,198,0,198
20067,58009,75,0,75
20068,58011,406,0,406
20069,58012,2636,0,2636
20070,58013,123,0,123
20071,58015,288,0,288
20072,58016,124,0,124
20073,58017,235,0,235
20074,58018,370,0,370
20075,58021,443,0,443
20076,58027,1415,0,1415
20077,58029,129,0,129
20078,58030,648,0,648
20079,58031,418,0,418
20080,58032,678,0,678
20081,58033,347,0,347
20082,58035,225,0,225
20083,58036,389,0,389
20084,58038,310,0,310
20085,58040,1093,0,1093
20086,58041,1575,0,1575
20087,58042,1395,0,1395
20088,58043,172,0,172
20089,58045,2298,0,2298
20090,58046,561,0,561
20091,58047,4216,2289,1927
20092,58048,562,0,562
20093,58049,294,0,294
20094,58051,1706,0,1706
20095,58052,551,0,551
20096,58053,1212,0,1212
20097,58054,3229,0,3229
20098,58056,168,0,168
20099,58057,132,0,132
20100,58058,130,0,130
20101,58059,1697,0,1697
20102,58060,1487,0,1487
20103,58061,362,0,362
20104,58062,132,0,132
20105,58063,281,0,281
20106,58064,410,0,410
20107,58065,12,0,12
20108,58067,262,0,262
20109,58068,309,0,309
20110,58069,139,0,139
20111,58071,500,0,500
20112,58072,7999,6547,1452
20113,58074,5,0,5
20114,58075,9028,7462,1566
20115,58076,442,442,0
20116,58077,849,0,849
20117,58078,39161,38669,492
20118,58079,537,0,537
20119,58081,881,0,881
20120,58102,30767,30047,720
20121,58103,46754,46754,0
20122,58104,48150,47460,690
20123,58105,2524,2524,0
20124,58201,42598,41179,1419
20125,58202,2650,2650,0
20126,58203,16165,15272,893
20127,58204,1808,0,1808
20128,58205,194,0,194
20129,58210,289,0,289
20130,58212,476,0,476
20131,58214,373,0,373
20132,58216,133,0,133
20133,58218,753,0,753
20134,58219,46,0,46
20135,58220,2272,0,2272
20136,58222,257,0,257
20137,58223,235,0,235
20138,58224,42,0,42
20139,58225,1024,0,1024
20140,58227,452,0,452
20141,58228,936,0,936
20142,58229,136,0,136
20143,58230,620,0,620
20144,58231,547,0,547
20145,58233,322,0,322
20146,58235,396,0,396
20147,58236,28,0,28
20148,58237,5269,0,5269
20149,58238,157,0,157
20150,58239,39,0,39
20151,58240,1165,0,1165
20152,58241,142,0,142
20153,58243,539,0,539
20154,58244,86,0,86
20155,58249,2520,0,2520
20156,58250,209,0,209
20157,58251,1894,0,1894
20158,58254,546,0,546
20159,58255,0,0,0
20160,58256,853,0,853
20161,58257,2174,0,2174
20162,58258,285,0,285
20163,58259,403,0,403
20164,58260,122,0,122
20165,58261,1076,0,1076
20166,58262,118,0,118
20167,58265,464,0,464
20168,58266,193,0,193
20169,58267,1557,0,1557
20170,58269,183,0,183
20171,58270,1940,0,1940
20172,58271,594,0,594
20173,58272,285,0,285
20174,58273,216,0,216
20175,58274,942,0,942
20176,58275,750,0,750
20177,58276,485,0,485
20178,58277,179,0,179
20179,58278,2132,0,2132
20180,58281,86,0,86
20181,58282,1269,0,1269
20182,58301,10105,7493,2612
20183,58310,10,0,10
20184,58311,65,0,65
20185,58313,59,0,59
20186,58316,5412,0,5412
20187,58317,210,0,210
20188,58318,3796,0,3796
20189,58321,148,0,148
20190,58323,36,0,36
20191,58324,1345,0,1345
20192,58325,73,0,73
20193,58327,533,0,533
20194,58329,2745,0,2745
20195,58330,299,0,299
20196,58331,122,0,122
20197,58332,262,0,262
20198,58335,1320,0,1320
20199,58338,75,0,75
20200,58339,37,0,37
20201,58341,2404,0,2404
20202,58343,73,0,73
20203,58344,895,0,895
20204,58345,106,0,106
20205,58346,639,0,639
20206,58348,713,0,713
20207,58351,363,0,363
20208,58352,384,0,384
20209,58353,110,0,110
20210,58355,64,0,64
20211,58356,1734,0,1734
20212,58357,470,0,470
20213,58361,204,0,204
20214,58362,70,0,70
20215,58363,67,0,67
20216,58365,230,0,230
20217,58366,908,0,908
20218,58367,1912,0,1912
20219,58368,3418,0,3418
20220,58369,1133,0,1133
20221,58370,1171,0,1171
20222,58372,93,0,93
20223,58374,612,0,612
20224,58377,251,0,251
20225,58379,266,0,266
20226,58380,383,0,383
20227,58381,336,0,336
20228,58382,134,0,134
20229,58384,570,0,570
20230,58385,191,0,191
20231,58386,168,0,168
20232,58401,17847,14642,3205
20233,58402,0,0,0
20234,58405,565,565,0
20235,58413,1052,0,1052
20236,58415,136,0,136
20237,58416,407,0,407
20238,58418,367,0,367
20239,58420,274,0,274
20240,58421,2875,0,2875
20241,58422,123,0,123
20242,58423,105,0,105
20243,58424,303,0,303
20244,58425,1347,0,1347
20245,58426,175,0,175
20246,58428,316,0,316
20247,58429,304,0,304
20248,58430,78,0,78
20249,58431,141,0,141
20250,58433,1139,0,1139
20251,58436,1747,0,1747
20252,58438,674,0,674
20253,58439,412,0,412
20254,58440,155,0,155
20255,58441,434,0,434
20256,58442,422,0,422
20257,58443,235,0,235
20258,58444,199,0,199
20259,58445,185,0,185
20260,58448,330,0,330
20261,58451,148,0,148
20262,58452,22,0,22
20263,58454,308,0,308
20264,58455,302,0,302
20265,58456,547,0,547
20266,58458,1279,0,1279
20267,58460,243,0,243
20268,58461,400,0,400
20269,58463,598,0,598
20270,58464,242,0,242
20271,58466,366,0,366
20272,58467,551,0,551
20273,58472,434,0,434
20274,58474,2628,0,2628
20275,58475,145,0,145
20276,58476,298,0,298
20277,58477,134,0,134
20278,58478,106,0,106
20279,58479,215,0,215
20280,58480,319,0,319
20281,58481,295,0,295
20282,58482,938,0,938
20283,58483,305,0,305
20284,58484,74,0,74
20285,58486,269,0,269
20286,58487,456,0,456
20287,58488,204,0,204
20288,58490,224,0,224
20289,58492,398,0,398
20290,58494,326,0,326
20291,58495,1208,0,1208
20292,58496,226,0,226
20293,58497,344,0,344
20294,58501,28388,26959,1429
20295,58503,37157,28838,8319
20296,58504,29517,18724,10793
20297,58505,4,4,0
20298,58520,290,0,290
20299,58521,669,0,669
20300,58523,3631,0,3631
20301,58524,131,0,131
20302,58528,755,0,755
20303,58529,599,0,599
20304,58530,1268,0,1268
20305,58531,401,0,401
20306,58532,283,0,283
20307,58533,854,0,854
20308,58535,585,0,585
20309,58538,2287,0,2287
20310,58540,2880,0,2880
20311,58541,390,0,390
20312,58542,245,0,245
20313,58544,501,0,501
20314,58545,3362,0,3362
20315,58549,192,0,192
20316,58552,1660,0,1660
20317,58554,28642,23673,4969
20318,58558,976,0,976
20319,58559,274,0,274
20320,58560,167,0,167
20321,58561,1035,0,1035
20322,58562,420,0,420
20323,58563,2010,0,2010
20324,58564,70,0,70
20325,58565,223,0,223
20326,58566,238,0,238
20327,58568,602,0,602
20328,58569,85,0,85
20329,58570,352,0,352
20330,58571,610,0,610
20331,58572,401,0,401
20332,58573,566,0,566
20333,58575,879,0,879
20334,58576,959,0,959
20335,58577,1840,0,1840
20336,58579,1261,0,1261
20337,58580,393,0,393
20338,58581,217,0,217
20339,58601,29697,25674,4023
20340,58620,156,0,156
20341,58621,1257,0,1257
20342,58622,1828,0,1828
20343,58623,2188,0,2188
20344,58625,213,0,213
20345,58626,433,0,433
20346,58627,140,0,140
20347,58630,675,0,675
20348,58631,1069,0,1069
20349,58632,202,0,202
20350,58634,316,0,316
20351,58636,807,0,807
20352,58638,1101,0,1101
20353,58639,1706,0,1706
20354,58640,1500,0,1500
20355,58641,113,0,113
20356,58642,314,0,314
20357,58643,140,0,140
20358,58644,16,0,16
20359,58645,289,0,289
20360,58646,1083,0,1083
20361,58647,1225,0,1225
20362,58649,339,0,339
20363,58650,352,0,352
20364,58651,463,0,463
20365,58652,1208,0,1208
20366,58653,597,0,597
20367,58654,302,0,302
20368,58655,603,0,603
20369,58656,482,0,482
20370,58701,32517,28392,4125
20371,58703,23341,20807,2534
20372,58704,4765,0,4765
20373,58705,252,0,252
20374,58707,460,460,0
20375,58710,413,0,413
20376,58711,167,0,167
20377,58712,114,0,114
20378,58713,37,0,37
20379,58716,144,0,144
20380,58718,1116,0,1116
20381,58721,506,0,506
20382,58722,1795,0,1795
20383,58723,256,0,256
20384,58725,289,0,289
20385,58727,288,0,288
20386,58730,1316,0,1316
20387,58731,236,0,236
20388,58733,420,0,420
20389,58734,268,0,268
20390,58735,359,0,359
20391,58736,474,0,474
20392,58737,147,0,147
20393,58740,762,0,762
20394,58741,581,0,581
20395,58744,155,0,155
20396,58746,1462,0,1462
20397,58748,149,0,149
20398,58750,496,0,496
20399,58752,281,0,281
20400,58755,150,0,150
20401,58756,251,0,251
20402,58757,1086,0,1086
20403,58758,217,0,217
20404,58759,770,0,770
20405,58760,276,0,276
20406,58761,1005,0,1005
20407,58762,240,0,240
20408,58763,5009,0,5009
20409,58765,300,0,300
20410,58768,280,0,280
20411,58769,339,0,339
20412,58770,1330,0,1330
20413,58771,515,0,515
20414,58772,138,0,138
20415,58773,857,0,857
20416,58775,267,0,267
20417,58776,323,0,323
20418,58778,83,0,83
20419,58779,458,0,458
20420,58781,722,0,722
20421,58782,374,0,374
20422,58783,319,0,319
20423,58784,3013,0,3013
20424,58785,1467,1266,201
20425,58787,134,0,134
20426,58788,1065,0,1065
20427,58789,358,0,358
20428,58790,1654,0,1654
20429,58792,239,0,239
20430,58793,516,0,516
20431,58794,224,0,224
20432,58795,233,0,233
20433,58801,34921,29510,5411
20434,58830,237,0,237
20435,58831,1122,0,1122
20436,58833,95,0,95
20437,58835,1050,0,1050
20438,58838,221,0,221
20439,58843,743,0,743
20440,58844,160,0,160
20441,58845,392,0,392
20442,58847,311,0,311
20443,58849,1226,0,1226
20444,58852,2822,0,2822
20445,58853,485,0,485
20446,58854,9142,6687,2455
20447,58856,187,0,187
20448,59001,1392,0,1392
20449,59002,179,0,179
20450,59003,1106,0,1106
20451,59006,937,0,937
20452,59007,105,0,105
20453,59008,378,0,378
20454,59010,148,0,148
20455,59011,3157,0,3157
20456,59012,53,0,53
20457,59013,119,0,119
20458,59014,1483,0,1483
20459,59015,554,0,554
20460,59016,1044,0,1044
20461,59018,729,0,729
20462,59019,4047,0,4047
20463,59020,85,0,85
20464,59022,1868,0,1868
20465,59024,303,0,303
20466,59025,73,0,73
20467,59026,150,0,150
20468,59027,802,0,802
20469,59028,411,0,411
20470,59029,724,0,724
20471,59030,1153,0,1153
20472,59031,462,0,462
20473,59032,491,0,491
20474,59033,130,0,130
20475,59034,5418,0,5418
20476,59035,312,0,312
20477,59036,1522,0,1522
20478,59037,1940,0,1940
20479,59038,660,0,660
20480,59039,27,0,27
20481,59041,2034,0,2034
20482,59043,2874,0,2874
20483,59044,12099,8776,3323
20484,59046,562,0,562
20485,59047,13319,9350,3969
20486,59050,1722,0,1722
20487,59052,162,0,162
20488,59053,285,0,285
20489,59054,318,0,318
20490,59055,75,0,75
20491,59057,645,0,645
20492,59058,63,0,63
20493,59059,168,0,168
20494,59061,193,0,193
20495,59062,77,0,77
20496,59063,2174,0,2174
20497,59064,258,0,258
20498,59065,229,0,229
20499,59066,699,0,699
20500,59067,192,0,192
20501,59068,3670,0,3670
20502,59069,633,0,633
20503,59070,1327,0,1327
20504,59071,81,0,81
20505,59072,4150,0,4150
20506,59074,418,0,418
20507,59075,221,0,221
20508,59076,52,0,52
20509,59077,58,0,58
20510,59078,126,0,126
20511,59079,3520,0,3520
20512,59081,19,0,19
20513,59082,59,0,59
20514,59083,20,0,20
20515,59085,103,0,103
20516,59086,759,0,759
20517,59087,396,0,396
20518,59088,1272,0,1272
20519,59089,416,0,416
20520,59101,41522,36429,5093
20521,59102,48133,48133,0
20522,59105,33310,30132,3178
20523,59106,20681,14106,6575
20524,59201,4998,0,4998
20525,59211,178,0,178
20526,59212,542,0,542
20527,59213,791,0,791
20528,59214,124,0,124
20529,59215,1104,0,1104
20530,59217,85,0,85
20531,59218,1127,0,1127
20532,59219,230,0,230
20533,59221,1936,0,1936
20534,59222,203,0,203
20535,59223,110,0,110
20536,59225,564,0,564
20537,59226,411,0,411
20538,59230,4623,0,4623
20539,59231,471,0,471
20540,59240,16,0,16
20541,59241,356,0,356
20542,59242,107,0,107
20543,59243,453,0,453
20544,59244,80,0,80
20545,59247,331,0,331
20546,59248,986,0,986
20547,59250,136,0,136
20548,59252,173,0,173
20549,59253,121,0,121
20550,59254,1937,0,1937
20551,59255,3476,0,3476
20552,59256,95,0,95
20553,59257,62,0,62
20554,59258,160,0,160
20555,59259,391,0,391
20556,59260,129,0,129
20557,59261,472,0,472
20558,59262,702,0,702
20559,59263,1284,0,1284
20560,59270,8633,6522,2111
20561,59273,26,0,26
20562,59274,246,0,246
20563,59275,337,0,337
20564,59276,44,0,44
20565,59301,11509,9227,2282
20566,59311,138,0,138
20567,59312,32,0,32
20568,59313,2592,0,2592
20569,59314,100,0,100
20570,59315,126,0,126
20571,59316,55,0,55
20572,59317,1045,0,1045
20573,59318,126,0,126
20574,59319,57,0,57
20575,59322,99,0,99
20576,59323,2129,0,2129
20577,59324,967,0,967
20578,59326,231,0,231
20579,59327,2645,0,2645
20580,59330,8244,6675,1569
20581,59332,114,0,114
20582,59333,26,0,26
20583,59336,253,0,253
20584,59337,762,0,762
20585,59338,162,0,162
20586,59339,157,0,157
20587,59343,64,0,64
20588,59344,372,0,372
20589,59345,89,0,89
20590,59347,241,0,241
20591,59349,864,0,864
20592,59351,192,0,192
20593,59353,949,0,949
20594,59354,39,0,39
20595,59401,13030,13030,0
20596,59404,28131,21744,6387
20597,59405,33578,31522,2056
20598,59410,887,0,887
20599,59411,431,0,431
20600,59412,1680,0,1680
20601,59414,950,801,149
20602,59416,318,0,318
20603,59417,7795,0,7795
20604,59418,132,0,132
20605,59419,194,0,194
20606,59420,221,0,221
20607,59421,2057,0,2057
20608,59422,2738,0,2738
20609,59424,90,0,90
20610,59425,3515,0,3515
20611,59427,5091,0,5091
20612,59430,393,0,393
20613,59432,142,0,142
20614,59433,545,0,545
20615,59434,473,0,473
20616,59435,83,0,83
20617,59436,1961,0,1961
20618,59440,225,0,225
20619,59441,92,0,92
20620,59442,1792,0,1792
20621,59443,653,0,653
20622,59444,271,0,271
20623,59446,505,0,505
20624,59447,262,0,262
20625,59448,718,0,718
20626,59450,463,0,463
20627,59451,230,0,230
20628,59452,495,0,495
20629,59453,315,0,315
20630,59454,209,0,209
20631,59456,333,0,333
20632,59457,8894,6024,2870
20633,59460,203,0,203
20634,59461,34,0,34
20635,59462,177,0,177
20636,59463,197,0,197
20637,59464,607,0,607
20638,59465,62,0,62
20639,59466,103,0,103
20640,59467,67,0,67
20641,59468,775,0,775
20642,59469,126,0,126
20643,59471,253,0,253
20644,59472,709,0,709
20645,59474,3476,0,3476
20646,59477,431,0,431
20647,59479,819,0,819
20648,59480,334,0,334
20649,59482,561,0,561
20650,59483,445,0,445
20651,59484,199,0,199
20652,59485,879,0,879
20653,59486,1313,0,1313
20654,59487,1252,0,1252
20655,59489,357,0,357
20656,59501,12676,9826,2850
20657,59520,1102,0,1102
20658,59521,3820,0,3820
20659,59522,1371,0,1371
20660,59523,2114,0,2114
20661,59524,753,0,753
20662,59525,267,0,267
20663,59526,2649,0,2649
20664,59527,1177,0,1177
20665,59528,207,0,207
20666,59529,181,0,181
20667,59530,141,0,141
20668,59531,279,0,279
20669,59532,159,0,159
20670,59535,56,0,56
20671,59537,105,0,105
20672,59538,2960,0,2960
20673,59540,492,0,492
20674,59542,392,0,392
20675,59544,162,0,162
20676,59545,30,0,30
20677,59546,131,0,131
20678,59547,37,0,37
20679,59601,30848,28644,2204
20680,59602,29390,17604,11786
20681,59623,0,0,0
20682,59625,294,294,0
20683,59631,234,0,234
20684,59632,2010,0,2010
20685,59633,248,0,248
20686,59634,5393,0,5393
20687,59635,7738,5838,1900
20688,59636,37,0,37
20689,59638,770,0,770
20690,59639,1230,0,1230
20691,59640,113,0,113
20692,59642,53,0,53
20693,59643,544,0,544
20694,59644,4418,0,4418
20695,59645,1699,0,1699
20696,59647,275,0,275
20697,59648,618,0,618
20698,59701,33937,30258,3679
20699,59710,288,0,288
20700,59711,9234,6697,2537
20701,59713,236,0,236
20702,59714,22333,17627,4706
20703,59715,37286,30732,6554
20704,59716,2924,0,2924
20705,59718,43831,29255,14576
20706,59720,301,0,301
20707,59721,434,0,434
20708,59722,5697,0,5697
20709,59724,107,0,107
20710,59725,8069,4429,3640
20711,59727,260,0,260
20712,59728,335,0,335
20713,59729,2684,0,2684
20714,59730,2154,0,2154
20715,59731,211,0,211
20716,59732,159,0,159
20717,59733,151,0,151
20718,59735,339,0,339
20719,59736,120,0,120
20720,59739,325,0,325
20721,59740,611,0,611
20722,59741,5397,0,5397
20723,59743,190,0,190
20724,59745,119,0,119
20725,59746,131,0,131
20726,59747,147,0,147
20727,59748,255,0,255
20728,59749,1640,0,1640
20729,59750,405,0,405
20730,59751,173,0,173
20731,59752,4535,0,4535
20732,59754,903,0,903
20733,59755,260,0,260
20734,59756,346,0,346
20735,59758,1932,0,1932
20736,59759,3467,0,3467
20737,59760,269,0,269
20738,59761,267,0,267
20739,59762,287,0,287
20740,59801,30629,30613,16
20741,59802,19892,18690,1202
20742,59803,17203,15394,1809
20743,59804,8193,6035,2158
20744,59808,21546,15918,5628
20745,59812,1195,1195,0
20746,59820,1562,0,1562
20747,59821,2563,0,2563
20748,59823,1684,75,1609
20749,59824,1575,0,1575
20750,59825,2450,0,2450
20751,59826,497,0,497
20752,59827,278,0,278
20753,59828,6265,0,6265
20754,59829,2489,0,2489
20755,59830,210,0,210
20756,59831,467,0,467
20757,59832,764,0,764
20758,59833,5825,0,5825
20759,59834,2410,0,2410
20760,59837,400,0,400
20761,59840,14466,6870,7596
20762,59841,805,0,805
20763,59842,99,0,99
20764,59843,244,0,244
20765,59844,664,0,664
20766,59845,1254,0,1254
20767,59846,1641,0,1641
20768,59847,6112,0,6112
20769,59848,140,0,140
20770,59851,189,189,0
20771,59853,846,0,846
20772,59854,225,0,225
20773,59855,743,0,743
20774,59856,238,0,238
20775,59858,1679,0,1679
20776,59859,3683,0,3683
20777,59860,11309,5564,5745
20778,59863,85,0,85
20779,59864,7348,0,7348
20780,59865,3338,0,3338
20781,59866,1019,0,1019
20782,59867,26,0,26
20783,59868,2087,0,2087
20784,59870,11245,0,11245
20785,59871,249,0,249
20786,59872,2406,0,2406
20787,59873,3416,0,3416
20788,59874,1695,0,1695
20789,59875,3721,0,3721
20790,59901,57900,36131,21769
20791,59910,506,0,506
20792,59911,8722,0,8722
20793,59912,15395,6589,8806
20794,59913,727,0,727
20795,59914,377,0,377
20796,59915,464,0,464
20797,59916,188,0,188
20798,59917,4274,0,4274
20799,59918,492,0,492
20800,59919,828,0,828
20801,59920,1880,0,1880
20802,59922,2643,0,2643
20803,59923,9743,4341,5402
20804,59925,1633,0,1633
20805,59926,439,0,439
20806,59927,413,0,413
20807,59928,171,0,171
20808,59929,227,0,227
20809,59930,1184,0,1184
20810,59931,297,0,297
20811,59932,1558,0,1558
20812,59933,29,0,29
20813,59934,523,0,523
20814,59935,3432,0,3432
20815,59936,392,0,392
20816,59937,14354,7898,6456
20817,60002,24086,22833,1253
20818,60004,52546,52546,0
20819,60005,30221,30221,0
20820,60007,33670,33670,0
20821,60008,22760,22760,0
20822,60010,46365,41554,4811
20823,60012,10916,9248,1668
20824,60013,26144,25436,708
20825,60014,48275,47735,540
20826,60015,28013,28013,0
20827,60016,61888,61888,0
20828,60018,30051,30051,0
20829,60020,10967,10724,243
20830,60021,5404,5404,0
20831,60022,8482,8482,0
20832,60025,41256,41256,0
20833,60026,14518,14518,0
20834,60029,514,514,0
20835,60030,36346,35623,723
20836,60031,37650,37620,30
20837,60033,13581,9376,4205
20838,60034,2148,0,2148
20839,60035,30152,30152,0
20840,60040,5102,5102,0
20841,60041,9140,8768,372
20842,60042,8433,8381,52
20843,60043,2514,2514,0
20844,60044,10244,10075,169
20845,60045,21026,20809,217
20846,60046,34690,34554,136
20847,60047,43944,43944,0
20848,60048,29353,28250,1103
20849,60050,31854,29726,2128
20850,60051,24649,22262,2387
20851,60053,25297,25297,0
20852,60056,57177,57177,0
20853,60060,37599,37106,493
20854,60061,27581,27581,0
20855,60062,42751,42751,0
20856,60064,15206,15206,0
20857,60067,39324,39324,0
20858,60068,39672,39672,0
20859,60069,8735,8622,113
20860,60070,15840,15840,0
20861,60071,3891,1480,2411
20862,60072,988,312,676
20863,60073,61721,61471,250
20864,60074,37705,37705,0
20865,60075,40,0,40
20866,60076,34295,34295,0
20867,60077,28856,28856,0
20868,60081,9396,4553,4843
20869,60083,9564,7978,1586
20870,60084,17029,16315,714
20871,60085,71609,71609,0
20872,60087,28207,28207,0
20873,60088,14188,14188,0
20874,60089,43227,43227,0
20875,60090,39017,39017,0
20876,60091,28053,28053,0
20877,60093,20691,20691,0
20878,60096,6760,6752,8
20879,60097,10849,5758,5091
20880,60098,33153,25524,7629
20881,60099,31579,31095,484
20882,60101,37644,37644,0
20883,60102,31959,31676,283
20884,60103,41740,41450,290
20885,60104,18829,18829,0
20886,60106,20562,20562,0
20887,60107,39535,39535,0
20888,60108,23070,23070,0
20889,60109,580,0,580
20890,60110,38762,38762,0
20891,60111,258,0,258
20892,60112,4560,4299,261
20893,60113,255,0,255
20894,60115,42103,40615,1488
20895,60118,16342,15860,482
20896,60119,10905,6940,3965
20897,60120,50799,50728,71
20898,60123,47932,47932,0
20899,60124,24859,22024,2835
20900,60126,48147,48147,0
20901,60129,213,0,213
20902,60130,14346,14346,0
20903,60131,18205,18205,0
20904,60133,37494,37494,0
20905,60134,30503,30261,242
20906,60135,7292,5484,1808
20907,60136,8497,8227,270
20908,60137,38985,38985,0
20909,60139,33196,33196,0
20910,60140,21902,18058,3844
20911,60141,131,131,0
20912,60142,29831,27452,2379
20913,60143,11214,11214,0
20914,60144,71,0,71
20915,60145,2350,0,2350
20916,60146,2420,0,2420
20917,60148,52794,52794,0
20918,60150,1713,0,1713
20919,60151,3997,184,3813
20920,60152,12382,7509,4873
20921,60153,23512,23512,0
20922,60154,16895,16895,0
20923,60155,8011,8011,0
20924,60156,28982,28972,10
20925,60157,2668,2668,0
20926,60160,24776,24776,0
20927,60162,8337,8337,0
20928,60163,5285,5285,0
20929,60164,22367,22367,0
20930,60165,4576,4576,0
20931,60169,34248,34248,0
20932,60171,10612,10612,0
20933,60172,24560,24560,0
20934,60173,13764,13764,0
20935,60174,30958,30827,131
20936,60175,26024,25264,760
20937,60176,11714,11714,0
20938,60177,24361,24282,79
20939,60178,22386,19822,2564
20940,60180,1568,0,1568
20941,60181,29821,29821,0
20942,60183,71,71,0
20943,60184,2326,1450,876
20944,60185,34775,34578,197
20945,60187,30059,30059,0
20946,60188,43053,43053,0
20947,60189,30377,29965,412
20948,60190,11455,11455,0
20949,60191,14456,14456,0
20950,60192,16550,16550,0
20951,60193,40805,40805,0
20952,60194,20622,20622,0
20953,60195,5150,5150,0
20954,60201,44652,44652,0
20955,60202,33245,33245,0
20956,60203,4634,4634,0
20957,60208,213,213,0
20958,60301,3043,3043,0
20959,60302,33698,33698,0
20960,60304,17842,17842,0
20961,60305,11710,11710,0
20962,60401,8156,729,7427
20963,60402,64706,64706,0
20964,60403,17667,17667,0
20965,60404,19916,19770,146
20966,60406,24011,24011,0
20967,60407,1532,1186,346
20968,60408,5601,5415,186
20969,60409,36045,36045,0
20970,60410,13503,12971,532
20971,60411,53515,53330,185
20972,60415,14433,14433,0
20973,60416,9512,8548,964
20974,60417,15342,12384,2958
20975,60418,10813,10813,0
20976,60419,21409,21409,0
20977,60420,4701,0,4701
20978,60421,3734,2540,1194
20979,60422,9927,9927,0
20980,60423,32784,31418,1366
20981,60424,2102,0,2102
20982,60425,8781,8781,0
20983,60426,24114,24114,0
20984,60428,11351,11351,0
20985,60429,14683,14683,0
20986,60430,20146,20146,0
20987,60431,26853,26837,16
20988,60432,19989,19790,199
20989,60433,16526,16400,126
20990,60435,48927,48927,0
20991,60436,18535,18463,72
20992,60437,168,0,168
20993,60438,29661,29661,0
20994,60439,24327,24028,299
20995,60440,52031,51847,184
20996,60441,37093,36420,673
20997,60442,12218,9521,2697
20998,60443,21309,21271,38
20999,60444,1784,0,1784
21000,60445,14692,14644,48
21001,60446,40465,40465,0
21002,60447,15750,12758,2992
21003,60448,25512,25048,464
21004,60449,8961,5247,3714
21005,60450,20877,15740,5137
21006,60451,36561,36182,379
21007,60452,27363,27341,22
21008,60453,58362,58362,0
21009,60455,17098,17098,0
21010,60456,4343,4343,0
21011,60457,14420,14420,0
21012,60458,14504,14504,0
21013,60459,29451,29451,0
21014,60460,1449,0,1449
21015,60461,4785,4785,0
21016,60462,40539,40398,141
21017,60463,14048,14048,0
21018,60464,9982,9886,96
21019,60465,18530,18517,13
21020,60466,21904,21836,68
21021,60467,26098,26060,38
21022,60468,6112,0,6112
21023,60469,5469,5469,0
21024,60470,580,0,580
21025,60471,13155,13053,102
21026,60472,4671,4671,0
21027,60473,21661,21661,0
21028,60474,824,0,824
21029,60475,9969,9969,0
21030,60476,2388,2388,0
21031,60477,37335,37335,0
21032,60478,16893,16893,0
21033,60479,685,0,685
21034,60480,5272,5259,13
21035,60481,11518,7076,4442
21036,60482,11216,11216,0
21037,60484,6761,6631,130
21038,60487,26388,26388,0
21039,60490,21907,21907,0
21040,60491,22999,22239,760
21041,60501,11746,11746,0
21042,60502,22592,22592,0
21043,60503,16855,16855,0
21044,60504,38901,38901,0
21045,60505,57906,57906,0
21046,60506,52011,51357,654
21047,60510,28156,27908,248
21048,60511,1721,0,1721
21049,60512,1165,720,445
21050,60513,19514,19514,0
21051,60514,10320,10320,0
21052,60515,29278,29278,0
21053,60516,28694,28694,0
21054,60517,33276,33245,31
21055,60518,3325,0,3325
21056,60519,76,76,0
21057,60520,2773,0,2773
21058,60521,18199,18199,0
21059,60523,10347,10347,0
21060,60525,32613,32613,0
21061,60526,13810,13810,0
21062,60527,29139,29095,44
21063,60530,577,0,577
21064,60531,1879,0,1879
21065,60532,28766,28766,0
21066,60534,10749,10749,0
21067,60536,80,0,80
21068,60537,627,0,627
21069,60538,28898,28896,2
21070,60539,275,275,0
21071,60540,44201,44197,4
21072,60541,3061,0,3061
21073,60542,18540,18469,71
21074,60543,40299,36910,3389
21075,60544,27680,27397,283
21076,60545,13888,11964,1924
21077,60546,16819,16819,0
21078,60548,12019,10716,1303
21079,60549,666,0,666
21080,60550,1293,0,1293
21081,60551,5006,0,5006
21082,60552,4339,3669,670
21083,60553,703,0,703
21084,60554,12049,11081,968
21085,60555,13909,13762,147
21086,60556,1956,0,1956
21087,60557,122,0,122
21088,60558,13629,13629,0
21089,60559,24363,24363,0
21090,60560,27185,24022,3163
21091,60561,23139,23105,34
21092,60563,37997,37912,85
21093,60564,45616,45616,0
21094,60565,40300,40202,98
21095,60585,24920,24732,188
21096,60586,47212,47133,79
21097,60601,15814,15814,0
21098,60602,1261,1261,0
21099,60603,1288,1288,0
21100,60604,897,897,0
21101,60605,34071,34071,0
21102,60606,3797,3797,0
21103,60607,31816,31816,0
21104,60608,75770,75770,0
21105,60609,65770,65770,0
21106,60610,43794,43794,0
21107,60611,38456,38456,0
21108,60612,34402,34402,0
21109,60613,53048,53048,0
21110,60614,73173,73173,0
21111,60615,43502,43502,0
21112,60616,54013,54013,0
21113,60617,77270,77270,0
21114,60618,90316,90316,0
21115,60619,63303,63303,0
21116,60620,66514,66514,0
21117,60621,29570,29570,0
21118,60622,55075,55075,0
21119,60623,87649,87649,0
21120,60624,37547,37547,0
21121,60625,76525,76525,0
21122,60626,50548,50548,0
21123,60628,62832,62832,0
21124,60629,114453,114453,0
21125,60630,54064,54064,0
21126,60631,29691,29691,0
21127,60632,92237,92237,0
21128,60633,13359,13359,0
21129,60634,75694,75694,0
21130,60636,34800,34800,0
21131,60637,53555,53555,0
21132,60638,56928,56928,0
21133,60639,89543,89543,0
21134,60640,65941,65941,0
21135,60641,69354,69354,0
21136,60642,21687,21687,0
21137,60643,47831,47831,0
21138,60644,47239,47239,0
21139,60645,48356,48356,0
21140,60646,28383,28383,0
21141,60647,85631,85631,0
21142,60649,48171,48171,0
21143,60651,62819,62819,0
21144,60652,40898,40898,0
21145,60653,33146,33146,0
21146,60654,23890,23890,0
21147,60655,27837,27837,0
21148,60656,28474,28474,0
21149,60657,72316,72316,0
21150,60659,40579,40579,0
21151,60660,42534,42534,0
21152,60661,11987,11987,0
21153,60706,24327,24327,0
21154,60707,43241,43241,0
21155,60712,13463,13463,0
21156,60714,31006,31006,0
21157,60803,22189,22189,0
21158,60804,85673,85673,0
21159,60805,19945,19945,0
21160,60827,24936,24936,0
21161,60901,33628,28816,4812
21162,60910,524,445,79
21163,60911,1257,0,1257
21164,60912,511,0,511
21165,60913,1472,0,1472
21166,60914,28894,27141,1753
21167,60915,10128,10128,0
21168,60917,515,0,515
21169,60918,803,0,803
21170,60919,481,0,481
21171,60920,149,0,149
21172,60921,1506,0,1506
21173,60922,2186,0,2186
21174,60924,1519,0,1519
21175,60926,60,0,60
21176,60927,2226,0,2226
21177,60928,632,0,632
21178,60929,638,0,638
21179,60930,876,0,876
21180,60931,572,0,572
21181,60932,90,0,90
21182,60933,282,0,282
21183,60934,248,0,248
21184,60935,1114,0,1114
21185,60936,4315,0,4315
21186,60938,2080,0,2080
21187,60939,47,0,47
21188,60940,3246,0,3246
21189,60941,1927,0,1927
21190,60942,5731,4812,919
21191,60945,133,0,133
21192,60946,351,0,351
21193,60948,1492,0,1492
21194,60949,501,0,501
21195,60950,11996,10437,1559
21196,60951,803,0,803
21197,60952,636,0,636
21198,60953,2113,0,2113
21199,60954,5825,0,5825
21200,60955,1828,0,1828
21201,60956,133,0,133
21202,60957,5499,4528,971
21203,60958,1835,0,1835
21204,60959,958,0,958
21205,60960,923,0,923
21206,60961,733,0,733
21207,60962,532,0,532
21208,60963,1636,0,1636
21209,60964,4628,0,4628
21210,60966,1379,0,1379
21211,60967,23,0,23
21212,60968,390,0,390
21213,60969,59,0,59
21214,60970,6306,4671,1635
21215,60973,342,0,342
21216,60974,257,0,257
21217,61001,1144,0,1144
21218,61006,1640,0,1640
21219,61007,472,0,472
21220,61008,33747,29139,4608
21221,61010,7733,5625,2108
21222,61011,2899,1176,1723
21223,61012,2160,0,2160
21224,61013,663,0,663
21225,61014,1016,0,1016
21226,61015,895,0,895
21227,61016,4738,3893,845
21228,61018,1048,0,1048
21229,61019,3622,0,3622
21230,61020,3267,0,3267
21231,61021,22984,15987,6997
21232,61024,2456,0,2456
21233,61025,4504,2558,1946
21234,61027,47,0,47
21235,61028,1865,0,1865
21236,61030,2077,0,2077
21237,61031,1430,0,1430
21238,61032,29110,24135,4975
21239,61036,7111,0,7111
21240,61037,122,103,19
21241,61038,1175,0,1175
21242,61039,780,0,780
21243,61041,1352,0,1352
21244,61042,511,0,511
21245,61043,133,0,133
21246,61044,231,0,231
21247,61046,2998,0,2998
21248,61047,1688,0,1688
21249,61048,4081,0,4081
21250,61049,476,0,476
21251,61050,349,0,349
21252,61051,1444,0,1444
21253,61052,1041,0,1041
21254,61053,2542,0,2542
21255,61054,3731,0,3731
21256,61057,108,0,108
21257,61059,116,0,116
21258,61060,1387,0,1387
21259,61061,6865,0,6865
21260,61062,1871,0,1871
21261,61063,3901,0,3901
21262,61064,3693,0,3693
21263,61065,11206,5870,5336
21264,61067,669,0,669
21265,61068,14653,11013,3640
21266,61070,1109,0,1109
21267,61071,13389,10564,2825
21268,61072,11259,9108,2151
21269,61073,19936,17287,2649
21270,61074,4023,0,4023
21271,61075,989,0,989
21272,61077,74,0,74
21273,61078,1388,0,1388
21274,61079,226,0,226
21275,61080,11252,9550,1702
21276,61081,21064,16935,4129
21277,61084,3036,0,3036
21278,61085,3194,0,3194
21279,61087,1541,0,1541
21280,61088,5966,0,5966
21281,61089,831,0,831
21282,61091,93,0,93
21283,61101,19784,17916,1868
21284,61102,17281,14665,2616
21285,61103,23294,22567,727
21286,61104,17354,17354,0
21287,61107,30722,30321,401
21288,61108,29660,29570,90
21289,61109,26958,25832,1126
21290,61111,23028,23007,21
21291,61112,139,139,0
21292,61114,15569,15431,138
21293,61115,22599,22599,0
21294,61201,37366,37185,181
21295,61230,1191,0,1191
21296,61231,5291,0,5291
21297,61232,1335,0,1335
21298,61233,391,0,391
21299,61234,1197,0,1197
21300,61235,1328,0,1328
21301,61236,89,0,89
21302,61237,22,0,22
21303,61238,3028,0,3028
21304,61239,1024,996,28
21305,61240,5902,4074,1828
21306,61241,6841,5544,1297
21307,61242,1121,0,1121
21308,61243,249,0,249
21309,61244,24004,22997,1007
21310,61250,2587,0,2587
21311,61251,387,0,387
21312,61252,5436,3835,1601
21313,61254,11587,6435,5152
21314,61256,1779,1773,6
21315,61257,1097,0,1097
21316,61258,180,0,180
21317,61259,1197,0,1197
21318,61260,748,0,748
21319,61261,847,0,847
21320,61262,961,0,961
21321,61263,742,0,742
21322,61264,10157,6717,3440
21323,61265,44342,44342,0
21324,61270,7055,0,7055
21325,61272,1449,0,1449
21326,61273,3227,0,3227
21327,61274,317,0,317
21328,61275,4154,1276,2878
21329,61276,75,0,75
21330,61277,3233,0,3233
21331,61278,697,552,145
21332,61279,1000,0,1000
21333,61281,2529,0,2529
21334,61282,8278,8278,0
21335,61283,1486,0,1486
21336,61284,2298,0,2298
21337,61285,2681,0,2681
21338,61301,10375,9012,1363
21339,61310,3700,0,3700
21340,61311,179,0,179
21341,61312,413,0,413
21342,61313,304,0,304
21343,61314,702,0,702
21344,61315,281,0,281
21345,61316,269,0,269
21346,61317,441,0,441
21347,61318,620,0,620
21348,61319,1147,0,1147
21349,61320,641,593,48
21350,61321,264,0,264
21351,61322,1463,0,1463
21352,61323,119,0,119
21353,61324,102,0,102
21354,61325,992,0,992
21355,61326,2103,0,2103
21356,61327,1207,0,1207
21357,61328,65,0,65
21358,61329,1266,1058,208
21359,61330,1369,0,1369
21360,61331,34,0,34
21361,61332,133,0,133
21362,61333,343,0,343
21363,61334,642,0,642
21364,61335,519,0,519
21365,61336,561,0,561
21366,61337,443,0,443
21367,61338,345,0,345
21368,61340,479,0,479
21369,61341,8092,4660,3432
21370,61342,8648,6918,1730
21371,61344,323,0,323
21372,61345,753,0,753
21373,61346,78,0,78
21374,61348,4576,3773,803
21375,61349,903,0,903
21376,61350,23997,20122,3875
21377,61353,1207,0,1207
21378,61354,10447,9992,455
21379,61356,10915,7979,2936
21380,61358,410,0,410
21381,61359,313,0,313
21382,61360,3306,0,3306
21383,61361,1336,0,1336
21384,61362,5961,5335,626
21385,61363,225,0,225
21386,61364,18449,16209,2240
21387,61367,691,0,691
21388,61368,1302,0,1302
21389,61369,1586,0,1586
21390,61370,1317,0,1317
21391,61371,100,0,100
21392,61372,225,0,225
21393,61373,1976,0,1976
21394,61374,77,0,77
21395,61375,1095,0,1095
21396,61376,2022,0,2022
21397,61377,1302,0,1302
21398,61378,518,0,518
21399,61379,1244,0,1244
21400,61401,31169,28691,2478
21401,61402,1589,1589,0
21402,61410,3632,0,3632
21403,61411,355,0,355
21404,61412,1346,0,1346
21405,61413,1020,0,1020
21406,61414,782,0,782
21407,61415,1623,0,1623
21408,61416,210,0,210
21409,61417,206,0,206
21410,61418,677,0,677
21411,61419,113,0,113
21412,61420,964,0,964
21413,61421,1234,0,1234
21414,61422,3099,0,3099
21415,61423,596,0,596
21416,61424,59,0,59
21417,61425,394,34,360
21418,61426,92,0,92
21419,61427,2157,0,2157
21420,61428,1125,0,1125
21421,61430,753,620,133
21422,61431,295,0,295
21423,61432,586,0,586
21424,61433,41,0,41
21425,61434,3058,0,3058
21426,61435,211,0,211
21427,61436,840,0,840
21428,61437,663,0,663
21429,61438,709,0,709
21430,61439,274,0,274
21431,61440,600,0,600
21432,61441,824,0,824
21433,61442,691,0,691
21434,61443,13780,12542,1238
21435,61447,923,0,923
21436,61448,3794,2947,847
21437,61449,399,0,399
21438,61450,1576,0,1576
21439,61451,305,0,305
21440,61452,259,0,259
21441,61453,609,0,609
21442,61454,641,0,641
21443,61455,17630,15656,1974
21444,61458,672,0,672
21445,61459,396,0,396
21446,61460,290,0,290
21447,61462,10980,9189,1791
21448,61465,1116,0,1116
21449,61466,292,0,292
21450,61467,1069,0,1069
21451,61468,104,0,104
21452,61469,1802,0,1802
21453,61470,542,0,542
21454,61471,102,0,102
21455,61472,614,0,614
21456,61473,1539,0,1539
21457,61474,282,0,282
21458,61475,201,0,201
21459,61476,386,0,386
21460,61477,569,0,569
21461,61478,298,0,298
21462,61479,107,0,107
21463,61480,1242,0,1242
21464,61482,559,0,559
21465,61483,1872,0,1872
21466,61484,787,0,787
21467,61485,541,0,541
21468,61486,1383,0,1383
21469,61488,1019,0,1019
21470,61489,915,0,915
21471,61490,1011,0,1011
21472,61491,2015,0,2015
21473,61501,1610,0,1610
21474,61516,662,0,662
21475,61517,3293,0,3293
21476,61519,216,0,216
21477,61520,16156,13177,2979
21478,61523,10951,7860,3091
21479,61524,237,0,237
21480,61525,11433,8353,3080
21481,61526,1060,0,1060
21482,61528,3285,1725,1560
21483,61529,2852,0,2852
21484,61530,6698,5401,1297
21485,61531,3325,0,3325
21486,61532,475,0,475
21487,61533,2198,0,2198
21488,61534,1622,0,1622
21489,61535,1748,222,1526
21490,61536,2974,0,2974
21491,61537,2807,0,2807
21492,61539,186,0,186
21493,61540,2741,0,2741
21494,61541,94,0,94
21495,61542,3423,0,3423
21496,61543,110,0,110
21497,61544,688,0,688
21498,61545,597,0,597
21499,61546,3886,0,3886
21500,61547,3757,280,3477
21501,61548,12355,4208,8147
21502,61550,18488,17111,1377
21503,61552,244,220,24
21504,61553,187,0,187
21505,61554,40854,37854,3000
21506,61559,3199,0,3199
21507,61560,654,0,654
21508,61561,2610,0,2610
21509,61562,89,89,0
21510,61563,534,0,534
21511,61564,1002,991,11
21512,61565,1409,0,1409
21513,61567,645,0,645
21514,61568,4346,0,4346
21515,61569,1123,0,1123
21516,61570,1720,0,1720
21517,61571,24766,22032,2734
21518,61572,997,0,997
21519,61602,1198,1198,0
21520,61603,15503,15503,0
21521,61604,29344,29095,249
21522,61605,14049,14049,0
21523,61606,6798,6798,0
21524,61607,10353,8736,1617
21525,61610,4942,4870,72
21526,61611,23837,21470,2367
21527,61614,27119,27106,13
21528,61615,24314,23559,755
21529,61616,5966,5957,9
21530,61625,495,495,0
21531,61701,34497,34497,0
21532,61704,37129,36883,246
21533,61705,14682,9338,5344
21534,61720,256,0,256
21535,61721,565,0,565
21536,61722,551,0,551
21537,61723,2266,0,2266
21538,61724,494,0,494
21539,61725,1558,0,1558
21540,61726,2417,0,2417
21541,61727,9450,7323,2127
21542,61728,1381,0,1381
21543,61729,1182,0,1182
21544,61730,305,0,305
21545,61731,220,0,220
21546,61732,2101,0,2101
21547,61733,1099,0,1099
21548,61734,2597,0,2597
21549,61735,360,0,360
21550,61736,1966,0,1966
21551,61737,444,0,444
21552,61738,4253,0,4253
21553,61739,4784,0,4784
21554,61740,1484,0,1484
21555,61741,1538,0,1538
21556,61742,1186,0,1186
21557,61743,164,0,164
21558,61744,2021,0,2021
21559,61745,4331,0,4331
21560,61747,1471,0,1471
21561,61748,2721,0,2721
21562,61749,588,0,588
21563,61750,92,0,92
21564,61751,110,0,110
21565,61752,4250,0,4250
21566,61753,2950,0,2950
21567,61754,1192,0,1192
21568,61755,4422,0,4422
21569,61756,2165,0,2165
21570,61759,1449,0,1449
21571,61760,2350,0,2350
21572,61761,53045,52771,274
21573,61764,13668,11078,2590
21574,61769,556,0,556
21575,61770,996,0,996
21576,61771,1005,0,1005
21577,61772,348,0,348
21578,61773,447,0,447
21579,61774,949,0,949
21580,61775,286,0,286
21581,61776,1393,611,782
21582,61777,864,0,864
21583,61778,638,0,638
21584,61801,27658,27658,0
21585,61802,19460,17496,1964
21586,61810,329,0,329
21587,61811,666,0,666
21588,61812,275,0,275
21589,61813,1705,0,1705
21590,61814,1206,0,1206
21591,61815,339,339,0
21592,61816,482,0,482
21593,61817,2490,0,2490
21594,61818,1553,0,1553
21595,61820,40822,40822,0
21596,61821,29057,29057,0
21597,61822,25091,23371,1720
21598,61830,497,0,497
21599,61831,133,0,133
21600,61832,32878,31891,987
21601,61833,1968,1968,0
21602,61834,7895,2272,5623
21603,61839,584,0,584
21604,61840,784,0,784
21605,61841,1307,0,1307
21606,61842,2771,0,2771
21607,61843,2527,0,2527
21608,61844,1027,0,1027
21609,61845,352,0,352
21610,61846,4669,0,4669
21611,61847,1188,0,1188
21612,61848,202,0,202
21613,61849,1715,0,1715
21614,61850,511,0,511
21615,61851,425,0,425
21616,61852,205,0,205
21617,61853,14218,11897,2321
21618,61854,1431,0,1431
21619,61855,107,0,107
21620,61856,7933,5985,1948
21621,61857,177,0,177
21622,61858,2756,357,2399
21623,61859,1119,0,1119
21624,61862,456,0,456
21625,61863,827,0,827
21626,61864,1637,0,1637
21627,61865,1359,0,1359
21628,61866,13459,12625,834
21629,61870,1186,0,1186
21630,61871,308,0,308
21631,61872,748,0,748
21632,61873,5911,0,5911
21633,61874,8739,8734,5
21634,61875,802,0,802
21635,61876,671,0,671
21636,61877,1585,0,1585
21637,61878,1347,1029,318
21638,61880,4317,0,4317
21639,61882,641,0,641
21640,61883,4340,3556,784
21641,61884,1094,0,1094
21642,61910,4460,0,4460
21643,61911,4849,0,4849
21644,61912,1143,0,1143
21645,61913,1563,0,1563
21646,61914,1845,0,1845
21647,61917,569,0,569
21648,61919,778,0,778
21649,61920,20847,17415,3432
21650,61924,2274,0,2274
21651,61925,944,0,944
21652,61928,606,0,606
21653,61929,759,0,759
21654,61930,486,0,486
21655,61931,1075,0,1075
21656,61932,396,0,396
21657,61933,977,0,977
21658,61936,220,0,220
21659,61937,1934,0,1934
21660,61938,20768,17111,3657
21661,61940,216,0,216
21662,61941,44,0,44
21663,61942,1146,0,1146
21664,61943,1438,0,1438
21665,61944,11780,8316,3464
21666,61949,144,0,144
21667,61951,8057,4414,3643
21668,61953,6365,4942,1423
21669,61955,193,0,193
21670,61956,2885,0,2885
21671,61957,1766,0,1766
21672,62001,1702,0,1702
21673,62002,30176,27756,2420
21674,62006,633,0,633
21675,62009,1636,1428,208
21676,62010,10847,9399,1448
21677,62011,186,0,186
21678,62012,6373,108,6265
21679,62013,430,0,430
21680,62014,3836,0,3836
21681,62015,491,0,491
21682,62016,3690,0,3690
21683,62017,1115,0,1115
21684,62018,3412,3412,0
21685,62019,425,0,425
21686,62021,1033,0,1033
21687,62022,1074,0,1074
21688,62023,101,0,101
21689,62024,9337,9337,0
21690,62025,35229,26449,8780
21691,62026,1197,1197,0
21692,62027,411,0,411
21693,62028,1148,0,1148
21694,62030,96,0,96
21695,62031,830,0,830
21696,62032,684,0,684
21697,62033,4584,3453,1131
21698,62034,14665,14609,56
21699,62035,16172,12644,3528
21700,62036,610,0,610
21701,62037,1779,0,1779
21702,62040,40872,40278,594
21703,62044,1728,0,1728
21704,62045,513,0,513
21705,62046,913,0,913
21706,62047,1443,0,1443
21707,62048,1240,1198,42
21708,62049,7952,6450,1502
21709,62050,282,0,282
21710,62051,848,0,848
21711,62052,12503,8641,3862
21712,62053,635,0,635
21713,62054,641,0,641
21714,62056,8559,6350,2209
21715,62058,767,0,767
21716,62059,631,631,0
21717,62060,3865,3845,20
21718,62061,1745,0,1745
21719,62062,8297,8287,10
21720,62063,1144,0,1144
21721,62067,2390,1149,1241
21722,62069,3076,0,3076
21723,62074,1103,0,1103
21724,62075,3229,0,3229
21725,62076,123,0,123
21726,62077,383,0,383
21727,62078,76,0,76
21728,62079,314,0,314
21729,62080,2197,0,2197
21730,62081,295,0,295
21731,62082,2401,0,2401
21732,62083,199,0,199
21733,62084,1520,1452,68
21734,62085,246,139,107
21735,62086,1237,0,1237
21736,62087,1887,1814,73
21737,62088,6605,4883,1722
21738,62089,499,430,69
21739,62090,988,988,0
21740,62091,358,0,358
21741,62092,2682,0,2682
21742,62093,529,0,529
21743,62094,1017,0,1017
21744,62095,11060,10856,204
21745,62097,2906,0,2906
21746,62098,90,0,90
21747,62201,5125,5125,0
21748,62203,6344,6344,0
21749,62204,4483,4477,6
21750,62205,6682,6682,0
21751,62206,12929,12929,0
21752,62207,7045,7033,12
21753,62208,16992,16992,0
21754,62214,1087,0,1087
21755,62215,1877,0,1877
21756,62216,3019,0,3019
21757,62217,738,0,738
21758,62218,1566,0,1566
21759,62219,934,0,934
21760,62220,19474,18712,762
21761,62221,29039,27780,1259
21762,62223,16263,15254,1009
21763,62225,5332,5332,0
21764,62226,29156,28992,164
21765,62230,6414,4637,1777
21766,62231,7171,0,7171
21767,62232,7547,6728,819
21768,62233,8187,6338,1849
21769,62234,31843,29446,2397
21770,62236,13924,10717,3207
21771,62237,2413,0,2413
21772,62238,617,0,617
21773,62239,4638,4324,314
21774,62240,1645,932,713
21775,62241,1010,0,1010
21776,62242,1239,0,1239
21777,62243,5796,0,5796
21778,62244,1059,0,1059
21779,62245,1815,0,1815
21780,62246,10145,6765,3380
21781,62248,429,0,429
21782,62249,16052,10267,5785
21783,62250,439,0,439
21784,62253,656,0,656
21785,62254,6503,4955,1548
21786,62255,953,0,953
21787,62256,66,0,66
21788,62257,2753,0,2753
21789,62258,10379,8528,1851
21790,62260,7162,42,7120
21791,62261,145,0,145
21792,62262,1541,0,1541
21793,62263,5105,0,5105
21794,62264,3147,0,3147
21795,62265,4446,0,4446
21796,62266,248,0,248
21797,62268,704,0,704
21798,62269,36068,35096,972
21799,62271,2101,0,2101
21800,62272,1472,0,1472
21801,62273,268,0,268
21802,62274,7673,0,7673
21803,62275,3452,0,3452
21804,62277,1113,0,1113
21805,62278,6646,0,6646
21806,62279,97,0,97
21807,62280,404,0,404
21808,62281,2912,0,2912
21809,62282,638,0,638
21810,62284,556,0,556
21811,62285,4718,0,4718
21812,62286,5719,0,5719
21813,62288,2708,0,2708
21814,62289,410,0,410
21815,62292,770,0,770
21816,62293,4562,0,4562
21817,62294,15431,11631,3800
21818,62295,1514,0,1514
21819,62297,378,0,378
21820,62298,17630,9933,7697
21821,62301,31481,31481,0
21822,62305,19042,11946,7096
21823,62311,754,0,754
21824,62312,2017,0,2017
21825,62313,387,0,387
21826,62314,500,0,500
21827,62316,664,0,664
21828,62319,199,0,199
21829,62320,2286,0,2286
21830,62321,3873,0,3873
21831,62323,233,0,233
21832,62324,1278,0,1278
21833,62325,416,0,416
21834,62326,2255,0,2255
21835,62330,1600,0,1600
21836,62334,147,0,147
21837,62336,82,0,82
21838,62338,1437,0,1437
21839,62339,852,0,852
21840,62340,1618,0,1618
21841,62341,3369,2733,636
21842,62343,653,0,653
21843,62344,101,0,101
21844,62345,302,0,302
21845,62346,185,0,185
21846,62347,2371,0,2371
21847,62348,165,0,165
21848,62349,627,0,627
21849,62351,1793,0,1793
21850,62352,229,0,229
21851,62353,5093,0,5093
21852,62354,1475,0,1475
21853,62355,718,0,718
21854,62356,506,0,506
21855,62357,233,0,233
21856,62358,699,81,618
21857,62359,149,0,149
21858,62360,1706,0,1706
21859,62361,373,0,373
21860,62362,358,0,358
21861,62363,5726,0,5726
21862,62365,577,0,577
21863,62366,1338,0,1338
21864,62367,1165,0,1165
21865,62370,382,0,382
21866,62373,305,0,305
21867,62374,285,0,285
21868,62375,341,0,341
21869,62376,1187,0,1187
21870,62378,793,0,793
21871,62379,1894,0,1894
21872,62380,319,0,319
21873,62401,19408,12216,7192
21874,62410,996,0,996
21875,62411,4408,0,4408
21876,62413,442,0,442
21877,62414,1831,0,1831
21878,62417,2984,0,2984
21879,62418,2027,0,2027
21880,62419,397,0,397
21881,62420,4196,0,4196
21882,62421,744,0,744
21883,62422,1041,0,1041
21884,62423,653,0,653
21885,62424,2427,0,2427
21886,62425,576,0,576
21887,62426,912,0,912
21888,62427,1582,0,1582
21889,62428,2907,0,2907
21890,62431,1043,0,1043
21891,62432,569,0,569
21892,62433,866,0,866
21893,62434,346,0,346
21894,62436,571,0,571
21895,62438,286,0,286
21896,62439,6966,4632,2334
21897,62440,1121,0,1121
21898,62441,7236,0,7236
21899,62442,2322,0,2322
21900,62443,1589,0,1589
21901,62444,365,0,365
21902,62445,940,0,940
21903,62446,372,0,372
21904,62447,3005,0,3005
21905,62448,5719,0,5719
21906,62449,3095,0,3095
21907,62450,11978,8642,3336
21908,62451,1972,0,1972
21909,62452,363,0,363
21910,62454,10753,6134,4619
21911,62458,2170,0,2170
21912,62459,238,0,238
21913,62460,1018,0,1018
21914,62461,781,0,781
21915,62462,1103,0,1103
21916,62463,1184,0,1184
21917,62464,99,0,99
21918,62465,921,0,921
21919,62466,4201,0,4201
21920,62467,3764,1774,1990
21921,62468,2601,0,2601
21922,62469,472,0,472
21923,62471,10530,8110,2420
21924,62473,1280,0,1280
21925,62474,749,0,749
21926,62475,271,0,271
21927,62476,1570,0,1570
21928,62477,904,0,904
21929,62478,331,0,331
21930,62479,782,0,782
21931,62480,639,0,639
21932,62481,348,0,348
21933,62501,2377,0,2377
21934,62510,1650,0,1650
21935,62512,428,0,428
21936,62513,1716,0,1716
21937,62514,209,0,209
21938,62515,909,0,909
21939,62517,219,0,219
21940,62518,411,0,411
21941,62519,89,0,89
21942,62520,1505,0,1505
21943,62521,33793,30933,2860
21944,62522,14838,14034,804
21945,62523,886,886,0
21946,62526,31758,30681,1077
21947,62530,1458,0,1458
21948,62531,1740,0,1740
21949,62532,119,98,21
21950,62533,929,0,929
21951,62534,1066,0,1066
21952,62535,3745,3486,259
21953,62536,886,0,886
21954,62537,182,139,43
21955,62538,339,0,339
21956,62539,1264,0,1264
21957,62540,1341,0,1341
21958,62541,50,0,50
21959,62543,453,0,453
21960,62544,1795,0,1795
21961,62545,1162,0,1162
21962,62546,1560,0,1560
21963,62547,742,0,742
21964,62548,2145,0,2145
21965,62549,6282,6030,252
21966,62550,2708,0,2708
21967,62551,753,0,753
21968,62553,474,0,474
21969,62554,1559,0,1559
21970,62555,535,0,535
21971,62556,399,0,399
21972,62557,6841,5299,1542
21973,62558,3503,0,3503
21974,62560,1431,0,1431
21975,62561,5229,4678,551
21976,62563,6062,3819,2243
21977,62565,7477,4872,2605
21978,62567,1013,0,1013
21979,62568,17043,11525,5518
21980,62570,473,0,473
21981,62571,1242,10,1232
21982,62572,522,0,522
21983,62573,1416,0,1416
21984,62601,361,0,361
21985,62610,213,0,213
21986,62611,978,0,978
21987,62612,1774,0,1774
21988,62613,3869,0,3869
21989,62615,5424,0,5424
21990,62617,662,0,662
21991,62618,7596,6262,1334
21992,62621,1072,0,1072
21993,62622,77,0,77
21994,62624,461,0,461
21995,62625,817,0,817
21996,62626,8033,5602,2431
21997,62627,928,0,928
21998,62628,825,0,825
21999,62629,15255,14322,933
22000,62630,474,0,474
22001,62631,307,0,307
22002,62633,617,0,617
22003,62634,847,0,847
22004,62635,718,0,718
22005,62638,1305,0,1305
22006,62639,283,0,283
22007,62640,3446,0,3446
22008,62642,1344,0,1344
22009,62643,450,0,450
22010,62644,4690,0,4690
22011,62649,453,0,453
22012,62650,24891,21003,3888
22013,62655,566,0,566
22014,62656,18634,13990,4644
22015,62661,1280,0,1280
22016,62663,265,0,265
22017,62664,2712,0,2712
22018,62665,1279,0,1279
22019,62666,570,0,570
22020,62667,459,0,459
22021,62668,1378,0,1378
22022,62670,3162,0,3162
22023,62671,515,0,515
22024,62672,208,0,208
22025,62673,462,0,462
22026,62674,1305,0,1305
22027,62675,6044,0,6044
22028,62677,2571,0,2571
22029,62681,5284,0,5284
22030,62682,745,0,745
22031,62684,5469,4686,783
22032,62685,1814,0,1814
22033,62688,652,0,652
22034,62689,516,0,516
22035,62690,3736,0,3736
22036,62691,2278,0,2278
22037,62692,1970,0,1970
22038,62693,1733,1315,418
22039,62694,3061,0,3061
22040,62695,464,0,464
22041,62701,1354,1354,0
22042,62702,33712,33601,111
22043,62703,28344,28317,27
22044,62704,39157,39157,0
22045,62706,0,0,0
22046,62707,7290,3819,3471
22047,62711,18115,16612,1503
22048,62712,10321,7585,2736
22049,62801,20502,14775,5727
22050,62803,967,0,967
22051,62806,3247,0,3247
22052,62807,879,0,879
22053,62808,1383,0,1383
22054,62809,304,0,304
22055,62810,1088,0,1088
22056,62811,282,0,282
22057,62812,10962,7491,3471
22058,62814,2013,0,2013
22059,62815,353,0,353
22060,62816,1158,0,1158
22061,62817,522,0,522
22062,62818,356,0,356
22063,62819,412,0,412
22064,62820,142,0,142
22065,62821,7083,5067,2016
22066,62822,2745,0,2745
22067,62823,1693,0,1693
22068,62824,1654,0,1654
22069,62825,193,0,193
22070,62827,1103,0,1103
22071,62828,1363,0,1363
22072,62829,52,0,52
22073,62830,1436,0,1436
22074,62831,526,0,526
22075,62832,8921,5933,2988
22076,62833,390,0,390
22077,62835,1354,0,1354
22078,62836,815,0,815
22079,62837,8467,4766,3701
22080,62838,1463,0,1463
22081,62839,6441,4793,1648
22082,62841,151,0,151
22083,62842,807,0,807
22084,62843,74,0,74
22085,62844,1930,0,1930
22086,62846,1930,0,1930
22087,62848,564,0,564
22088,62849,2181,0,2181
22089,62850,389,0,389
22090,62851,330,0,330
22091,62852,150,0,150
22092,62853,927,0,927
22093,62854,1605,0,1605
22094,62856,332,0,332
22095,62858,2962,0,2962
22096,62859,5346,0,5346
22097,62860,507,0,507
22098,62861,91,0,91
22099,62862,316,0,316
22100,62863,9607,6963,2644
22101,62864,23327,15288,8039
22102,62865,2012,0,2012
22103,62867,484,0,484
22104,62868,1883,0,1883
22105,62869,2602,0,2602
22106,62870,1890,0,1890
22107,62871,588,0,588
22108,62872,1204,0,1204
22109,62874,347,227,120
22110,62875,1154,0,1154
22111,62876,198,0,198
22112,62877,447,0,447
22113,62878,341,0,341
22114,62879,42,0,42
22115,62880,698,0,698
22116,62881,11053,7153,3900
22117,62882,2215,526,1689
22118,62883,660,0,660
22119,62884,2907,0,2907
22120,62885,777,0,777
22121,62886,368,0,368
22122,62887,270,0,270
22123,62888,1956,0,1956
22124,62889,803,0,803
22125,62890,2631,0,2631
22126,62891,546,0,546
22127,62892,291,0,291
22128,62893,904,0,904
22129,62894,1000,0,1000
22130,62895,1864,0,1864
22131,62896,11376,7708,3668
22132,62897,435,0,435
22133,62898,2038,0,2038
22134,62899,1692,0,1692
22135,62901,22967,21186,1781
22136,62902,4344,871,3473
22137,62903,2473,1189,1284
22138,62905,633,0,633
22139,62906,7464,4660,2804
22140,62907,2120,0,2120
22141,62908,454,0,454
22142,62910,2269,751,1518
22143,62912,1226,0,1226
22144,62914,1929,0,1929
22145,62915,506,506,0
22146,62916,1045,0,1045
22147,62917,2406,0,2406
22148,62918,10538,8318,2220
22149,62919,768,0,768
22150,62920,3072,0,3072
22151,62921,342,301,41
22152,62922,2871,0,2871
22153,62923,497,0,497
22154,62924,2726,0,2726
22155,62926,2063,0,2063
22156,62927,399,0,399
22157,62928,176,0,176
22158,62930,5716,0,5716
22159,62931,1237,0,1237
22160,62932,1451,0,1451
22161,62933,1108,976,132
22162,62934,882,0,882
22163,62935,2060,0,2060
22164,62938,2532,0,2532
22165,62939,3129,0,3129
22166,62940,397,0,397
22167,62941,706,0,706
22168,62942,567,0,567
22169,62943,653,0,653
22170,62946,12235,8283,3952
22171,62947,533,0,533
22172,62948,12536,11632,904
22173,62949,780,0,780
22174,62950,193,0,193
22175,62951,5136,0,5136
22176,62952,3036,1408,1628
22177,62953,350,0,350
22178,62954,442,0,442
22179,62956,875,0,875
22180,62957,733,160,573
22181,62958,2206,0,2206
22182,62959,27629,17362,10267
22183,62960,10792,5925,4867
22184,62961,52,0,52
22185,62962,14,0,14
22186,62963,544,0,544
22187,62964,1141,0,1141
22188,62965,126,0,126
22189,62966,14026,8538,5488
22190,62967,246,0,246
22191,62969,350,0,350
22192,62970,583,0,583
22193,62972,1265,0,1265
22194,62974,1508,0,1508
22195,62975,266,0,266
22196,62976,392,0,392
22197,62977,678,0,678
22198,62979,1194,0,1194
22199,62982,1156,0,1156
22200,62983,1513,0,1513
22201,62984,1567,0,1567
22202,62985,895,0,895
22203,62987,1266,0,1266
22204,62988,1256,0,1256
22205,62990,940,0,940
22206,62992,785,0,785
22207,62994,659,0,659
22208,62995,6077,0,6077
22209,62996,517,0,517
22210,62997,623,0,623
22211,62998,357,0,357
22212,62999,1529,0,1529
22213,63005,19235,17831,1404
22214,63010,35027,34120,907
22215,63011,37495,37495,0
22216,63012,10711,6631,4080
22217,63013,1663,0,1663
22218,63014,810,0,810
22219,63015,2317,0,2317
22220,63016,7881,0,7881
22221,63017,42773,42615,158
22222,63019,4456,4430,26
22223,63020,20408,7649,12759
22224,63021,56680,54921,1759
22225,63023,4844,0,4844
22226,63025,16742,13205,3537
22227,63026,44648,44360,288
22228,63028,27924,15075,12849
22229,63030,267,0,267
22230,63031,47609,47412,197
22231,63033,43175,43175,0
22232,63034,18428,16865,1563
22233,63036,959,0,959
22234,63037,3240,0,3240
22235,63038,6775,3287,3488
22236,63039,811,197,614
22237,63040,8857,8712,145
22238,63041,483,0,483
22239,63042,19646,19300,346
22240,63043,22362,22362,0
22241,63044,10587,10576,11
22242,63045,7,7,0
22243,63047,28,0,28
22244,63048,4219,4209,10
22245,63049,16929,14591,2338
22246,63050,16874,900,15974
22247,63051,14136,7239,6897
22248,63052,28925,24219,4706
22249,63053,65,65,0
22250,63055,2394,571,1823
22251,63056,1882,0,1882
22252,63060,2027,0,2027
22253,63061,172,0,172
22254,63068,5113,0,5113
22255,63069,15542,8471,7071
22256,63070,7659,6629,1030
22257,63071,1094,0,1094
22258,63072,3063,0,3063
22259,63073,762,0,762
22260,63074,15233,15233,0
22261,63077,11874,6303,5571
22262,63079,234,0,234
22263,63080,13554,7181,6373
22264,63084,19500,12019,7481
22265,63087,910,0,910
22266,63088,8221,8200,21
22267,63089,5791,386,5405
22268,63090,22843,14616,8227
22269,63091,1342,0,1342
22270,63101,4171,4171,0
22271,63102,2508,2508,0
22272,63103,9411,9411,0
22273,63104,19317,19317,0
22274,63105,18846,18846,0
22275,63106,9113,9113,0
22276,63107,8829,8829,0
22277,63108,23603,23603,0
22278,63109,26777,26777,0
22279,63110,18199,18199,0
22280,63111,19538,19538,0
22281,63112,18954,18954,0
22282,63113,10882,10882,0
22283,63114,35237,35237,0
22284,63115,16056,16056,0
22285,63116,41959,41959,0
22286,63117,9660,9660,0
22287,63118,25194,25194,0
22288,63119,34793,34793,0
22289,63120,7213,7213,0
22290,63121,22909,22909,0
22291,63122,41319,41319,0
22292,63123,50989,50989,0
22293,63124,11375,11375,0
22294,63125,32816,32816,0
22295,63126,15851,15851,0
22296,63127,5642,5642,0
22297,63128,29728,29728,0
22298,63129,53432,53372,60
22299,63130,29454,29454,0
22300,63131,18241,18241,0
22301,63132,14657,14657,0
22302,63133,6444,6444,0
22303,63134,12737,12737,0
22304,63135,19584,19584,0
22305,63136,41767,41767,0
22306,63137,18765,18765,0
22307,63138,18852,18211,641
22308,63139,21971,21971,0
22309,63140,258,258,0
22310,63141,21995,21995,0
22311,63143,9686,9686,0
22312,63144,9596,9596,0
22313,63146,31459,31452,7
22314,63147,8499,8499,0
22315,63155,3,3,0
22316,63301,50890,49671,1219
22317,63303,47292,47276,16
22318,63304,42028,41445,583
22319,63330,55,0,55
22320,63332,1406,0,1406
22321,63333,713,0,713
22322,63334,8108,0,8108
22323,63336,1028,0,1028
22324,63339,1007,0,1007
22325,63341,3784,0,3784
22326,63343,4459,0,4459
22327,63344,1632,0,1632
22328,63345,331,0,331
22329,63347,2825,0,2825
22330,63348,10051,3507,6544
22331,63349,1962,0,1962
22332,63350,477,0,477
22333,63351,1766,0,1766
22334,63352,1017,0,1017
22335,63353,4394,0,4394
22336,63357,5835,0,5835
22337,63359,1319,0,1319
22338,63361,4334,0,4334
22339,63362,8799,3851,4948
22340,63363,1515,0,1515
22341,63365,63,0,63
22342,63366,53861,49439,4422
22343,63367,27009,26968,41
22344,63368,46007,45995,12
22345,63369,2698,0,2698
22346,63373,617,0,617
22347,63376,76064,75928,136
22348,63377,2728,0,2728
22349,63379,26583,12818,13765
22350,63380,859,641,218
22351,63381,505,0,505
22352,63382,4597,0,4597
22353,63383,15340,8256,7084
22354,63384,1693,0,1693
22355,63385,47756,42101,5655
22356,63386,397,0,397
22357,63387,52,0,52
22358,63388,695,0,695
22359,63389,7224,0,7224
22360,63390,11982,501,11481
22361,63401,21901,17672,4229
22362,63430,530,0,530
22363,63431,328,0,328
22364,63432,518,0,518
22365,63433,35,0,35
22366,63434,644,0,644
22367,63435,4391,0,4391
22368,63436,1169,0,1169
22369,63437,1485,0,1485
22370,63438,423,0,423
22371,63439,176,0,176
22372,63440,1227,0,1227
22373,63441,1179,0,1179
22374,63443,352,0,352
22375,63445,3726,0,3726
22376,63446,593,0,593
22377,63447,1035,0,1035
22378,63448,1520,0,1520
22379,63450,128,0,128
22380,63451,261,0,261
22381,63452,1222,0,1222
22382,63453,373,0,373
22383,63454,944,0,944
22384,63456,4432,0,4432
22385,63457,295,0,295
22386,63458,138,0,138
22387,63459,4162,0,4162
22388,63460,297,0,297
22389,63461,5942,0,5942
22390,63462,1508,0,1508
22391,63463,620,0,620
22392,63465,468,0,468
22393,63466,33,0,33
22394,63467,120,0,120
22395,63468,2560,0,2560
22396,63469,1092,0,1092
22397,63471,504,0,504
22398,63472,400,0,400
22399,63473,301,0,301
22400,63474,537,0,537
22401,63501,21501,16846,4655
22402,63530,880,0,880
22403,63531,549,0,549
22404,63532,1225,0,1225
22405,63533,822,0,822
22406,63534,730,0,730
22407,63535,57,0,57
22408,63536,791,0,791
22409,63537,1711,0,1711
22410,63538,242,0,242
22411,63539,235,0,235
22412,63540,141,0,141
22413,63541,354,0,354
22414,63543,306,0,306
22415,63544,807,0,807
22416,63545,939,0,939
22417,63546,1555,0,1555
22418,63547,407,0,407
22419,63548,1205,0,1205
22420,63549,2594,0,2594
22421,63551,352,0,352
22422,63552,7913,5359,2554
22423,63555,3182,0,3182
22424,63556,3452,0,3452
22425,63557,267,0,267
22426,63558,645,0,645
22427,63559,1227,0,1227
22428,63560,149,0,149
22429,63561,1182,0,1182
22430,63563,605,0,605
22431,63565,3682,0,3682
22432,63566,106,0,106
22433,63567,99,0,99
22434,63601,16123,12911,3212
22435,63620,1229,0,1229
22436,63621,1249,0,1249
22437,63622,934,0,934
22438,63623,850,0,850
22439,63624,3293,0,3293
22440,63625,441,0,441
22441,63626,935,0,935
22442,63627,2938,0,2938
22443,63628,16373,7352,9021
22444,63629,1049,0,1049
22445,63630,4169,0,4169
22446,63631,754,0,754
22447,63633,632,0,632
22448,63636,518,0,518
22449,63637,1013,0,1013
22450,63638,2746,0,2746
22451,63640,29145,19237,9908
22452,63645,11991,4986,7005
22453,63648,1348,0,1348
22454,63650,3989,0,3989
22455,63653,1126,0,1126
22456,63654,577,0,577
22457,63655,1242,0,1242
22458,63656,527,0,527
22459,63660,3699,0,3699
22460,63662,1020,0,1020
22461,63663,662,0,662
22462,63664,8333,0,8333
22463,63665,289,0,289
22464,63670,11691,4988,6703
22465,63673,2078,0,2078
22466,63674,119,0,119
22467,63675,103,0,103
22468,63701,39246,31066,8180
22469,63703,8599,8585,14
22470,63730,3136,0,3136
22471,63732,843,0,843
22472,63735,707,0,707
22473,63736,3337,0,3337
22474,63738,50,0,50
22475,63739,570,0,570
22476,63740,5223,0,5223
22477,63742,45,0,45
22478,63743,108,0,108
22479,63744,185,0,185
22480,63745,50,0,50
22481,63746,47,0,47
22482,63747,442,0,442
22483,63748,931,0,931
22484,63750,57,0,57
22485,63751,1332,0,1332
22486,63755,27496,15735,11761
22487,63758,359,359,0
22488,63760,630,0,630
22489,63763,158,0,158
22490,63764,4675,0,4675
22491,63766,1193,0,1193
22492,63767,631,0,631
22493,63769,1446,0,1446
22494,63770,174,0,174
22495,63771,2714,0,2714
22496,63774,123,0,123
22497,63775,16547,8062,8485
22498,63780,6326,4590,1736
22499,63781,1149,0,1149
22500,63782,235,0,235
22501,63783,145,0,145
22502,63784,204,0,204
22503,63785,905,0,905
22504,63787,625,0,625
22505,63801,22572,17683,4889
22506,63820,193,0,193
22507,63821,726,0,726
22508,63822,2789,0,2789
22509,63823,1091,0,1091
22510,63824,195,0,195
22511,63825,4016,0,4016
22512,63826,68,0,68
22513,63827,402,0,402
22514,63828,160,0,160
22515,63829,885,0,885
22516,63830,6443,5319,1124
22517,63833,157,0,157
22518,63834,6170,0,6170
22519,63837,1368,0,1368
22520,63839,346,0,346
22521,63840,61,0,61
22522,63841,13413,9635,3778
22523,63845,5278,0,5278
22524,63846,1227,0,1227
22525,63847,93,0,93
22526,63848,1153,0,1153
22527,63849,108,0,108
22528,63850,7,0,7
22529,63851,3765,0,3765
22530,63852,1277,0,1277
22531,63853,200,0,200
22532,63855,963,0,963
22533,63857,12236,10560,1676
22534,63860,120,0,120
22535,63862,1263,0,1263
22536,63863,5416,0,5416
22537,63866,409,0,409
22538,63867,884,0,884
22539,63868,694,0,694
22540,63869,3411,0,3411
22541,63870,842,0,842
22542,63873,4349,0,4349
22543,63874,304,0,304
22544,63876,2101,0,2101
22545,63877,3335,0,3335
22546,63878,70,0,70
22547,63879,556,0,556
22548,63880,88,0,88
22549,63882,306,0,306
22550,63901,34354,20449,13905
22551,63932,1157,0,1157
22552,63933,3175,0,3175
22553,63934,55,0,55
22554,63935,7746,0,7746
22555,63936,645,0,645
22556,63937,2609,0,2609
22557,63939,1277,0,1277
22558,63940,1207,0,1207
22559,63941,309,0,309
22560,63942,461,0,461
22561,63943,790,0,790
22562,63944,1282,0,1282
22563,63945,1350,0,1350
22564,63950,66,0,66
22565,63951,222,0,222
22566,63952,311,0,311
22567,63953,999,0,999
22568,63954,936,0,936
22569,63955,124,0,124
22570,63956,757,0,757
22571,63957,5011,0,5011
22572,63960,2989,0,2989
22573,63961,1477,0,1477
22574,63962,35,0,35
22575,63964,688,0,688
22576,63965,2166,0,2166
22577,63966,2169,0,2169
22578,63967,1867,0,1867
22579,64001,623,0,623
22580,64011,3391,0,3391
22581,64012,28364,25093,3271
22582,64014,27993,27499,494
22583,64015,33063,32772,291
22584,64016,4682,0,4682
22585,64017,461,0,461
22586,64018,915,0,915
22587,64019,2508,0,2508
22588,64020,3417,0,3417
22589,64021,674,0,674
22590,64022,151,0,151
22591,64024,15575,9840,5735
22592,64028,283,0,283
22593,64029,20054,17102,2952
22594,64030,26154,25891,263
22595,64034,8883,6676,2207
22596,64035,954,0,954
22597,64036,317,270,47
22598,64037,6290,4551,1739
22599,64040,6624,0,6624
22600,64048,4281,0,4281
22601,64050,22223,22010,213
22602,64052,22204,22204,0
22603,64053,5801,5801,0
22604,64054,3637,3615,22
22605,64055,36225,36225,0
22606,64056,17373,16397,976
22607,64057,14830,14188,642
22608,64058,6880,4901,1979
22609,64060,15340,10174,5166
22610,64061,3367,0,3367
22611,64062,6300,0,6300
22612,64063,20965,20955,10
22613,64064,19717,19179,538
22614,64065,14,0,14
22615,64066,79,0,79
22616,64067,5702,0,5702
22617,64068,37222,32877,4345
22618,64070,3565,0,3565
22619,64071,752,0,752
22620,64072,191,0,191
22621,64074,607,0,607
22622,64075,12319,7869,4450
22623,64076,9863,5529,4334
22624,64077,1711,0,1711
22625,64078,9886,5564,4322
22626,64079,14748,10710,4038
22627,64080,14003,8737,5266
22628,64081,24903,24866,37
22629,64082,17973,16956,1017
22630,64083,24945,23024,1921
22631,64084,1424,0,1424
22632,64085,8841,5587,3254
22633,64086,23957,21310,2647
22634,64088,1381,0,1381
22635,64089,13681,9684,3997
22636,64090,97,0,97
22637,64092,58,0,58
22638,64093,28112,19934,8178
22639,64096,1037,0,1037
22640,64097,1293,0,1293
22641,64098,3054,0,3054
22642,64101,270,270,0
22643,64102,15,15,0
22644,64105,6424,6424,0
22645,64106,10017,10017,0
22646,64108,9839,9839,0
22647,64109,10290,10290,0
22648,64110,15874,15874,0
22649,64111,17112,17112,0
22650,64112,9344,9344,0
22651,64113,12039,12039,0
22652,64114,24008,24008,0
22653,64116,17670,17670,0
22654,64117,15155,15155,0
22655,64118,42897,42897,0
22656,64119,30865,30865,0
22657,64120,880,880,0
22658,64123,10639,10639,0
22659,64124,12754,12754,0
22660,64125,1988,1988,0
22661,64126,6799,6799,0
22662,64127,17191,17191,0
22663,64128,11872,11872,0
22664,64129,8767,8767,0
22665,64130,20707,20707,0
22666,64131,21837,21837,0
22667,64132,13013,12907,106
22668,64133,35259,34753,506
22669,64134,22120,21557,563
22670,64136,2164,1961,203
22671,64137,10041,10041,0
22672,64138,25565,25094,471
22673,64139,2422,2208,214
22674,64145,5518,5377,141
22675,64146,1503,1125,378
22676,64147,524,524,0
22677,64149,432,0,432
22678,64150,4215,4215,0
22679,64151,28779,28779,0
22680,64152,29623,28866,757
22681,64153,6129,5531,598
22682,64154,12986,12727,259
22683,64155,28195,28077,118
22684,64156,7164,6814,350
22685,64157,23286,22492,794
22686,64158,6750,6750,0
22687,64161,483,255,228
22688,64163,1003,745,258
22689,64164,279,0,279
22690,64165,252,0,252
22691,64166,320,20,300
22692,64167,451,0,451
22693,64401,1525,0,1525
22694,64402,2221,0,2221
22695,64420,45,0,45
22696,64421,827,0,827
22697,64422,285,0,285
22698,64423,760,0,760
22699,64424,4188,0,4188
22700,64426,370,0,370
22701,64427,581,0,581
22702,64428,907,0,907
22703,64429,11744,8450,3294
22704,64430,766,0,766
22705,64431,357,0,357
22706,64432,106,0,106
22707,64433,111,0,111
22708,64434,447,0,447
22709,64436,776,0,776
22710,64437,455,0,455
22711,64438,221,0,221
22712,64439,1615,0,1615
22713,64440,757,0,757
22714,64441,144,0,144
22715,64442,766,0,766
22716,64443,1125,0,1125
22717,64444,1473,0,1473
22718,64445,250,0,250
22719,64446,1057,0,1057
22720,64448,1108,0,1108
22721,64449,421,0,421
22722,64451,373,0,373
22723,64453,221,0,221
22724,64454,2697,0,2697
22725,64455,363,0,363
22726,64456,1415,0,1415
22727,64457,251,0,251
22728,64458,140,0,140
22729,64459,483,0,483
22730,64461,792,0,792
22731,64463,1371,0,1371
22732,64465,4526,0,4526
22733,64466,470,0,470
22734,64467,178,0,178
22735,64468,14432,11212,3220
22736,64469,2220,0,2220
22737,64470,1454,0,1454
22738,64471,430,0,430
22739,64473,1447,0,1447
22740,64474,726,0,726
22741,64475,359,0,359
22742,64476,400,0,400
22743,64477,3302,0,3302
22744,64479,937,0,937
22745,64480,307,0,307
22746,64481,945,0,945
22747,64482,1928,0,1928
22748,64483,678,0,678
22749,64484,1022,0,1022
22750,64485,8448,5253,3195
22751,64486,332,0,332
22752,64487,694,0,694
22753,64489,2074,0,2074
22754,64490,2052,0,2052
22755,64491,1803,0,1803
22756,64492,1792,0,1792
22757,64493,521,0,521
22758,64494,975,0,975
22759,64496,186,0,186
22760,64497,532,0,532
22761,64498,305,0,305
22762,64499,151,0,151
22763,64501,11020,11020,0
22764,64503,12127,11861,266
22765,64504,10033,8466,1567
22766,64505,13261,9554,3707
22767,64506,22828,22783,45
22768,64507,14133,11376,2757
22769,64601,12034,9122,2912
22770,64620,495,0,495
22771,64622,506,0,506
22772,64623,488,0,488
22773,64624,1519,0,1519
22774,64625,583,0,583
22775,64628,5527,3869,1658
22776,64630,547,0,547
22777,64631,836,0,836
22778,64632,625,0,625
22779,64633,4924,0,4924
22780,64635,546,0,546
22781,64636,259,0,259
22782,64637,579,0,579
22783,64638,438,0,438
22784,64639,223,0,223
22785,64640,3168,0,3168
22786,64641,521,0,521
22787,64642,756,0,756
22788,64643,949,0,949
22789,64644,2977,0,2977
22790,64645,239,0,239
22791,64646,306,0,306
22792,64647,308,0,308
22793,64648,2085,0,2085
22794,64649,830,0,830
22795,64650,628,0,628
22796,64651,519,0,519
22797,64652,372,0,372
22798,64653,678,0,678
22799,64654,38,0,38
22800,64655,202,0,202
22801,64656,226,0,226
22802,64657,325,0,325
22803,64658,3193,0,3193
22804,64659,863,0,863
22805,64660,470,0,470
22806,64661,691,0,691
22807,64664,305,0,305
22808,64667,292,0,292
22809,64668,1258,0,1258
22810,64670,1077,0,1077
22811,64671,2085,0,2085
22812,64672,255,0,255
22813,64673,2470,0,2470
22814,64674,408,0,408
22815,64676,162,0,162
22816,64679,835,0,835
22817,64681,198,0,198
22818,64682,354,0,354
22819,64683,7900,5426,2474
22820,64686,226,0,226
22821,64688,533,0,533
22822,64689,604,0,604
22823,64701,14681,9423,5258
22824,64720,3869,0,3869
22825,64722,441,0,441
22826,64723,627,0,627
22827,64724,1755,0,1755
22828,64725,2349,0,2349
22829,64726,422,0,422
22830,64728,523,0,523
22831,64730,6803,0,6803
22832,64733,1065,0,1065
22833,64734,1976,0,1976
22834,64735,13450,8866,4584
22835,64738,1138,0,1138
22836,64739,1052,0,1052
22837,64740,1768,0,1768
22838,64741,279,0,279
22839,64742,2079,0,2079
22840,64743,301,0,301
22841,64744,7812,0,7812
22842,64745,73,0,73
22843,64746,1479,0,1479
22844,64747,3838,0,3838
22845,64748,1354,0,1354
22846,64750,409,0,409
22847,64752,700,0,700
22848,64755,2616,0,2616
22849,64756,742,0,742
22850,64759,7921,0,7921
22851,64761,1383,0,1383
22852,64762,1444,0,1444
22853,64763,1481,0,1481
22854,64765,22,0,22
22855,64767,831,0,831
22856,64769,463,0,463
22857,64770,953,0,953
22858,64771,501,0,501
22859,64772,12897,8529,4368
22860,64776,3651,0,3651
22861,64778,569,0,569
22862,64779,2337,0,2337
22863,64780,544,0,544
22864,64781,73,0,73
22865,64783,789,0,789
22866,64784,1306,0,1306
22867,64788,1355,0,1355
22868,64790,746,0,746
22869,64801,35234,30180,5054
22870,64804,38078,29404,8674
22871,64830,618,0,618
22872,64831,5910,0,5910
22873,64832,781,0,781
22874,64833,103,0,103
22875,64834,10239,8114,2125
22876,64835,1855,1743,112
22877,64836,25334,16272,9062
22878,64840,2785,0,2785
22879,64841,965,965,0
22880,64842,818,0,818
22881,64843,3290,0,3290
22882,64844,4412,0,4412
22883,64847,371,0,371
22884,64848,609,0,609
22885,64849,219,0,219
22886,64850,24586,12580,12006
22887,64854,4829,0,4829
22888,64855,2902,1454,1448
22889,64856,4164,25,4139
22890,64857,371,0,371
22891,64858,152,0,152
22892,64859,1377,0,1377
22893,64861,1227,0,1227
22894,64862,3282,0,3282
22895,64863,1724,0,1724
22896,64865,5670,0,5670
22897,64866,1321,0,1321
22898,64867,1381,0,1381
22899,64868,85,0,85
22900,64870,16566,14807,1759
22901,64873,970,0,970
22902,64874,732,0,732
22903,65001,327,0,327
22904,65010,7128,0,7128
22905,65011,2608,0,2608
22906,65013,3206,0,3206
22907,65014,2227,0,2227
22908,65016,1398,0,1398
22909,65017,1569,0,1569
22910,65018,7960,0,7960
22911,65020,14189,5743,8446
22912,65023,1889,78,1811
22913,65024,1018,0,1018
22914,65025,752,0,752
22915,65026,11141,4513,6628
22916,65032,1709,0,1709
22917,65034,720,0,720
22918,65035,1639,0,1639
22919,65037,4732,0,4732
22920,65039,2446,0,2446
22921,65040,1286,0,1286
22922,65041,5389,0,5389
22923,65043,10244,5180,5064
22924,65046,1168,0,1168
22925,65047,1249,0,1249
22926,65048,298,0,298
22927,65049,7260,5801,1459
22928,65050,616,0,616
22929,65051,4705,0,4705
22930,65052,3331,106,3225
22931,65053,1506,0,1506
22932,65054,771,0,771
22933,65058,963,0,963
22934,65059,983,0,983
22935,65061,607,0,607
22936,65062,27,0,27
22937,65063,3607,0,3607
22938,65064,572,0,572
22939,65065,6881,6834,47
22940,65066,6445,0,6445
22941,65067,378,0,378
22942,65068,806,0,806
22943,65069,599,0,599
22944,65072,1646,0,1646
22945,65074,3126,0,3126
22946,65075,889,0,889
22947,65076,732,0,732
22948,65077,491,0,491
22949,65078,3809,0,3809
22950,65079,4417,1522,2895
22951,65080,935,0,935
22952,65081,3663,0,3663
22953,65082,1108,0,1108
22954,65083,379,0,379
22955,65084,7291,0,7291
22956,65085,1165,0,1165
22957,65101,29960,16765,13195
22958,65109,39730,33936,5794
22959,65201,48734,45662,3072
22960,65202,48239,38640,9599
22961,65203,59712,57056,2656
22962,65215,239,239,0
22963,65216,234,234,0
22964,65230,650,0,650
22965,65231,3171,0,3171
22966,65232,245,0,245
22967,65233,11472,8034,3438
22968,65236,1293,0,1293
22969,65237,858,0,858
22970,65239,1261,0,1261
22971,65240,8292,0,8292
22972,65243,2734,0,2734
22973,65244,457,0,457
22974,65246,92,0,92
22975,65247,640,0,640
22976,65248,4781,0,4781
22977,65250,556,0,556
22978,65251,21867,12479,9388
22979,65254,1778,0,1778
22980,65255,4487,0,4487
22981,65256,2052,0,2052
22982,65257,1429,0,1429
22983,65258,493,0,493
22984,65259,2639,0,2639
22985,65260,576,0,576
22986,65261,1138,0,1138
22987,65262,863,0,863
22988,65263,1753,0,1753
22989,65264,792,0,792
22990,65265,15238,11351,3887
22991,65270,17565,12163,5402
22992,65274,1586,0,1586
22993,65275,2352,0,2352
22994,65276,1544,0,1544
22995,65278,104,0,104
22996,65279,1819,0,1819
22997,65280,208,0,208
22998,65281,2979,0,2979
22999,65282,109,0,109
23000,65283,459,0,459
23001,65284,2279,0,2279
23002,65285,652,0,652
23003,65286,114,0,114
23004,65287,316,0,316
23005,65301,34987,26043,8944
23006,65305,2851,2851,0
23007,65320,74,0,74
23008,65321,399,0,399
23009,65322,637,0,637
23010,65323,919,0,919
23011,65324,1302,0,1302
23012,65325,3142,0,3142
23013,65326,2051,0,2051
23014,65327,209,0,209
23015,65329,500,0,500
23016,65330,396,0,396
23017,65332,1652,0,1652
23018,65333,760,0,760
23019,65334,976,0,976
23020,65335,246,0,246
23021,65336,6136,2726,3410
23022,65337,1882,0,1882
23023,65338,2913,0,2913
23024,65339,533,0,533
23025,65340,16488,13471,3017
23026,65344,301,0,301
23027,65345,491,0,491
23028,65347,634,0,634
23029,65348,1263,0,1263
23030,65349,2371,0,2371
23031,65350,1681,0,1681
23032,65351,2301,0,2301
23033,65354,547,0,547
23034,65355,10675,0,10675
23035,65360,4692,0,4692
23036,65401,32310,20576,11734
23037,65409,34,34,0
23038,65436,99,0,99
23039,65438,2570,0,2570
23040,65439,227,0,227
23041,65440,445,0,445
23042,65441,4760,46,4714
23043,65443,94,0,94
23044,65444,1027,0,1027
23045,65446,395,0,395
23046,65449,341,0,341
23047,65452,2942,0,2942
23048,65453,7966,0,7966
23049,65456,460,0,460
23050,65457,245,0,245
23051,65459,7524,171,7353
23052,65461,133,0,133
23053,65462,1395,0,1395
23054,65463,882,0,882
23055,65464,366,0,366
23056,65466,1265,0,1265
23057,65468,101,0,101
23058,65470,1015,0,1015
23059,65473,15980,15485,495
23060,65479,360,0,360
23061,65483,4607,0,4607
23062,65484,165,0,165
23063,65486,3340,0,3340
23064,65501,215,0,215
23065,65529,171,0,171
23066,65534,944,0,944
23067,65535,1517,0,1517
23068,65536,29550,14710,14840
23069,65541,292,0,292
23070,65542,6489,0,6489
23071,65543,404,0,404
23072,65548,5897,0,5897
23073,65550,2836,0,2836
23074,65552,1911,0,1911
23075,65555,1060,0,1060
23076,65556,5574,0,5574
23077,65557,209,0,209
23078,65559,9128,0,9128
23079,65560,13292,4684,8608
23080,65564,230,0,230
23081,65565,5238,0,5238
23082,65566,777,0,777
23083,65567,1199,0,1199
23084,65570,412,0,412
23085,65571,1962,0,1962
23086,65580,858,0,858
23087,65582,1983,0,1983
23088,65583,13561,7975,5586
23089,65584,10714,8041,2673
23090,65586,23,0,23
23091,65588,2202,0,2202
23092,65589,134,0,134
23093,65590,1616,0,1616
23094,65591,1328,0,1328
23095,65601,923,0,923
23096,65603,172,0,172
23097,65604,3809,0,3809
23098,65605,11795,7378,4417
23099,65606,2662,0,2662
23100,65608,8496,0,8496
23101,65609,631,0,631
23102,65610,5339,0,5339
23103,65611,1988,0,1988
23104,65612,1377,0,1377
23105,65613,17890,10324,7566
23106,65614,521,0,521
23107,65616,27562,21835,5727
23108,65617,1727,0,1727
23109,65618,107,0,107
23110,65619,8684,7528,1156
23111,65620,353,0,353
23112,65622,8461,0,8461
23113,65623,36,0,36
23114,65624,1662,0,1662
23115,65625,8298,0,8298
23116,65626,1637,0,1637
23117,65627,503,0,503
23118,65629,646,0,646
23119,65630,521,0,521
23120,65631,5599,0,5599
23121,65632,2993,0,2993
23122,65633,4121,0,4121
23123,65634,582,0,582
23124,65635,574,0,574
23125,65637,917,0,917
23126,65638,389,0,389
23127,65640,910,0,910
23128,65641,1294,0,1294
23129,65644,2805,0,2805
23130,65646,1888,0,1888
23131,65647,2310,0,2310
23132,65648,5784,0,5784
23133,65649,1649,0,1649
23134,65650,1423,0,1423
23135,65652,4068,0,4068
23136,65653,5806,3457,2349
23137,65654,184,0,184
23138,65655,2806,0,2806
23139,65656,4684,0,4684
23140,65657,106,0,106
23141,65658,1026,0,1026
23142,65660,243,0,243
23143,65661,2422,0,2422
23144,65662,1215,0,1215
23145,65663,2424,0,2424
23146,65664,118,0,118
23147,65666,60,0,60
23148,65667,3404,0,3404
23149,65668,1631,0,1631
23150,65669,2531,0,2531
23151,65672,8548,5702,2846
23152,65674,2909,0,2909
23153,65675,39,0,39
23154,65676,361,0,361
23155,65679,2569,0,2569
23156,65680,1218,0,1218
23157,65681,2001,0,2001
23158,65682,1776,0,1776
23159,65685,943,0,943
23160,65686,4442,4328,114
23161,65688,56,0,56
23162,65689,4185,0,4185
23163,65690,180,0,180
23164,65692,965,0,965
23165,65702,368,0,368
23166,65704,3883,0,3883
23167,65705,3741,0,3741
23168,65706,15784,7537,8247
23169,65707,2275,0,2275
23170,65708,12973,9391,3582
23171,65710,1253,0,1253
23172,65711,9278,4219,5059
23173,65712,8464,0,8464
23174,65713,2562,0,2562
23175,65714,35109,27908,7201
23176,65715,83,0,83
23177,65717,2236,0,2236
23178,65720,538,0,538
23179,65721,32975,24341,8634
23180,65722,1833,0,1833
23181,65723,3673,0,3673
23182,65724,1283,0,1283
23183,65725,2441,0,2441
23184,65726,1696,1696,0
23185,65727,165,0,165
23186,65728,55,0,55
23187,65729,294,0,294
23188,65730,177,0,177
23189,65731,295,0,295
23190,65732,823,0,823
23191,65733,601,0,601
23192,65734,3232,0,3232
23193,65735,188,0,188
23194,65737,8209,139,8070
23195,65738,20995,17798,3197
23196,65739,1240,0,1240
23197,65740,3543,3373,170
23198,65741,5,0,5
23199,65742,12807,79,12728
23200,65744,103,0,103
23201,65745,2590,0,2590
23202,65746,8667,0,8667
23203,65747,3364,0,3364
23204,65752,510,0,510
23205,65753,4937,0,4937
23206,65754,990,0,990
23207,65755,397,0,397
23208,65756,783,0,783
23209,65757,7962,315,7647
23210,65759,1158,0,1158
23211,65760,676,0,676
23212,65761,1085,0,1085
23213,65762,397,0,397
23214,65764,1393,0,1393
23215,65766,94,0,94
23216,65767,1962,0,1962
23217,65768,292,0,292
23218,65769,3017,88,2929
23219,65770,3044,0,3044
23220,65771,1375,0,1375
23221,65772,2028,0,2028
23222,65773,566,0,566
23223,65774,767,0,767
23224,65775,24519,11852,12667
23225,65777,236,0,236
23226,65778,332,0,332
23227,65779,1768,0,1768
23228,65781,9609,6097,3512
23229,65783,154,0,154
23230,65784,44,0,44
23231,65785,5302,0,5302
23232,65786,2171,0,2171
23233,65787,1549,0,1549
23234,65788,466,0,466
23235,65789,1744,0,1744
23236,65790,763,0,763
23237,65791,4085,0,4085
23238,65793,6304,0,6304
23239,65801,16,16,0
23240,65802,48233,44836,3397
23241,65803,42007,35582,6425
23242,65804,40064,39971,93
23243,65806,12529,12529,0
23244,65807,55168,54915,253
23245,65809,11882,10281,1601
23246,65810,23168,22982,186
23247,65897,2773,2773,0
23248,66002,13376,10907,2469
23249,66006,7894,0,7894
23250,66007,9875,1456,8419
23251,66008,240,0,240
23252,66010,523,0,523
23253,66012,10126,6929,3197
23254,66013,2524,0,2524
23255,66014,402,0,402
23256,66015,732,0,732
23257,66016,541,0,541
23258,66017,301,0,301
23259,66018,6419,0,6419
23260,66020,1478,0,1478
23261,66021,2730,3,2727
23262,66023,1091,0,1091
23263,66024,714,637,77
23264,66025,8037,6400,1637
23265,66026,716,0,716
23266,66027,6634,6535,99
23267,66030,25164,23609,1555
23268,66031,732,732,0
23269,66032,5022,0,5022
23270,66033,760,0,760
23271,66035,1169,0,1169
23272,66039,582,0,582
23273,66040,3463,0,3463
23274,66041,644,0,644
23275,66042,689,0,689
23276,66043,10784,10648,136
23277,66044,28276,26606,1670
23278,66045,1601,1601,0
23279,66046,19903,18498,1405
23280,66047,19396,17544,1852
23281,66048,36628,30387,6241
23282,66049,32131,30749,1382
23283,66050,1787,0,1787
23284,66052,2070,0,2070
23285,66053,8325,0,8325
23286,66054,2774,0,2774
23287,66056,1722,0,1722
23288,66058,323,0,323
23289,66060,1080,0,1080
23290,66061,66166,63695,2471
23291,66062,77553,76250,1303
23292,66064,5783,0,5783
23293,66066,2681,0,2681
23294,66067,16011,12461,3550
23295,66070,2519,0,2519
23296,66071,12416,5553,6863
23297,66072,1023,0,1023
23298,66073,2295,0,2295
23299,66075,2097,0,2097
23300,66076,2282,0,2282
23301,66078,957,0,957
23302,66079,716,0,716
23303,66080,1005,0,1005
23304,66083,11379,7344,4035
23305,66085,11231,7093,4138
23306,66086,10662,5489,5173
23307,66087,2009,0,2009
23308,66088,2310,0,2310
23309,66090,2609,1490,1119
23310,66091,358,0,358
23311,66092,4287,0,4287
23312,66093,603,0,603
23313,66094,379,0,379
23314,66095,875,0,875
23315,66097,952,0,952
23316,66101,13785,13785,0
23317,66102,30730,30730,0
23318,66103,12741,12741,0
23319,66104,27509,26810,699
23320,66105,2870,2870,0
23321,66106,24085,23049,1036
23322,66109,26160,21851,4309
23323,66111,10506,8696,1810
23324,66112,12507,12463,44
23325,66115,0,0,0
23326,66118,25,25,0
23327,66160,491,491,0
23328,66202,16827,16827,0
23329,66203,19439,19439,0
23330,66204,19381,19381,0
23331,66205,13929,13929,0
23332,66206,10882,10882,0
23333,66207,14519,14519,0
23334,66208,21870,21870,0
23335,66209,20056,20056,0
23336,66210,19057,19057,0
23337,66211,4917,4917,0
23338,66212,32971,32971,0
23339,66213,30987,30987,0
23340,66214,12263,12263,0
23341,66215,26351,26351,0
23342,66216,25169,25169,0
23343,66217,5398,5318,80
23344,66218,9558,8580,978
23345,66219,13378,13378,0
23346,66220,8586,8309,277
23347,66221,24818,24734,84
23348,66223,24843,24843,0
23349,66224,13671,13662,9
23350,66226,14844,14415,429
23351,66227,8476,7547,929
23352,66251,12,12,0
23353,66401,1744,0,1744
23354,66402,3125,0,3125
23355,66403,756,0,756
23356,66404,522,0,522
23357,66406,443,0,443
23358,66407,492,0,492
23359,66408,417,0,417
23360,66409,3211,99,3112
23361,66411,1227,0,1227
23362,66412,292,0,292
23363,66413,1830,0,1830
23364,66414,2719,0,2719
23365,66415,848,0,848
23366,66416,489,0,489
23367,66417,442,0,442
23368,66418,701,0,701
23369,66419,422,0,422
23370,66422,445,0,445
23371,66423,855,0,855
23372,66424,521,0,521
23373,66425,432,0,432
23374,66427,1328,0,1328
23375,66428,372,0,372
23376,66429,564,0,564
23377,66431,641,0,641
23378,66432,389,0,389
23379,66434,4783,0,4783
23380,66436,5824,0,5824
23381,66438,267,0,267
23382,66439,2507,0,2507
23383,66440,1895,0,1895
23384,66441,26381,24559,1822
23385,66442,16751,16164,587
23386,66449,807,0,807
23387,66451,1709,0,1709
23388,66501,272,0,272
23389,66502,44384,41417,2967
23390,66503,16565,14266,2299
23391,66506,3128,3128,0
23392,66507,1227,0,1227
23393,66508,4348,0,4348
23394,66509,2600,0,2600
23395,66510,757,0,757
23396,66512,3390,0,3390
23397,66514,1692,0,1692
23398,66515,442,0,442
23399,66516,343,0,343
23400,66517,1666,1643,23
23401,66518,167,0,167
23402,66520,647,0,647
23403,66521,1521,0,1521
23404,66522,56,0,56
23405,66523,3722,0,3722
23406,66524,2540,0,2540
23407,66526,798,0,798
23408,66527,222,0,222
23409,66528,782,0,782
23410,66531,1359,0,1359
23411,66532,560,0,560
23412,66533,1826,0,1826
23413,66534,3704,0,3704
23414,66535,3276,0,3276
23415,66536,4151,0,4151
23416,66537,1328,0,1328
23417,66538,3342,0,3342
23418,66539,2762,50,2712
23419,66540,509,0,509
23420,66541,235,0,235
23421,66542,3628,1056,2572
23422,66543,782,0,782
23423,66544,300,0,300
23424,66546,1083,0,1083
23425,66547,8825,4899,3926
23426,66548,926,0,926
23427,66549,1583,0,1583
23428,66550,555,0,555
23429,66552,390,0,390
23430,66554,565,0,565
23431,66603,1569,1569,0
23432,66604,22933,22933,0
23433,66605,19531,19386,145
23434,66606,11056,11047,9
23435,66607,10414,10369,45
23436,66608,5247,5237,10
23437,66609,7519,7005,514
23438,66610,10414,7496,2918
23439,66611,9843,9843,0
23440,66612,2097,2097,0
23441,66614,31332,30425,907
23442,66615,3500,1909,1591
23443,66616,5610,5515,95
23444,66617,8818,3024,5794
23445,66618,9940,6044,3896
23446,66619,3207,3095,112
23447,66621,730,730,0
23448,66622,27,27,0
23449,66701,11642,7439,4203
23450,66710,671,0,671
23451,66711,582,0,582
23452,66712,1863,0,1863
23453,66713,5234,0,5234
23454,66714,183,0,183
23455,66716,580,0,580
23456,66717,429,0,429
23457,66720,10844,8710,2134
23458,66724,913,0,913
23459,66725,5065,0,5065
23460,66732,233,0,233
23461,66733,2056,0,2056
23462,66734,273,0,273
23463,66735,529,0,529
23464,66736,3614,0,3614
23465,66738,373,0,373
23466,66739,5283,0,5283
23467,66740,547,0,547
23468,66741,228,0,228
23469,66742,39,18,21
23470,66743,4191,0,4191
23471,66746,222,0,222
23472,66748,2603,0,2603
23473,66749,7512,5827,1685
23474,66751,722,0,722
23475,66753,1029,0,1029
23476,66754,440,0,440
23477,66755,989,0,989
23478,66756,878,0,878
23479,66757,3296,0,3296
23480,66758,212,0,212
23481,66760,104,0,104
23482,66761,228,0,228
23483,66762,25309,20120,5189
23484,66763,3329,3000,329
23485,66767,466,0,466
23486,66769,483,0,483
23487,66770,1025,0,1025
23488,66771,959,0,959
23489,66772,278,0,278
23490,66773,685,0,685
23491,66775,155,0,155
23492,66776,1356,0,1356
23493,66777,553,0,553
23494,66778,7,0,7
23495,66779,639,0,639
23496,66780,555,0,555
23497,66781,1124,0,1124
23498,66782,159,0,159
23499,66783,2157,0,2157
23500,66801,27369,24082,3287
23501,66830,257,0,257
23502,66833,517,0,517
23503,66834,878,0,878
23504,66835,1232,0,1232
23505,66838,165,0,165
23506,66839,4016,0,4016
23507,66840,698,0,698
23508,66842,316,0,316
23509,66843,190,0,190
23510,66845,1168,0,1168
23511,66846,3348,0,3348
23512,66849,406,0,406
23513,66850,211,0,211
23514,66851,482,0,482
23515,66852,627,0,627
23516,66853,287,0,287
23517,66854,751,0,751
23518,66856,1567,0,1567
23519,66857,806,0,806
23520,66858,395,0,395
23521,66859,161,0,161
23522,66860,1232,0,1232
23523,66861,3145,0,3145
23524,66862,135,0,135
23525,66863,37,0,37
23526,66864,406,0,406
23527,66865,1029,0,1029
23528,66866,1509,0,1509
23529,66868,749,0,749
23530,66869,612,0,612
23531,66870,157,0,157
23532,66871,1302,0,1302
23533,66872,863,0,863
23534,66873,307,0,307
23535,66901,6294,5031,1263
23536,66930,144,0,144
23537,66932,139,0,139
23538,66933,353,0,353
23539,66935,2477,0,2477
23540,66936,322,0,322
23541,66937,752,0,752
23542,66938,984,0,984
23543,66939,523,0,523
23544,66940,284,0,284
23545,66941,223,0,223
23546,66942,211,0,211
23547,66943,519,0,519
23548,66944,232,0,232
23549,66945,1065,0,1065
23550,66946,99,0,99
23551,66948,468,0,468
23552,66949,567,0,567
23553,66951,652,0,652
23554,66952,458,0,458
23555,66953,633,0,633
23556,66955,107,0,107
23557,66956,1184,0,1184
23558,66958,243,0,243
23559,66959,195,0,195
23560,66960,157,0,157
23561,66961,14,0,14
23562,66962,296,0,296
23563,66963,147,0,147
23564,66964,141,0,141
23565,66966,551,0,551
23566,66967,2005,0,2005
23567,66968,1534,0,1534
23568,66970,104,0,104
23569,67001,1909,0,1909
23570,67002,16518,14290,2228
23571,67003,2451,0,2451
23572,67004,733,0,733
23573,67005,15675,11878,3797
23574,67008,491,0,491
23575,67009,726,0,726
23576,67010,13564,9231,4333
23577,67012,44,0,44
23578,67013,2843,0,2843
23579,67016,574,0,574
23580,67017,2372,0,2372
23581,67018,125,0,125
23582,67019,934,0,934
23583,67020,1666,0,1666
23584,67021,58,0,58
23585,67022,1413,0,1413
23586,67023,202,0,202
23587,67024,720,0,720
23588,67025,3953,0,3953
23589,67026,4980,0,4980
23590,67028,192,0,192
23591,67029,918,0,918
23592,67030,2756,0,2756
23593,67031,2047,0,2047
23594,67035,911,0,911
23595,67036,122,0,122
23596,67037,30005,26132,3873
23597,67038,504,0,504
23598,67039,3106,0,3106
23599,67041,226,0,226
23600,67042,17458,12774,4684
23601,67045,3318,0,3318
23602,67047,650,0,650
23603,67049,86,0,86
23604,67050,2107,0,2107
23605,67051,428,0,428
23606,67052,8977,5938,3039
23607,67053,556,0,556
23608,67054,1164,0,1164
23609,67055,64,0,64
23610,67056,3056,0,3056
23611,67057,213,0,213
23612,67058,1882,0,1882
23613,67059,1008,0,1008
23614,67060,13860,12620,1240
23615,67061,155,0,155
23616,67062,3959,0,3959
23617,67063,3735,0,3735
23618,67065,194,0,194
23619,67066,215,0,215
23620,67067,1831,1712,119
23621,67068,4281,0,4281
23622,67070,1005,0,1005
23623,67071,79,0,79
23624,67072,210,0,210
23625,67073,299,0,299
23626,67074,1614,0,1614
23627,67101,6015,5265,750
23628,67102,61,0,61
23629,67103,274,0,274
23630,67104,2232,0,2232
23631,67105,168,0,168
23632,67106,454,0,454
23633,67107,3022,0,3022
23634,67108,1744,0,1744
23635,67109,338,0,338
23636,67110,8263,6295,1968
23637,67111,349,0,349
23638,67112,224,0,224
23639,67114,21375,18564,2811
23640,67117,1827,1814,13
23641,67118,778,0,778
23642,67119,1444,0,1444
23643,67120,1365,0,1365
23644,67122,191,0,191
23645,67123,711,0,711
23646,67124,7922,6589,1333
23647,67127,668,0,668
23648,67131,281,0,281
23649,67132,332,0,332
23650,67133,6694,0,6694
23651,67134,328,0,328
23652,67135,3389,0,3389
23653,67137,509,0,509
23654,67138,333,0,333
23655,67140,724,0,724
23656,67142,315,0,315
23657,67143,56,0,56
23658,67144,2753,0,2753
23659,67146,1727,0,1727
23660,67147,10715,6264,4451
23661,67149,1092,0,1092
23662,67150,10,0,10
23663,67151,460,0,460
23664,67152,9019,7398,1621
23665,67154,1340,0,1340
23666,67155,149,0,149
23667,67156,14592,11617,2975
23668,67159,192,0,192
23669,67202,2435,2435,0
23670,67203,30498,30498,0
23671,67204,21932,21505,427
23672,67205,20461,20101,360
23673,67206,17076,17076,0
23674,67207,28143,28143,0
23675,67208,17901,17901,0
23676,67209,14217,14217,0
23677,67210,8705,8299,406
23678,67211,19721,19721,0
23679,67212,43587,43587,0
23680,67213,21007,21007,0
23681,67214,15936,15936,0
23682,67215,6451,6086,365
23683,67216,23212,23207,5
23684,67217,30926,30475,451
23685,67218,23044,23044,0
23686,67219,12905,12840,65
23687,67220,14370,14360,10
23688,67221,402,402,0
23689,67223,512,211,301
23690,67226,20767,20420,347
23691,67227,473,0,473
23692,67228,2713,2351,362
23693,67230,12633,12465,168
23694,67232,333,0,333
23695,67235,14824,14491,333
23696,67260,937,937,0
23697,67301,12385,8477,3908
23698,67330,1481,0,1481
23699,67332,231,0,231
23700,67333,2603,0,2603
23701,67334,108,0,108
23702,67335,3406,0,3406
23703,67336,1474,0,1474
23704,67337,11806,8716,3090
23705,67340,324,0,324
23706,67341,481,0,481
23707,67342,804,0,804
23708,67344,781,0,781
23709,67345,171,0,171
23710,67346,335,0,335
23711,67347,405,0,405
23712,67349,863,0,863
23713,67351,379,0,379
23714,67352,446,0,446
23715,67353,561,0,561
23716,67354,717,0,717
23717,67355,237,0,237
23718,67356,2689,0,2689
23719,67357,12033,9433,2600
23720,67360,257,0,257
23721,67361,1764,0,1764
23722,67363,49,0,49
23723,67364,177,0,177
23724,67401,50338,46547,3791
23725,67410,9754,6605,3149
23726,67416,1066,0,1066
23727,67417,188,0,188
23728,67418,175,0,175
23729,67420,4281,0,4281
23730,67422,1254,0,1254
23731,67423,285,0,285
23732,67425,756,0,756
23733,67427,340,0,340
23734,67428,1389,0,1389
23735,67430,571,0,571
23736,67431,2424,0,2424
23737,67432,5796,4131,1665
23738,67436,563,0,563
23739,67437,995,0,995
23740,67438,289,0,289
23741,67439,3608,0,3608
23742,67441,943,0,943
23743,67442,241,0,241
23744,67443,1778,0,1778
23745,67444,519,0,519
23746,67445,608,0,608
23747,67446,534,0,534
23748,67447,256,0,256
23749,67448,1266,0,1266
23750,67449,2770,0,2770
23751,67450,505,0,505
23752,67451,816,0,816
23753,67452,215,0,215
23754,67454,534,0,534
23755,67455,1722,0,1722
23756,67456,4886,0,4886
23757,67457,794,0,794
23758,67458,236,0,236
23759,67459,244,0,244
23760,67460,16113,14039,2074
23761,67464,963,0,963
23762,67466,699,0,699
23763,67467,2822,0,2822
23764,67468,304,0,304
23765,67470,536,0,536
23766,67473,1645,0,1645
23767,67474,194,0,194
23768,67475,161,0,161
23769,67476,66,0,66
23770,67478,90,0,90
23771,67480,1707,0,1707
23772,67481,633,0,633
23773,67482,78,0,78
23774,67483,329,0,329
23775,67484,784,0,784
23776,67485,355,0,355
23777,67487,1350,0,1350
23778,67490,1140,0,1140
23779,67491,374,0,374
23780,67492,255,0,255
23781,67501,24779,21094,3685
23782,67502,23770,18936,4834
23783,67505,2538,2445,93
23784,67510,257,0,257
23785,67511,287,0,287
23786,67512,201,0,201
23787,67513,70,0,70
23788,67514,698,0,698
23789,67515,19,0,19
23790,67516,367,0,367
23791,67518,94,0,94
23792,67519,199,0,199
23793,67520,311,0,311
23794,67521,140,0,140
23795,67522,2131,0,2131
23796,67523,359,0,359
23797,67524,547,0,547
23798,67525,980,0,980
23799,67526,2639,0,2639
23800,67529,328,0,328
23801,67530,17901,14766,3135
23802,67543,2018,0,2018
23803,67544,3196,0,3196
23804,67545,193,0,193
23805,67546,2530,0,2530
23806,67547,1699,0,1699
23807,67548,1382,0,1382
23808,67550,5270,3734,1536
23809,67552,679,0,679
23810,67553,92,0,92
23811,67554,4150,0,4150
23812,67556,272,0,272
23813,67557,615,0,615
23814,67559,59,0,59
23815,67560,1557,0,1557
23816,67561,1489,0,1489
23817,67563,331,0,331
23818,67564,259,0,259
23819,67565,445,0,445
23820,67566,580,0,580
23821,67567,466,0,466
23822,67568,254,0,254
23823,67570,1366,0,1366
23824,67572,390,0,390
23825,67573,173,0,173
23826,67574,189,0,189
23827,67575,374,0,374
23828,67576,1809,0,1809
23829,67578,1305,0,1305
23830,67579,2959,0,2959
23831,67581,392,0,392
23832,67583,898,0,898
23833,67584,233,0,233
23834,67601,24428,21880,2548
23835,67621,331,0,331
23836,67622,540,0,540
23837,67623,237,0,237
23838,67625,264,0,264
23839,67626,160,0,160
23840,67627,97,0,97
23841,67628,79,0,79
23842,67629,137,0,137
23843,67631,221,0,221
23844,67632,199,0,199
23845,67634,237,0,237
23846,67635,130,0,130
23847,67637,2576,0,2576
23848,67638,207,0,207
23849,67639,145,0,145
23850,67640,574,0,574
23851,67642,1661,0,1661
23852,67643,206,0,206
23853,67644,216,0,216
23854,67645,435,0,435
23855,67646,589,0,589
23856,67647,243,0,243
23857,67648,491,0,491
23858,67649,243,0,243
23859,67650,215,0,215
23860,67651,438,0,438
23861,67653,272,0,272
23862,67654,4333,0,4333
23863,67656,156,0,156
23864,67657,314,0,314
23865,67658,98,0,98
23866,67659,103,0,103
23867,67660,59,0,59
23868,67661,3171,0,3171
23869,67663,2424,0,2424
23870,67664,253,0,253
23871,67665,5011,4066,945
23872,67667,170,0,170
23873,67669,1843,0,1843
23874,67671,1550,0,1550
23875,67672,2210,0,2210
23876,67673,99,0,99
23877,67674,62,0,62
23878,67675,183,0,183
23879,67701,6561,5467,1094
23880,67730,1717,0,1717
23881,67731,659,0,659
23882,67732,528,0,528
23883,67733,120,0,120
23884,67734,190,0,190
23885,67735,5467,4439,1028
23886,67736,224,0,224
23887,67737,473,0,473
23888,67738,487,0,487
23889,67739,226,0,226
23890,67740,1732,0,1732
23891,67741,305,0,305
23892,67743,183,0,183
23893,67744,195,0,195
23894,67745,281,0,281
23895,67747,144,0,144
23896,67748,2541,0,2541
23897,67749,2158,0,2158
23898,67751,199,0,199
23899,67752,1384,0,1384
23900,67753,472,0,472
23901,67756,1917,0,1917
23902,67757,420,0,420
23903,67758,1021,0,1021
23904,67761,258,0,258
23905,67762,286,0,286
23906,67764,395,0,395
23907,67801,31090,27702,3388
23908,67831,971,0,971
23909,67834,876,0,876
23910,67835,2837,0,2837
23911,67836,104,0,104
23912,67837,808,0,808
23913,67838,903,0,903
23914,67839,1281,0,1281
23915,67840,81,0,81
23916,67841,320,0,320
23917,67842,394,0,394
23918,67843,96,0,96
23919,67844,804,0,804
23920,67846,35205,30976,4229
23921,67849,382,0,382
23922,67850,330,0,330
23923,67851,2798,0,2798
23924,67853,780,0,780
23925,67854,1191,0,1191
23926,67855,1865,0,1865
23927,67857,157,0,157
23928,67859,547,0,547
23929,67860,2961,0,2961
23930,67861,1875,0,1875
23931,67862,246,0,246
23932,67863,317,0,317
23933,67864,1949,0,1949
23934,67865,1042,0,1042
23935,67867,1591,0,1591
23936,67868,211,0,211
23937,67869,1346,0,1346
23938,67870,1534,0,1534
23939,67871,5148,0,5148
23940,67876,1224,0,1224
23941,67877,2039,0,2039
23942,67878,2331,0,2331
23943,67879,1277,0,1277
23944,67880,7359,5865,1494
23945,67882,390,0,390
23946,67901,21242,19843,1399
23947,67950,2058,0,2058
23948,67951,4688,0,4688
23949,67952,597,0,597
23950,67953,88,0,88
23951,67954,549,0,549
23952,68001,71,0,71
23953,68002,2181,0,2181
23954,68003,5291,0,5291
23955,68004,867,0,867
23956,68005,23236,23177,59
23957,68007,16250,13737,2513
23958,68008,12597,8001,4596
23959,68010,410,410,0
23960,68014,263,0,263
23961,68015,1039,0,1039
23962,68016,498,0,498
23963,68017,1702,0,1702
23964,68018,534,0,534
23965,68019,524,0,524
23966,68020,624,0,624
23967,68022,30996,28476,2520
23968,68023,2740,0,2740
23969,68025,31301,28262,3039
23970,68028,15954,12994,2960
23971,68029,860,0,860
23972,68030,809,0,809
23973,68031,1628,0,1628
23974,68033,435,0,435
23975,68034,939,0,939
23976,68036,401,0,401
23977,68037,2615,0,2615
23978,68038,1321,0,1321
23979,68039,1355,0,1355
23980,68040,339,0,339
23981,68041,991,0,991
23982,68042,111,0,111
23983,68044,692,0,692
23984,68045,1919,0,1919
23985,68046,32242,30691,1551
23986,68047,1709,0,1709
23987,68048,12991,6655,6336
23988,68050,597,0,597
23989,68055,279,0,279
23990,68056,6,6,0
23991,68057,1525,0,1525
23992,68058,249,0,249
23993,68059,3408,5,3403
23994,68061,2414,0,2414
23995,68062,267,0,267
23996,68063,253,0,253
23997,68064,3872,0,3872
23998,68065,1414,0,1414
23999,68066,6065,4782,1283
24000,68067,1098,0,1098
24001,68068,129,0,129
24002,68069,2854,1328,1526
24003,68070,783,0,783
24004,68071,2011,0,2011
24005,68072,19,0,19
24006,68073,2182,0,2182
24007,68102,9130,9130,0
24008,68104,36706,36706,0
24009,68105,22669,22669,0
24010,68106,21871,21871,0
24011,68107,31064,31064,0
24012,68108,15623,15623,0
24013,68110,9665,9665,0
24014,68111,25048,25048,0
24015,68112,11095,10151,944
24016,68113,841,841,0
24017,68114,18078,18078,0
24018,68116,34003,33953,50
24019,68117,8387,8387,0
24020,68118,9802,9802,0
24021,68122,12999,12105,894
24022,68123,32203,31394,809
24023,68124,15503,15503,0
24024,68127,22507,22507,0
24025,68128,19160,19160,0
24026,68130,21501,21266,235
24027,68131,13609,13609,0
24028,68132,13729,13729,0
24029,68133,13705,12827,878
24030,68134,28996,28996,0
24031,68135,30728,30607,121
24032,68136,20984,20948,36
24033,68137,26537,26537,0
24034,68138,12327,12292,35
24035,68142,5511,4673,838
24036,68144,24994,24994,0
24037,68147,11387,11352,35
24038,68152,6615,4462,2153
24039,68154,23383,23383,0
24040,68157,5525,5521,4
24041,68164,28314,28314,0
24042,68178,2267,2267,0
24043,68182,803,803,0
24044,68183,0,0,0
24045,68301,1654,0,1654
24046,68303,261,0,261
24047,68304,329,0,329
24048,68305,4368,0,4368
24049,68307,440,0,440
24050,68309,90,0,90
24051,68310,14134,12142,1992
24052,68313,938,0,938
24053,68314,342,0,342
24054,68315,121,0,121
24055,68316,396,0,396
24056,68317,2044,0,2044
24057,68318,407,0,407
24058,68319,540,0,540
24059,68320,393,0,393
24060,68321,309,0,309
24061,68322,420,0,420
24062,68323,240,0,240
24063,68324,153,0,153
24064,68325,207,0,207
24065,68326,258,0,258
24066,68327,329,0,329
24067,68328,447,0,447
24068,68329,580,0,580
24069,68330,63,0,63
24070,68331,1016,0,1016
24071,68332,115,0,115
24072,68333,8484,6959,1525
24073,68335,535,0,535
24074,68336,504,0,504
24075,68337,322,0,322
24076,68338,241,0,241
24077,68339,1645,0,1645
24078,68340,933,0,933
24079,68341,966,0,966
24080,68342,528,0,528
24081,68343,1012,0,1012
24082,68344,399,0,399
24083,68345,215,0,215
24084,68346,459,0,459
24085,68347,2551,0,2551
24086,68348,209,0,209
24087,68349,1132,0,1132
24088,68350,166,0,166
24089,68351,724,0,724
24090,68352,5075,4011,1064
24091,68354,866,0,866
24092,68355,4930,4133,797
24093,68357,382,0,382
24094,68358,1935,0,1935
24095,68359,1401,0,1401
24096,68360,570,0,570
24097,68361,2483,0,2483
24098,68362,33,0,33
24099,68364,183,0,183
24100,68365,227,0,227
24101,68366,1110,0,1110
24102,68367,472,0,472
24103,68368,574,0,574
24104,68370,1954,0,1954
24105,68371,1531,0,1531
24106,68372,3813,0,3813
24107,68375,108,0,108
24108,68376,1322,0,1322
24109,68377,369,0,369
24110,68378,644,0,644
24111,68379,58,0,58
24112,68380,61,0,61
24113,68381,177,0,177
24114,68382,35,0,35
24115,68401,730,0,730
24116,68402,1330,0,1330
24117,68403,180,0,180
24118,68404,1043,0,1043
24119,68405,3378,0,3378
24120,68406,370,0,370
24121,68407,789,0,789
24122,68409,900,0,900
24123,68410,8620,7020,1600
24124,68413,550,0,550
24125,68414,251,0,251
24126,68415,534,0,534
24127,68416,233,0,233
24128,68417,298,0,298
24129,68418,1220,0,1220
24130,68419,247,0,247
24131,68420,1301,0,1301
24132,68421,987,0,987
24133,68422,535,0,535
24134,68423,1007,0,1007
24135,68424,670,0,670
24136,68428,1570,0,1570
24137,68429,68,0,68
24138,68430,2063,24,2039
24139,68431,341,0,341
24140,68433,193,0,193
24141,68434,9209,7473,1736
24142,68436,548,0,548
24143,68437,290,0,290
24144,68438,136,0,136
24145,68439,482,0,482
24146,68440,90,0,90
24147,68441,231,0,231
24148,68442,275,0,275
24149,68443,1029,0,1029
24150,68444,88,0,88
24151,68445,125,0,125
24152,68446,2799,0,2799
24153,68447,459,0,459
24154,68448,378,0,378
24155,68450,3369,0,3369
24156,68452,82,0,82
24157,68453,317,0,317
24158,68454,748,0,748
24159,68455,733,0,733
24160,68456,1070,0,1070
24161,68457,296,0,296
24162,68458,170,0,170
24163,68460,905,0,905
24164,68461,708,0,708
24165,68462,4886,0,4886
24166,68463,1488,0,1488
24167,68464,465,0,465
24168,68465,2522,0,2522
24169,68466,1755,0,1755
24170,68467,9663,7968,1695
24171,68502,27238,27228,10
24172,68503,15064,15064,0
24173,68504,17155,17155,0
24174,68505,17475,17475,0
24175,68506,28203,28203,0
24176,68507,15680,15533,147
24177,68508,17249,17249,0
24178,68510,20669,20669,0
24179,68512,13492,13425,67
24180,68514,266,131,135
24181,68516,47448,46410,1038
24182,68517,517,7,510
24183,68520,2024,1573,451
24184,68521,37251,37129,122
24185,68522,14496,13794,702
24186,68523,1882,23,1859
24187,68524,5843,5457,386
24188,68526,7788,7179,609
24189,68527,1849,876,973
24190,68528,6929,6592,337
24191,68531,80,0,80
24192,68532,683,0,683
24193,68588,21,21,0
24194,68601,30189,24838,5351
24195,68620,2941,0,2941
24196,68621,434,30,404
24197,68622,293,0,293
24198,68623,235,0,235
24199,68624,1012,0,1012
24200,68626,627,0,627
24201,68627,633,0,633
24202,68628,803,0,803
24203,68629,1275,0,1275
24204,68631,432,0,432
24205,68632,3966,0,3966
24206,68633,1111,0,1111
24207,68634,459,0,459
24208,68635,487,0,487
24209,68636,1287,0,1287
24210,68637,291,0,291
24211,68638,1586,0,1586
24212,68640,1443,0,1443
24213,68641,1028,0,1028
24214,68642,1788,0,1788
24215,68643,968,0,968
24216,68644,737,0,737
24217,68647,612,0,612
24218,68648,449,0,449
24219,68649,1910,0,1910
24220,68651,1342,0,1342
24221,68652,660,0,660
24222,68653,781,0,781
24223,68654,601,0,601
24224,68655,147,0,147
24225,68658,691,0,691
24226,68659,179,0,179
24227,68660,1134,0,1134
24228,68661,7482,6522,960
24229,68662,1202,0,1202
24230,68663,660,0,660
24231,68664,254,0,254
24232,68665,751,0,751
24233,68666,1521,0,1521
24234,68667,108,0,108
24235,68669,395,0,395
24236,68701,31257,27407,3850
24237,68710,707,0,707
24238,68711,128,0,128
24239,68713,2235,0,2235
24240,68714,1065,0,1065
24241,68715,1621,0,1621
24242,68716,925,0,925
24243,68717,186,0,186
24244,68718,1672,0,1672
24245,68719,126,0,126
24246,68720,317,0,317
24247,68722,472,0,472
24248,68723,503,0,503
24249,68724,140,0,140
24250,68725,491,0,491
24251,68726,712,0,712
24252,68727,723,0,723
24253,68728,192,0,192
24254,68729,1739,0,1739
24255,68730,1919,0,1919
24256,68731,2899,2071,828
24257,68732,209,0,209
24258,68733,1258,0,1258
24259,68734,161,0,161
24260,68735,833,0,833
24261,68736,601,0,601
24262,68739,2844,0,2844
24263,68740,804,0,804
24264,68741,651,0,651
24265,68742,216,0,216
24266,68743,588,0,588
24267,68745,1523,0,1523
24268,68746,415,0,415
24269,68747,155,0,155
24270,68748,3020,0,3020
24271,68749,48,0,48
24272,68751,58,0,58
24273,68752,820,0,820
24274,68753,36,0,36
24275,68755,268,0,268
24276,68756,1974,0,1974
24277,68757,639,0,639
24278,68758,1047,0,1047
24279,68759,252,0,252
24280,68760,1394,0,1394
24281,68761,425,0,425
24282,68763,4701,0,4701
24283,68764,721,0,721
24284,68765,1373,0,1373
24285,68766,426,0,426
24286,68767,3327,0,3327
24287,68768,568,0,568
24288,68769,1793,0,1793
24289,68770,1603,0,1603
24290,68771,1459,0,1459
24291,68773,165,0,165
24292,68774,315,0,315
24293,68776,16007,15064,943
24294,68777,664,0,664
24295,68778,596,0,596
24296,68779,2342,0,2342
24297,68780,966,0,966
24298,68781,1442,0,1442
24299,68783,959,0,959
24300,68784,2169,0,2169
24301,68785,284,0,284
24302,68786,985,0,985
24303,68787,6862,5980,882
24304,68788,4861,0,4861
24305,68789,134,0,134
24306,68790,713,0,713
24307,68791,1798,0,1798
24308,68792,468,0,468
24309,68801,30440,28781,1659
24310,68803,26487,25370,1117
24311,68810,1101,948,153
24312,68812,783,0,783
24313,68813,544,0,544
24314,68814,923,0,923
24315,68815,566,0,566
24316,68816,145,0,145
24317,68817,351,0,351
24318,68818,5702,0,5702
24319,68820,399,0,399
24320,68821,102,0,102
24321,68822,4700,0,4700
24322,68823,2190,0,2190
24323,68824,1407,0,1407
24324,68825,1012,0,1012
24325,68826,4044,0,4044
24326,68827,634,0,634
24327,68828,173,0,173
24328,68831,838,0,838
24329,68832,1932,0,1932
24330,68833,203,0,203
24331,68834,228,0,228
24332,68835,430,0,430
24333,68836,1789,0,1789
24334,68837,93,0,93
24335,68838,297,0,297
24336,68840,2946,0,2946
24337,68841,658,0,658
24338,68842,613,0,613
24339,68843,785,0,785
24340,68844,197,0,197
24341,68845,20304,16434,3870
24342,68846,287,0,287
24343,68847,18458,16659,1799
24344,68849,1433,1433,0
24345,68850,12489,10438,2051
24346,68852,474,0,474
24347,68853,1573,0,1573
24348,68854,819,0,819
24349,68855,402,0,402
24350,68856,600,0,600
24351,68858,263,0,263
24352,68859,458,0,458
24353,68860,336,0,336
24354,68861,121,0,121
24355,68862,2908,0,2908
24356,68863,1132,0,1132
24357,68864,1068,0,1068
24358,68865,960,0,960
24359,68866,1000,0,1000
24360,68869,2216,0,2216
24361,68870,561,0,561
24362,68871,230,0,230
24363,68872,908,0,908
24364,68873,3476,0,3476
24365,68874,838,0,838
24366,68875,559,0,559
24367,68876,1502,0,1502
24368,68878,400,0,400
24369,68879,284,0,284
24370,68881,49,0,49
24371,68882,439,0,439
24372,68883,2194,0,2194
24373,68901,26269,24258,2011
24374,68920,1330,0,1330
24375,68922,1290,0,1290
24376,68923,106,0,106
24377,68924,1204,0,1204
24378,68925,422,0,422
24379,68926,709,0,709
24380,68927,1104,0,1104
24381,68928,379,0,379
24382,68929,157,0,157
24383,68930,1217,0,1217
24384,68932,400,0,400
24385,68933,895,0,895
24386,68934,186,0,186
24387,68935,678,0,678
24388,68936,188,0,188
24389,68937,1683,0,1683
24390,68938,507,0,507
24391,68939,1187,0,1187
24392,68940,453,0,453
24393,68941,718,0,718
24394,68942,447,0,447
24395,68943,227,0,227
24396,68944,1210,0,1210
24397,68945,233,0,233
24398,68946,66,0,66
24399,68947,569,0,569
24400,68948,339,0,339
24401,68949,6519,5454,1065
24402,68950,298,0,298
24403,68952,142,0,142
24404,68954,82,0,82
24405,68955,2084,549,1535
24406,68956,1246,0,1246
24407,68957,545,0,545
24408,68958,613,0,613
24409,68959,4047,0,4047
24410,68960,177,0,177
24411,68961,700,0,700
24412,68964,134,0,134
24413,68966,614,0,614
24414,68967,1042,0,1042
24415,68970,1248,0,1248
24416,68971,379,0,379
24417,68972,176,0,176
24418,68973,461,0,461
24419,68974,183,0,183
24420,68975,137,0,137
24421,68976,173,0,173
24422,68977,284,0,284
24423,68978,2215,0,2215
24424,68979,1823,0,1823
24425,68980,369,0,369
24426,68981,296,0,296
24427,68982,572,0,572
24428,69001,9347,7395,1952
24429,69020,398,0,398
24430,69021,1130,0,1130
24431,69022,1489,0,1489
24432,69023,439,0,439
24433,69024,1040,0,1040
24434,69025,1102,0,1102
24435,69026,193,0,193
24436,69027,137,0,137
24437,69028,726,0,726
24438,69029,363,0,363
24439,69030,283,0,283
24440,69032,436,0,436
24441,69033,2574,0,2574
24442,69034,808,0,808
24443,69036,58,0,58
24444,69037,82,0,82
24445,69038,408,0,408
24446,69039,152,0,152
24447,69040,516,0,516
24448,69041,102,0,102
24449,69042,11,0,11
24450,69043,493,0,493
24451,69044,792,0,792
24452,69045,867,0,867
24453,69046,182,0,182
24454,69101,28589,23582,5007
24455,69120,954,0,954
24456,69121,315,0,315
24457,69122,671,0,671
24458,69123,863,0,863
24459,69125,258,0,258
24460,69127,723,0,723
24461,69128,319,0,319
24462,69129,1271,0,1271
24463,69130,5178,0,5178
24464,69131,543,0,543
24465,69132,105,0,105
24466,69133,305,0,305
24467,69134,321,0,321
24468,69135,16,0,16
24469,69138,4323,0,4323
24470,69140,1674,0,1674
24471,69141,334,0,334
24472,69142,113,0,113
24473,69143,1420,0,1420
24474,69144,204,0,204
24475,69145,2841,0,2841
24476,69146,313,0,313
24477,69147,643,0,643
24478,69148,203,0,203
24479,69149,655,0,655
24480,69150,504,0,504
24481,69151,709,0,709
24482,69152,880,0,880
24483,69153,5914,4721,1193
24484,69154,1168,0,1168
24485,69155,984,0,984
24486,69156,682,0,682
24487,69157,98,0,98
24488,69161,103,0,103
24489,69162,7414,6232,1182
24490,69163,853,0,853
24491,69165,1746,0,1746
24492,69166,587,0,587
24493,69167,292,0,292
24494,69168,259,0,259
24495,69169,590,0,590
24496,69170,381,0,381
24497,69171,25,0,25
24498,69201,4143,0,4143
24499,69210,2197,0,2197
24500,69211,286,0,286
24501,69212,540,0,540
24502,69214,242,0,242
24503,69216,178,0,178
24504,69217,526,0,526
24505,69218,251,0,251
24506,69219,72,0,72
24507,69220,77,0,77
24508,69221,114,0,114
24509,69301,9632,8119,1513
24510,69331,95,0,95
24511,69333,291,0,291
24512,69334,2111,0,2111
24513,69335,50,0,50
24514,69336,2216,0,2216
24515,69337,6541,4930,1611
24516,69339,1339,0,1339
24517,69340,100,0,100
24518,69341,11091,9871,1220
24519,69343,2359,0,2359
24520,69345,433,0,433
24521,69346,546,0,546
24522,69347,1330,0,1330
24523,69348,1430,0,1430
24524,69350,346,0,346
24525,69351,195,0,195
24526,69352,572,0,572
24527,69353,42,0,42
24528,69354,76,0,76
24529,69355,108,0,108
24530,69356,1718,0,1718
24531,69357,3465,0,3465
24532,69358,1870,0,1870
24533,69360,1212,0,1212
24534,69361,17526,15233,2293
24535,69365,53,0,53
24536,69366,234,0,234
24537,69367,245,0,245
24538,70001,40068,40068,0
24539,70002,19857,19857,0
24540,70003,40068,40068,0
24541,70005,25431,25431,0
24542,70006,16540,16540,0
24543,70030,4365,0,4365
24544,70031,1290,0,1290
24545,70032,4533,4533,0
24546,70036,1057,0,1057
24547,70037,16262,15626,636
24548,70038,197,0,197
24549,70039,2800,2266,534
24550,70040,1200,107,1093
24551,70041,2675,0,2675
24552,70043,21596,21518,78
24553,70047,12783,12473,310
24554,70049,1975,0,1975
24555,70050,28,0,28
24556,70051,1777,1600,177
24557,70052,3162,3136,26
24558,70053,16509,16509,0
24559,70056,41498,41498,0
24560,70057,4201,2525,1676
24561,70058,41377,41377,0
24562,70062,16627,16627,0
24563,70065,51484,51484,0
24564,70067,2823,0,2823
24565,70068,33213,31147,2066
24566,70070,13769,12989,780
24567,70071,3205,3133,72
24568,70072,56924,55827,1097
24569,70075,5382,5241,141
24570,70076,276,276,0
24571,70079,2970,2970,0
24572,70080,1417,1094,323
24573,70082,832,0,832
24574,70083,2307,0,2307
24575,70084,6411,6337,74
24576,70085,4576,2842,1734
24577,70086,1782,294,1488
24578,70087,7244,6893,351
24579,70090,7152,131,7021
24580,70091,180,0,180
24581,70092,7502,7255,247
24582,70094,30638,29700,938
24583,70112,4988,4988,0
24584,70113,8569,8569,0
24585,70114,23127,23127,0
24586,70115,31736,31736,0
24587,70116,10676,10676,0
24588,70117,28528,28528,0
24589,70118,35635,35635,0
24590,70119,38048,38048,0
24591,70121,11523,11523,0
24592,70122,34986,34986,0
24593,70123,27346,27346,0
24594,70124,22777,22777,0
24595,70125,17457,17457,0
24596,70126,30397,30397,0
24597,70127,24332,24332,0
24598,70128,18260,18260,0
24599,70129,10884,9959,925
24600,70130,14521,14521,0
24601,70131,27473,26745,728
24602,70139,0,0,0
24603,70148,1603,1603,0
24604,70163,0,0,0
24605,70301,46661,35653,11008
24606,70310,383,383,0
24607,70339,5332,0,5332
24608,70340,81,81,0
24609,70341,3239,1837,1402
24610,70342,4806,4516,290
24611,70343,5059,3056,2003
24612,70344,5218,4128,1090
24613,70345,9119,8540,579
24614,70346,10342,8139,2203
24615,70352,233,0,233
24616,70353,1106,0,1106
24617,70354,4396,4226,170
24618,70355,920,0,920
24619,70356,2298,0,2298
24620,70357,2419,2015,404
24621,70358,1005,0,1005
24622,70359,9591,8736,855
24623,70360,28014,25474,2540
24624,70363,25319,20525,4794
24625,70364,29559,25818,3741
24626,70372,2323,1137,1186
24627,70373,6490,5275,1215
24628,70374,6699,4898,1801
24629,70375,198,100,98
24630,70377,3702,0,3702
24631,70380,21079,18007,3072
24632,70390,6593,3434,3159
24633,70391,104,62,42
24634,70392,8406,7443,963
24635,70393,421,219,202
24636,70394,13932,9776,4156
24637,70395,4843,3577,1266
24638,70397,1240,0,1240
24639,70401,21014,18255,2759
24640,70402,1634,1634,0
24641,70403,29737,26831,2906
24642,70420,8030,4744,3286
24643,70422,13863,0,13863
24644,70426,6094,0,6094
24645,70427,17941,11019,6922
24646,70431,5173,0,5173
24647,70433,41423,40521,902
24648,70435,20828,4431,16397
24649,70436,450,0,450
24650,70437,7575,0,7575
24651,70438,19652,0,19652
24652,70441,5006,0,5006
24653,70442,468,0,468
24654,70443,10229,0,10229
24655,70444,9667,0,9667
24656,70445,10866,0,10866
24657,70446,7255,0,7255
24658,70447,17120,14945,2175
24659,70448,25670,25016,654
24660,70449,3470,0,3470
24661,70450,2778,0,2778
24662,70451,192,156,36
24663,70452,13187,6874,6313
24664,70453,1122,0,1122
24665,70454,32154,22039,10115
24666,70455,2017,0,2017
24667,70456,2741,0,2741
24668,70457,221,0,221
24669,70458,37798,37687,111
24670,70460,22429,19363,3066
24671,70461,30740,27663,3077
24672,70462,5490,128,5362
24673,70463,98,0,98
24674,70464,220,0,220
24675,70465,425,0,425
24676,70466,8856,3249,5607
24677,70471,23334,22522,812
24678,70501,28721,28127,594
24679,70503,27497,27497,0
24680,70506,39801,39381,420
24681,70507,17791,17484,307
24682,70508,40343,40325,18
24683,70510,24074,13725,10349
24684,70512,10146,478,9668
24685,70513,134,0,134
24686,70514,1843,1649,194
24687,70515,3407,0,3407
24688,70516,1579,0,1579
24689,70517,26434,16000,10434
24690,70518,16683,14439,2244
24691,70519,122,37,85
24692,70520,20017,15765,4252
24693,70522,234,0,234
24694,70523,744,0,744
24695,70524,217,0,217
24696,70525,13232,282,12950
24697,70526,17333,13168,4165
24698,70528,2255,1959,296
24699,70529,11842,3976,7866
24700,70531,1373,0,1373
24701,70532,2560,0,2560
24702,70533,7282,2394,4888
24703,70534,725,0,725
24704,70535,17292,10510,6782
24705,70537,452,0,452
24706,70538,12604,8031,4573
24707,70541,733,0,733
24708,70542,3063,0,3063
24709,70543,3883,0,3883
24710,70544,10775,5347,5428
24711,70546,16277,9378,6899
24712,70548,10004,4656,5348
24713,70549,3836,0,3836
24714,70550,222,0,222
24715,70551,336,0,336
24716,70552,1226,0,1226
24717,70554,5540,0,5540
24718,70555,8925,3330,5595
24719,70556,545,0,545
24720,70558,140,140,0
24721,70559,2250,0,2250
24722,70560,39457,27341,12116
24723,70563,19145,13049,6096
24724,70570,38746,23498,15248
24725,70575,48,0,48
24726,70576,1422,0,1422
24727,70577,4424,0,4424
24728,70578,16201,8493,7708
24729,70580,202,0,202
24730,70581,934,0,934
24731,70582,19088,7941,11147
24732,70583,11981,8695,3286
24733,70584,7471,0,7471
24734,70585,243,0,243
24735,70586,19589,8097,11492
24736,70589,3464,0,3464
24737,70591,5529,0,5529
24738,70592,28975,24845,4130
24739,70601,34571,34440,131
24740,70605,39903,37544,2359
24741,70607,30339,24150,6189
24742,70609,260,260,0
24743,70611,22457,16498,5959
24744,70615,14949,10402,4547
24745,70629,19,19,0
24746,70630,1370,0,1370
24747,70631,823,0,823
24748,70632,315,0,315
24749,70633,8989,0,8989
24750,70634,25039,10879,14160
24751,70637,554,0,554
24752,70638,798,0,798
24753,70639,575,0,575
24754,70640,155,0,155
24755,70643,224,0,224
24756,70644,254,0,254
24757,70645,926,0,926
24758,70646,837,0,837
24759,70647,11386,155,11231
24760,70648,7198,0,7198
24761,70650,452,0,452
24762,70651,287,0,287
24763,70652,2557,0,2557
24764,70653,3005,0,3005
24765,70654,207,0,207
24766,70655,2414,0,2414
24767,70656,3824,3,3821
24768,70657,5533,0,5533
24769,70658,888,0,888
24770,70659,1350,1247,103
24771,70660,1648,0,1648
24772,70661,2179,0,2179
24773,70662,485,0,485
24774,70663,29325,22457,6868
24775,70665,12532,7696,4836
24776,70668,6576,0,6576
24777,70669,9830,8880,950
24778,70706,22476,15757,6719
24779,70710,6749,6689,60
24780,70711,5243,1818,3425
24781,70712,5627,0,5627
24782,70714,18954,14920,4034
24783,70715,899,0,899
24784,70719,4396,4235,161
24785,70721,643,643,0
24786,70722,5569,0,5569
24787,70723,1335,697,638
24788,70725,1743,960,783
24789,70726,59586,54519,5067
24790,70729,967,0,967
24791,70730,3613,0,3613
24792,70732,1110,0,1110
24793,70733,1670,0,1670
24794,70734,8384,7107,1277
24795,70736,513,0,513
24796,70737,47332,45211,2121
24797,70739,12890,9035,3855
24798,70740,1181,0,1181
24799,70743,397,90,307
24800,70744,5667,0,5667
24801,70747,194,0,194
24802,70748,6564,0,6564
24803,70749,1339,414,925
24804,70750,1321,0,1321
24805,70752,763,0,763
24806,70753,730,0,730
24807,70754,11966,0,11966
24808,70755,1715,0,1715
24809,70756,510,0,510
24810,70757,3056,0,3056
24811,70759,1239,0,1239
24812,70760,6509,5074,1435
24813,70761,806,0,806
24814,70762,1034,206,828
24815,70763,4129,2831,1298
24816,70764,15616,10155,5461
24817,70767,15309,9175,6134
24818,70769,46671,43830,2841
24819,70770,3816,0,3816
24820,70772,635,0,635
24821,70773,119,0,119
24822,70774,9900,5497,4403
24823,70775,9405,0,9405
24824,70776,5891,1397,4494
24825,70777,4387,0,4387
24826,70778,2950,2259,691
24827,70780,957,364,593
24828,70782,191,0,191
24829,70783,2422,1100,1322
24830,70785,22569,14662,7907
24831,70786,12,12,0
24832,70787,86,0,86
24833,70788,3692,0,3692
24834,70789,405,0,405
24835,70791,29432,16757,12675
24836,70801,340,340,0
24837,70802,26519,26519,0
24838,70803,3587,3587,0
24839,70805,26025,26025,0
24840,70806,27898,27898,0
24841,70807,16091,16086,5
24842,70808,32510,32510,0
24843,70809,25302,25302,0
24844,70810,42472,41890,582
24845,70811,13116,13063,53
24846,70812,10976,10976,0
24847,70813,1753,1753,0
24848,70814,14061,14044,17
24849,70815,29376,29376,0
24850,70816,45232,44874,358
24851,70817,35025,33112,1913
24852,70818,10492,9169,1323
24853,70819,5104,4794,310
24854,70820,23470,22889,581
24855,70825,0,0,0
24856,70836,535,535,0
24857,71001,4159,0,4159
24858,71002,194,0,194
24859,71003,857,0,857
24860,71004,526,0,526
24861,71006,15268,6228,9040
24862,71007,908,0,908
24863,71008,592,0,592
24864,71009,201,201,0
24865,71016,1929,0,1929
24866,71018,1330,0,1330
24867,71019,7362,0,7362
24868,71021,471,462,9
24869,71023,3235,0,3235
24870,71024,1207,0,1207
24871,71027,1861,0,1861
24872,71028,1351,0,1351
24873,71029,188,0,188
24874,71030,1514,0,1514
24875,71031,995,0,995
24876,71032,1996,0,1996
24877,71033,3581,2321,1260
24878,71034,278,0,278
24879,71037,21469,9438,12031
24880,71038,3321,0,3321
24881,71039,1716,0,1716
24882,71040,8288,0,8288
24883,71043,412,0,412
24884,71044,684,0,684
24885,71045,656,0,656
24886,71046,1183,0,1183
24887,71047,10698,433,10265
24888,71048,106,0,106
24889,71049,3108,0,3108
24890,71051,2025,0,2025
24891,71052,9409,5602,3807
24892,71055,18626,11618,7008
24893,71060,2919,0,2919
24894,71061,1518,0,1518
24895,71063,659,0,659
24896,71064,4262,0,4262
24897,71065,1072,0,1072
24898,71066,38,0,38
24899,71067,3435,29,3406
24900,71068,3292,0,3292
24901,71069,519,0,519
24902,71070,1358,0,1358
24903,71071,2335,773,1562
24904,71072,1383,0,1383
24905,71073,2154,1012,1142
24906,71075,5844,4696,1148
24907,71078,6958,0,6958
24908,71079,173,0,173
24909,71082,4395,0,4395
24910,71101,6560,6560,0
24911,71103,6362,6362,0
24912,71104,13680,13680,0
24913,71105,21308,21215,93
24914,71106,34906,33502,1404
24915,71107,31311,23166,8145
24916,71108,17727,17727,0
24917,71109,18414,18380,34
24918,71110,1951,1498,453
24919,71111,44476,43118,1358
24920,71112,32561,30573,1988
24921,71115,15436,14608,828
24922,71118,24582,24491,91
24923,71119,10724,9314,1410
24924,71129,13198,10828,2370
24925,71201,21565,21552,13
24926,71202,27535,24289,3246
24927,71203,37438,28781,8657
24928,71209,1091,1091,0
24929,71212,10,10,0
24930,71218,62,0,62
24931,71219,1148,0,1148
24932,71220,21154,12604,8550
24933,71222,3050,0,3050
24934,71223,358,0,358
24935,71225,8179,0,8179
24936,71226,1493,0,1493
24937,71227,4127,0,4127
24938,71229,1924,0,1924
24939,71230,4,0,4
24940,71232,6073,0,6073
24941,71233,254,171,83
24942,71234,4298,0,4298
24943,71235,4309,0,4309
24944,71237,1028,0,1028
24945,71238,2924,0,2924
24946,71241,9535,0,9535
24947,71242,23,0,23
24948,71243,157,0,157
24949,71245,4849,4390,459
24950,71247,847,782,65
24951,71250,138,0,138
24952,71251,8286,4341,3945
24953,71253,281,0,281
24954,71254,6755,0,6755
24955,71256,568,0,568
24956,71259,1686,0,1686
24957,71260,2653,0,2653
24958,71261,1449,0,1449
24959,71263,7103,0,7103
24960,71264,947,0,947
24961,71266,1588,0,1588
24962,71268,2737,122,2615
24963,71269,12343,0,12343
24964,71270,31513,22049,9464
24965,71272,2400,2400,0
24966,71275,2367,0,2367
24967,71276,219,0,219
24968,71277,1564,0,1564
24969,71279,45,0,45
24970,71280,4708,0,4708
24971,71282,9131,6988,2143
24972,71286,443,0,443
24973,71291,34670,32245,2425
24974,71292,22774,11996,10778
24975,71295,14069,5142,8927
24976,71301,20454,20310,144
24977,71302,13415,11366,2049
24978,71303,22797,20068,2729
24979,71316,66,0,66
24980,71320,156,0,156
24981,71322,5913,0,5913
24982,71323,1048,0,1048
24983,71325,1008,0,1008
24984,71326,1131,0,1131
24985,71327,5676,0,5676
24986,71328,7891,0,7891
24987,71330,76,0,76
24988,71331,974,0,974
24989,71333,576,0,576
24990,71334,8518,6400,2118
24991,71336,1499,0,1499
24992,71339,75,0,75
24993,71340,847,0,847
24994,71341,3096,0,3096
24995,71342,8100,0,8100
24996,71343,7260,0,7260
24997,71345,74,0,74
24998,71346,2598,0,2598
24999,71350,4228,1432,2796
25000,71351,11068,5250,5818
25001,71353,1500,0,1500
25002,71354,1587,0,1587
25003,71355,2537,0,2537
25004,71356,345,0,345
25005,71357,1595,0,1595
25006,71358,967,0,967
25007,71359,29,29,0
25008,71360,36026,22292,13734
25009,71362,2221,0,2221
25010,71366,1579,0,1579
25011,71367,1222,0,1222
25012,71368,1287,0,1287
25013,71369,2308,0,2308
25014,71371,2055,0,2055
25015,71373,6700,5908,792
25016,71375,968,0,968
25017,71378,2149,0,2149
25018,71401,73,0,73
25019,71403,4348,0,4348
25020,71404,828,0,828
25021,71405,5652,4236,1416
25022,71406,193,0,193
25023,71407,876,0,876
25024,71409,6262,4,6258
25025,71410,153,0,153
25026,71411,2536,0,2536
25027,71414,249,0,249
25028,71415,308,0,308
25029,71416,724,0,724
25030,71417,4691,0,4691
25031,71418,5625,0,5625
25032,71419,2049,0,2049
25033,71422,1469,0,1469
25034,71423,5207,0,5207
25035,71424,1219,0,1219
25036,71425,189,0,189
25037,71426,134,0,134
25038,71427,329,0,329
25039,71428,20,0,20
25040,71429,2988,0,2988
25041,71430,2423,0,2423
25042,71432,1042,0,1042
25043,71433,4149,0,4149
25044,71434,45,0,45
25045,71435,3801,0,3801
25046,71438,1595,0,1595
25047,71439,1712,0,1712
25048,71441,701,0,701
25049,71446,22095,8244,13851
25050,71447,1296,0,1296
25051,71449,9354,0,9354
25052,71450,929,0,929
25053,71452,42,0,42
25054,71454,2251,0,2251
25055,71455,178,0,178
25056,71456,1058,0,1058
25057,71457,25506,17426,8080
25058,71459,10086,7947,2139
25059,71461,2144,2117,27
25060,71462,1599,0,1599
25061,71463,9630,6700,2930
25062,71465,2894,0,2894
25063,71466,503,0,503
25064,71467,8232,0,8232
25065,71468,536,0,536
25066,71469,2953,0,2953
25067,71472,328,0,328
25068,71473,452,0,452
25069,71474,601,0,601
25070,71475,5,0,5
25071,71479,656,0,656
25072,71480,1157,0,1157
25073,71483,9944,4671,5273
25074,71485,2545,0,2545
25075,71486,3962,0,3962
25076,71497,1509,1509,0
25077,71601,13881,12893,988
25078,71602,16112,11550,4562
25079,71603,30236,22240,7996
25080,71630,398,0,398
25081,71631,621,0,621
25082,71635,10907,7184,3723
25083,71638,3544,0,3544
25084,71639,5603,4308,1295
25085,71640,2577,0,2577
25086,71642,524,0,524
25087,71643,4614,0,4614
25088,71644,543,0,543
25089,71646,6220,0,6220
25090,71647,1684,0,1684
25091,71651,121,0,121
25092,71652,974,0,974
25093,71653,4443,0,4443
25094,71654,4302,0,4302
25095,71655,14458,7974,6484
25096,71658,534,0,534
25097,71659,37,0,37
25098,71660,853,0,853
25099,71661,261,0,261
25100,71662,93,0,93
25101,71663,572,0,572
25102,71665,5274,0,5274
25103,71666,43,0,43
25104,71667,7203,0,7203
25105,71670,1168,0,1168
25106,71671,8210,5278,2932
25107,71674,587,0,587
25108,71675,1751,0,1751
25109,71676,543,0,543
25110,71677,175,0,175
25111,71678,16,0,16
25112,71701,17824,9873,7951
25113,71720,2195,0,2195
25114,71721,15,0,15
25115,71722,42,0,42
25116,71724,341,0,341
25117,71725,430,0,430
25118,71726,1139,0,1139
25119,71728,64,0,64
25120,71730,31103,18698,12405
25121,71740,1526,0,1526
25122,71742,4639,0,4639
25123,71743,3386,0,3386
25124,71744,3016,0,3016
25125,71745,119,0,119
25126,71747,828,0,828
25127,71748,112,0,112
25128,71749,2368,0,2368
25129,71751,817,0,817
25130,71752,878,0,878
25131,71753,16000,10403,5597
25132,71758,389,0,389
25133,71759,340,0,340
25134,71762,2288,0,2288
25135,71763,1332,0,1332
25136,71764,1743,0,1743
25137,71765,1666,0,1666
25138,71766,573,0,573
25139,71770,2991,0,2991
25140,71772,22,0,22
25141,71801,14991,8855,6136
25142,71820,67,0,67
25143,71822,8035,0,8035
25144,71823,66,0,66
25145,71825,600,0,600
25146,71826,1005,0,1005
25147,71827,632,0,632
25148,71831,124,0,124
25149,71832,10372,5894,4478
25150,71833,1948,0,1948
25151,71834,1363,0,1363
25152,71835,1162,0,1162
25153,71836,2701,0,2701
25154,71837,5389,0,5389
25155,71838,851,0,851
25156,71839,248,0,248
25157,71841,898,0,898
25158,71842,2046,0,2046
25159,71845,1842,0,1842
25160,71846,2516,0,2516
25161,71847,582,0,582
25162,71851,1919,0,1919
25163,71852,9856,0,9856
25164,71853,363,0,363
25165,71854,35580,25600,9980
25166,71855,557,0,557
25167,71857,5723,0,5723
25168,71858,1526,0,1526
25169,71859,304,0,304
25170,71860,2098,0,2098
25171,71861,2368,0,2368
25172,71862,600,0,600
25173,71864,68,0,68
25174,71865,231,0,231
25175,71866,618,0,618
25176,71901,29363,23061,6302
25177,71909,17935,12745,5190
25178,71913,46801,35894,10907
25179,71921,3532,0,3532
25180,71922,128,0,128
25181,71923,14138,8503,5635
25182,71929,4826,0,4826
25183,71933,1365,0,1365
25184,71935,810,0,810
25185,71937,1895,0,1895
25186,71940,1417,0,1417
25187,71941,1888,0,1888
25188,71942,115,0,115
25189,71943,4403,0,4403
25190,71944,660,0,660
25191,71945,1302,0,1302
25192,71949,1844,0,1844
25193,71950,684,0,684
25194,71952,94,0,94
25195,71953,14090,5534,8556
25196,71956,1826,48,1778
25197,71957,2966,0,2966
25198,71958,2327,0,2327
25199,71959,728,0,728
25200,71960,1128,0,1128
25201,71961,868,0,868
25202,71962,685,0,685
25203,71964,4179,140,4039
25204,71965,282,0,282
25205,71968,4564,0,4564
25206,71969,290,0,290
25207,71970,705,0,705
25208,71971,440,0,440
25209,71972,296,0,296
25210,71973,1236,0,1236
25211,71998,802,802,0
25212,71999,781,781,0
25213,72001,445,0,445
25214,72002,18477,10580,7897
25215,72003,715,0,715
25216,72004,956,0,956
25217,72005,140,0,140
25218,72006,2281,0,2281
25219,72007,9792,4648,5144
25220,72010,5958,0,5958
25221,72011,4671,288,4383
25222,72012,13407,7216,6191
25223,72013,1889,0,1889
25224,72014,54,0,54
25225,72015,28597,21399,7198
25226,72016,2967,0,2967
25227,72017,574,0,574
25228,72019,28097,20335,7762
25229,72020,3788,0,3788
25230,72021,3586,0,3586
25231,72022,18206,18111,95
25232,72023,37321,25489,11832
25233,72024,3406,0,3406
25234,72025,816,0,816
25235,72026,260,0,260
25236,72027,1256,0,1256
25237,72028,19,0,19
25238,72029,1758,0,1758
25239,72030,645,0,645
25240,72031,7087,0,7087
25241,72032,34316,18466,15850
25242,72034,47873,44037,3836
25243,72035,1979,1979,0
25244,72036,703,0,703
25245,72038,104,0,104
25246,72039,2254,0,2254
25247,72040,2804,0,2804
25248,72041,1243,0,1243
25249,72042,4764,0,4764
25250,72044,868,0,868
25251,72045,1163,0,1163
25252,72046,3965,0,3965
25253,72047,1051,0,1051
25254,72048,115,0,115
25255,72051,499,0,499
25256,72052,135,0,135
25257,72053,183,161,22
25258,72055,752,0,752
25259,72057,1035,0,1035
25260,72058,18525,0,18525
25261,72059,15,0,15
25262,72060,703,0,703
25263,72061,100,0,100
25264,72063,1529,0,1529
25265,72064,2359,0,2359
25266,72065,5305,0,5305
25267,72066,126,0,126
25268,72067,2503,0,2503
25269,72068,513,324,189
25270,72069,1077,0,1077
25271,72070,1842,0,1842
25272,72072,434,0,434
25273,72073,1012,0,1012
25274,72074,127,0,127
25275,72075,26,0,26
25276,72076,38443,30383,8060
25277,72079,599,0,599
25278,72080,709,0,709
25279,72081,7511,1478,6033
25280,72082,1579,1348,231
25281,72083,182,0,182
25282,72084,1059,0,1059
25283,72085,296,0,296
25284,72086,10673,0,10673
25285,72087,1575,0,1575
25286,72088,2148,0,2148
25287,72099,753,753,0
25288,72101,3008,0,3008
25289,72102,2557,0,2557
25290,72103,13739,6690,7049
25291,72104,23456,8833,14623
25292,72106,5206,2137,3069
25293,72107,170,0,170
25294,72108,44,0,44
25295,72110,11507,6340,5167
25296,72111,1369,0,1369
25297,72112,11065,5947,5118
25298,72113,25930,24906,1024
25299,72114,10957,10957,0
25300,72116,21715,21715,0
25301,72117,13730,10300,3430
25302,72118,22582,20502,2080
25303,72119,4,0,4
25304,72120,34784,30532,4252
25305,72121,2550,0,2550
25306,72122,1248,0,1248
25307,72123,308,0,308
25308,72125,888,0,888
25309,72126,3649,0,3649
25310,72127,2190,0,2190
25311,72128,785,0,785
25312,72129,1283,0,1283
25313,72130,385,0,385
25314,72131,4519,0,4519
25315,72132,3577,0,3577
25316,72133,29,0,29
25317,72134,296,0,296
25318,72135,2647,0,2647
25319,72136,1936,0,1936
25320,72137,2339,0,2339
25321,72139,184,0,184
25322,72140,276,0,276
25323,72141,519,0,519
25324,72142,2385,0,2385
25325,72143,35111,23502,11609
25326,72150,12218,4710,7508
25327,72152,304,0,304
25328,72153,2527,0,2527
25329,72156,557,0,557
25330,72157,1508,0,1508
25331,72160,9422,8132,1290
25332,72165,77,0,77
25333,72166,229,0,229
25334,72167,1634,0,1634
25335,72168,1903,0,1903
25336,72169,111,0,111
25337,72170,199,0,199
25338,72173,9888,0,9888
25339,72175,246,0,246
25340,72176,9418,5451,3967
25341,72178,40,0,40
25342,72179,425,0,425
25343,72180,90,0,90
25344,72181,52,0,52
25345,72182,68,0,68
25346,72183,912,0,912
25347,72199,61,17,44
25348,72201,961,961,0
25349,72202,10340,10337,3
25350,72204,31564,31279,285
25351,72205,22888,22888,0
25352,72206,22974,10778,12196
25353,72207,11036,11036,0
25354,72209,31641,31320,321
25355,72210,16348,10096,6252
25356,72211,24338,24338,0
25357,72212,12612,12612,0
25358,72223,25465,21912,3553
25359,72227,11090,11090,0
25360,72301,24479,24271,208
25361,72311,90,0,90
25362,72313,15,0,15
25363,72315,20311,15873,4438
25364,72320,1625,0,1625
25365,72322,87,0,87
25366,72324,2097,0,2097
25367,72325,22,0,22
25368,72326,2231,0,2231
25369,72327,1407,0,1407
25370,72328,50,0,50
25371,72329,4,0,4
25372,72330,524,0,524
25373,72331,2409,0,2409
25374,72332,74,0,74
25375,72333,424,0,424
25376,72335,16624,8183,8441
25377,72338,75,0,75
25378,72339,116,0,116
25379,72340,56,0,56
25380,72341,197,0,197
25381,72342,3977,2476,1501
25382,72346,486,0,486
25383,72347,592,0,592
25384,72348,2006,0,2006
25385,72350,966,0,966
25386,72351,784,0,784
25387,72352,30,0,30
25388,72353,71,0,71
25389,72354,2088,0,2088
25390,72355,2117,0,2117
25391,72358,1565,0,1565
25392,72359,405,374,31
25393,72360,5301,0,5301
25394,72364,16394,15042,1352
25395,72365,2817,0,2817
25396,72366,1729,0,1729
25397,72367,60,0,60
25398,72368,939,0,939
25399,72369,8,0,8
25400,72370,7717,6244,1473
25401,72372,1563,0,1563
25402,72373,974,0,974
25403,72374,716,0,716
25404,72376,1781,0,1781
25405,72377,23,0,23
25406,72379,33,0,33
25407,72383,20,0,20
25408,72384,761,0,761
25409,72386,1600,0,1600
25410,72387,21,0,21
25411,72389,241,0,241
25412,72390,7351,6123,1228
25413,72391,33,0,33
25414,72392,395,0,395
25415,72394,425,0,425
25416,72395,947,0,947
25417,72396,12898,7564,5334
25418,72401,43127,36890,6237
25419,72404,29344,23703,5641
25420,72405,17109,12437,4672
25421,72410,421,0,421
25422,72411,2406,0,2406
25423,72412,571,0,571
25424,72413,578,0,578
25425,72414,390,0,390
25426,72415,1244,0,1244
25427,72416,5661,142,5519
25428,72417,5720,0,5720
25429,72419,1601,0,1601
25430,72421,547,0,547
25431,72422,4377,0,4377
25432,72424,61,0,61
25433,72425,375,0,375
25434,72426,179,0,179
25435,72427,109,0,109
25436,72428,77,0,77
25437,72429,311,0,311
25438,72430,381,0,381
25439,72431,319,0,319
25440,72432,6135,0,6135
25441,72433,2708,1983,725
25442,72434,1984,0,1984
25443,72435,289,0,289
25444,72436,936,0,936
25445,72437,3486,0,3486
25446,72438,2399,0,2399
25447,72440,245,0,245
25448,72441,67,0,67
25449,72442,4859,0,4859
25450,72443,2991,0,2991
25451,72444,1742,0,1742
25452,72445,82,0,82
25453,72447,1798,0,1798
25454,72449,192,0,192
25455,72450,39945,25089,14856
25456,72453,177,0,177
25457,72454,4857,0,4857
25458,72455,13328,7164,6164
25459,72456,595,0,595
25460,72457,150,0,150
25461,72458,624,0,624
25462,72459,1310,0,1310
25463,72460,738,0,738
25464,72461,3499,0,3499
25465,72462,375,0,375
25466,72464,52,0,52
25467,72466,1461,0,1461
25468,72467,609,609,0
25469,72469,1115,0,1115
25470,72470,278,0,278
25471,72471,986,0,986
25472,72472,9164,7233,1931
25473,72473,2196,0,2196
25474,72476,7065,4557,2508
25475,72478,390,0,390
25476,72479,1269,0,1269
25477,72482,1302,0,1302
25478,72501,26444,10913,15531
25479,72512,2507,0,2507
25480,72513,2873,0,2873
25481,72515,60,0,60
25482,72517,361,0,361
25483,72519,3243,0,3243
25484,72520,267,0,267
25485,72521,4989,0,4989
25486,72522,393,0,393
25487,72523,900,0,900
25488,72524,369,0,369
25489,72526,267,0,267
25490,72527,524,0,524
25491,72528,203,0,203
25492,72529,4806,0,4806
25493,72530,1853,0,1853
25494,72531,792,0,792
25495,72532,1554,0,1554
25496,72533,367,0,367
25497,72534,1302,0,1302
25498,72536,402,0,402
25499,72537,828,0,828
25500,72538,422,0,422
25501,72539,371,0,371
25502,72540,118,0,118
25503,72542,3681,0,3681
25504,72543,12175,6743,5432
25505,72544,565,0,565
25506,72546,121,0,121
25507,72550,876,0,876
25508,72553,133,0,133
25509,72554,2749,0,2749
25510,72555,228,0,228
25511,72556,3362,0,3362
25512,72560,8834,0,8834
25513,72561,788,0,788
25514,72562,2208,0,2208
25515,72564,474,0,474
25516,72565,885,0,885
25517,72566,542,0,542
25518,72567,278,0,278
25519,72568,1698,0,1698
25520,72569,410,0,410
25521,72571,393,0,393
25522,72572,189,0,189
25523,72573,383,0,383
25524,72576,3934,0,3934
25525,72577,727,0,727
25526,72578,150,0,150
25527,72579,1457,0,1457
25528,72581,965,0,965
25529,72583,1678,0,1678
25530,72584,589,0,589
25531,72585,221,0,221
25532,72587,54,0,54
25533,72601,30483,13950,16533
25534,72611,1639,0,1639
25535,72615,24,0,24
25536,72616,10625,5057,5568
25537,72617,206,0,206
25538,72619,1941,0,1941
25539,72623,689,0,689
25540,72624,368,0,368
25541,72626,1141,0,1141
25542,72628,769,0,769
25543,72629,588,0,588
25544,72630,143,0,143
25545,72631,4036,0,4036
25546,72632,4704,0,4704
25547,72633,1886,0,1886
25548,72634,4888,0,4888
25549,72635,3717,1771,1946
25550,72636,25,0,25
25551,72638,7273,0,7273
25552,72639,572,0,572
25553,72640,394,0,394
25554,72641,2011,0,2011
25555,72642,1945,0,1945
25556,72644,2383,0,2383
25557,72645,1679,0,1679
25558,72648,493,0,493
25559,72650,4168,0,4168
25560,72651,1258,0,1258
25561,72653,28758,16012,12746
25562,72655,463,0,463
25563,72658,1599,0,1599
25564,72660,484,0,484
25565,72661,557,0,557
25566,72662,3018,0,3018
25567,72663,325,0,325
25568,72666,402,0,402
25569,72668,451,0,451
25570,72669,63,0,63
25571,72670,163,0,163
25572,72672,358,0,358
25573,72675,1543,0,1543
25574,72677,632,0,632
25575,72679,83,0,83
25576,72680,844,0,844
25577,72682,279,0,279
25578,72683,360,0,360
25579,72685,1248,0,1248
25580,72686,203,0,203
25581,72687,5935,0,5935
25582,72701,48269,40298,7971
25583,72703,33767,29766,4001
25584,72704,31145,24469,6676
25585,72712,38053,33984,4069
25586,72713,25076,20901,4175
25587,72714,13393,12234,1159
25588,72715,17012,14308,2704
25589,72717,893,0,893
25590,72718,4914,4396,518
25591,72719,16248,15920,328
25592,72721,350,0,350
25593,72722,3087,0,3087
25594,72727,6434,0,6434
25595,72729,236,0,236
25596,72730,9624,6803,2821
25597,72732,4990,0,4990
25598,72734,7905,0,7905
25599,72736,7046,0,7046
25600,72738,2509,0,2509
25601,72739,439,0,439
25602,72740,10026,0,10026
25603,72742,404,0,404
25604,72744,5227,0,5227
25605,72745,13371,9475,3896
25606,72747,216,0,216
25607,72749,105,0,105
25608,72751,8361,6026,2335
25609,72752,305,0,305
25610,72753,10525,5794,4731
25611,72756,41875,28608,13267
25612,72758,45105,43220,1885
25613,72760,276,0,276
25614,72761,23731,17756,5975
25615,72762,42175,34544,7631
25616,72764,60786,54438,6348
25617,72768,1241,0,1241
25618,72769,1226,0,1226
25619,72773,1102,0,1102
25620,72774,6309,0,6309
25621,72776,747,0,747
25622,72801,18510,18438,72
25623,72802,22752,9203,13549
25624,72821,1629,0,1629
25625,72823,6404,0,6404
25626,72824,1719,0,1719
25627,72826,31,0,31
25628,72827,170,0,170
25629,72828,106,0,106
25630,72829,150,0,150
25631,72830,15461,7816,7645
25632,72832,700,0,700
25633,72833,3818,0,3818
25634,72834,10189,3910,6279
25635,72835,838,0,838
25636,72837,7897,0,7897
25637,72838,118,0,118
25638,72839,305,0,305
25639,72840,1985,0,1985
25640,72841,175,0,175
25641,72842,1247,0,1247
25642,72843,2302,0,2302
25643,72845,1116,0,1116
25644,72846,4033,0,4033
25645,72847,2800,0,2800
25646,72851,679,0,679
25647,72852,333,0,333
25648,72853,1980,0,1980
25649,72854,621,0,621
25650,72855,5914,0,5914
25651,72856,292,0,292
25652,72857,1033,0,1033
25653,72858,3476,319,3157
25654,72860,299,0,299
25655,72863,1597,0,1597
25656,72865,1028,0,1028
25657,72901,20973,20973,0
25658,72903,25225,25076,149
25659,72904,22402,21772,630
25660,72905,0,0,0
25661,72908,14310,14298,12
25662,72916,10250,6798,3452
25663,72921,13770,5670,8100
25664,72923,4811,4785,26
25665,72926,522,0,522
25666,72927,8449,0,8449
25667,72928,680,0,680
25668,72930,451,0,451
25669,72932,1481,0,1481
25670,72933,4942,0,4942
25671,72934,942,0,942
25672,72935,449,0,449
25673,72936,14515,8953,5562
25674,72937,3530,0,3530
25675,72938,1160,0,1160
25676,72940,2303,0,2303
25677,72941,5079,0,5079
25678,72943,2526,0,2526
25679,72944,2620,0,2620
25680,72945,336,0,336
25681,72946,3288,0,3288
25682,72947,3973,0,3973
25683,72948,371,0,371
25684,72949,9725,0,9725
25685,72950,399,0,399
25686,72951,825,0,825
25687,72952,2512,0,2512
25688,72955,443,0,443
25689,72956,33870,24752,9118
25690,72958,6866,0,6866
25691,72959,2827,0,2827
25692,73001,64,0,64
25693,73002,967,0,967
25694,73003,22648,22348,300
25695,73004,886,0,886
25696,73005,8072,5005,3067
25697,73006,3136,0,3136
25698,73007,2931,0,2931
25699,73008,21592,21592,0
25700,73009,861,0,861
25701,73010,20744,0,20744
25702,73011,377,0,377
25703,73012,41289,39203,2086
25704,73013,56972,53677,3295
25705,73014,1419,0,1419
25706,73015,2282,0,2282
25707,73016,2053,0,2053
25708,73017,1692,0,1692
25709,73018,19806,15253,4553
25710,73019,2,2,0
25711,73020,24627,14067,10560
25712,73021,293,0,293
25713,73022,16,0,16
25714,73024,724,0,724
25715,73025,15524,9292,6232
25716,73026,11940,0,11940
25717,73027,1199,0,1199
25718,73028,3194,0,3194
25719,73029,1474,0,1474
25720,73030,4777,0,4777
25721,73031,27,0,27
25722,73032,189,0,189
25723,73033,375,0,375
25724,73034,47553,39633,7920
25725,73036,19602,14346,5256
25726,73038,1621,0,1621
25727,73040,1571,0,1571
25728,73041,324,0,324
25729,73042,883,0,883
25730,73043,152,0,152
25731,73044,24603,9343,15260
25732,73045,11272,0,11272
25733,73047,6441,0,6441
25734,73048,2056,68,1988
25735,73049,6717,0,6717
25736,73050,1482,0,1482
25737,73051,9541,1928,7613
25738,73052,6226,0,6226
25739,73053,677,0,677
25740,73054,4636,0,4636
25741,73055,9529,0,9529
25742,73056,431,0,431
25743,73057,2149,0,2149
25744,73058,322,0,322
25745,73059,2677,0,2677
25746,73061,1499,0,1499
25747,73062,1249,0,1249
25748,73063,710,0,710
25749,73064,25137,20991,4146
25750,73065,9725,0,9725
25751,73066,114,63,51
25752,73067,1783,0,1783
25753,73068,12368,6247,6121
25754,73069,26464,26073,391
25755,73070,121,121,0
25756,73071,43379,42734,645
25757,73072,51062,46618,4444
25758,73073,610,0,610
25759,73074,1123,0,1123
25760,73075,8974,5608,3366
25761,73077,6534,4445,2089
25762,73078,12069,2177,9892
25763,73079,603,0,603
25764,73080,10108,5399,4709
25765,73082,2618,0,2618
25766,73084,6595,4361,2234
25767,73086,8470,4847,3623
25768,73089,13696,0,13696
25769,73090,1008,0,1008
25770,73092,831,0,831
25771,73093,3415,0,3415
25772,73095,1831,0,1831
25773,73096,14520,12008,2512
25774,73097,290,143,147
25775,73098,3774,0,3774
25776,73099,83213,77131,6082
25777,73102,3072,3072,0
25778,73103,5046,5046,0
25779,73104,3545,3545,0
25780,73105,5835,5755,80
25781,73106,12956,12956,0
25782,73107,26318,26318,0
25783,73108,14451,14451,0
25784,73109,20148,20148,0
25785,73110,33156,33150,6
25786,73111,11451,11343,108
25787,73112,31113,31113,0
25788,73114,18694,18452,242
25789,73115,20880,20880,0
25790,73116,9531,9531,0
25791,73117,5859,5831,28
25792,73118,13521,13521,0
25793,73119,31216,31216,0
25794,73120,36530,36530,0
25795,73121,3218,1771,1447
25796,73122,13326,13326,0
25797,73127,27007,27007,0
25798,73128,5950,5950,0
25799,73129,19971,19971,0
25800,73130,21536,21411,125
25801,73131,3453,1952,1501
25802,73132,28394,28394,0
25803,73134,7078,7078,0
25804,73135,21562,21526,36
25805,73139,18781,18781,0
25806,73141,2671,2115,556
25807,73142,16461,16372,89
25808,73145,2096,2096,0
25809,73149,5726,5726,0
25810,73150,5166,1284,3882
25811,73151,1920,0,1920
25812,73159,32981,32981,0
25813,73160,60511,60338,173
25814,73162,28867,28867,0
25815,73165,7791,2442,5349
25816,73169,4295,3281,1014
25817,73170,41343,40848,495
25818,73173,4363,2013,2350
25819,73179,7575,7575,0
25820,73401,36744,21403,15341
25821,73425,129,0,129
25822,73430,1323,0,1323
25823,73432,967,0,967
25824,73433,2654,0,2654
25825,73434,558,0,558
25826,73435,92,0,92
25827,73436,113,0,113
25828,73437,48,0,48
25829,73438,2888,0,2888
25830,73439,7267,0,7267
25831,73440,227,0,227
25832,73441,148,0,148
25833,73442,482,0,482
25834,73443,3170,0,3170
25835,73444,126,0,126
25836,73446,7873,0,7873
25837,73447,882,0,882
25838,73448,6145,0,6145
25839,73449,2995,0,2995
25840,73450,1156,0,1156
25841,73453,654,0,654
25842,73455,574,0,574
25843,73456,1747,0,1747
25844,73458,734,0,734
25845,73459,1449,0,1449
25846,73460,4661,0,4661
25847,73461,825,0,825
25848,73463,3365,0,3365
25849,73481,899,0,899
25850,73487,187,0,187
25851,73488,29,0,29
25852,73491,704,0,704
25853,73501,19158,14359,4799
25854,73503,11796,10575,1221
25855,73505,46881,45547,1334
25856,73507,21605,16983,4622
25857,73520,101,0,101
25858,73521,20209,18609,1600
25859,73523,261,261,0
25860,73526,2108,0,2108
25861,73527,5403,0,5403
25862,73528,694,0,694
25863,73529,4721,0,4721
25864,73530,368,0,368
25865,73531,311,0,311
25866,73532,532,0,532
25867,73533,27396,20353,7043
25868,73537,459,0,459
25869,73538,6771,0,6771
25870,73539,173,0,173
25871,73540,494,0,494
25872,73541,3362,0,3362
25873,73542,3995,0,3995
25874,73543,1715,0,1715
25875,73544,217,0,217
25876,73546,1114,0,1114
25877,73547,1843,0,1843
25878,73548,439,0,439
25879,73549,316,0,316
25880,73550,2149,0,2149
25881,73551,48,0,48
25882,73552,1393,0,1393
25883,73553,34,0,34
25884,73554,3371,0,3371
25885,73555,193,0,193
25886,73556,162,0,162
25887,73557,295,0,295
25888,73559,457,0,457
25889,73560,631,0,631
25890,73562,579,0,579
25891,73564,528,0,528
25892,73565,885,0,885
25893,73566,1514,0,1514
25894,73567,704,0,704
25895,73568,1057,0,1057
25896,73569,391,0,391
25897,73570,1052,0,1052
25898,73571,60,0,60
25899,73572,3405,0,3405
25900,73573,2226,0,2226
25901,73601,9756,8022,1734
25902,73620,1106,0,1106
25903,73622,286,0,286
25904,73624,1960,0,1960
25905,73625,431,0,431
25906,73626,1085,0,1085
25907,73627,554,0,554
25908,73628,1530,0,1530
25909,73632,3354,0,3354
25910,73638,117,0,117
25911,73639,683,0,683
25912,73641,671,0,671
25913,73642,194,0,194
25914,73644,14198,11124,3074
25915,73645,1358,0,1358
25916,73646,363,0,363
25917,73647,598,0,598
25918,73650,1008,0,1008
25919,73651,3853,0,3853
25920,73654,754,0,754
25921,73655,809,0,809
25922,73658,236,0,236
25923,73659,150,0,150
25924,73660,373,0,373
25925,73661,421,0,421
25926,73662,6385,0,6385
25927,73663,1282,0,1282
25928,73664,981,0,981
25929,73666,344,0,344
25930,73667,451,0,451
25931,73668,57,0,57
25932,73669,1557,0,1557
25933,73673,302,0,302
25934,73701,24744,22428,2316
25935,73703,30376,27453,2923
25936,73705,313,313,0
25937,73716,476,0,476
25938,73717,6964,5145,1819
25939,73718,531,0,531
25940,73719,94,0,94
25941,73720,215,0,215
25942,73722,405,0,405
25943,73724,995,0,995
25944,73726,458,0,458
25945,73727,194,0,194
25946,73728,1840,0,1840
25947,73729,586,0,586
25948,73730,660,0,660
25949,73731,169,0,169
25950,73733,234,0,234
25951,73734,926,0,926
25952,73735,732,0,732
25953,73736,426,0,426
25954,73737,3525,0,3525
25955,73738,1055,0,1055
25956,73739,435,0,435
25957,73741,1702,0,1702
25958,73742,3909,0,3909
25959,73743,75,0,75
25960,73744,277,0,277
25961,73746,22,0,22
25962,73747,324,0,324
25963,73749,440,0,440
25964,73750,7232,0,7232
25965,73753,474,0,474
25966,73754,1083,0,1083
25967,73755,744,0,744
25968,73756,279,0,279
25969,73757,133,0,133
25970,73758,176,0,176
25971,73759,1364,0,1364
25972,73760,445,0,445
25973,73761,354,0,354
25974,73762,2257,0,2257
25975,73763,1443,0,1443
25976,73764,128,0,128
25977,73766,1064,0,1064
25978,73768,1493,0,1493
25979,73770,45,0,45
25980,73771,472,0,472
25981,73772,3574,0,3574
25982,73773,1768,0,1768
25983,73801,15671,11458,4213
25984,73832,897,0,897
25985,73834,1403,0,1403
25986,73835,319,0,319
25987,73838,573,0,573
25988,73840,643,0,643
25989,73841,1351,0,1351
25990,73842,353,0,353
25991,73843,785,0,785
25992,73844,192,0,192
25993,73848,1811,0,1811
25994,73851,101,0,101
25995,73852,1985,0,1985
25996,73853,508,0,508
25997,73855,149,0,149
25998,73857,615,0,615
25999,73858,1540,0,1540
26000,73859,1369,0,1369
26001,73860,1150,0,1150
26002,73901,148,0,148
26003,73931,399,0,399
26004,73932,1825,0,1825
26005,73933,1574,0,1574
26006,73937,195,0,195
26007,73938,719,0,719
26008,73939,1429,0,1429
26009,73942,14409,12516,1893
26010,73944,377,0,377
26011,73945,2745,0,2745
26012,73946,50,0,50
26013,73947,438,0,438
26014,73949,1162,0,1162
26015,73950,1771,0,1771
26016,73951,1076,0,1076
26017,73960,35,0,35
26018,74001,296,0,296
26019,74002,2001,0,2001
26020,74003,13751,11538,2213
26021,74006,27795,24556,3239
26022,74008,31745,26879,4866
26023,74010,10449,0,10449
26024,74011,31803,31168,635
26025,74012,63918,63907,11
26026,74014,41284,33099,8185
26027,74015,8270,4581,3689
26028,74016,5919,0,5919
26029,74017,29083,16662,12421
26030,74019,20333,8753,11580
26031,74020,7207,0,7207
26032,74021,21567,12143,9424
26033,74022,1628,0,1628
26034,74023,12117,6595,5522
26035,74026,971,0,971
26036,74027,760,0,760
26037,74028,1761,0,1761
26038,74029,4990,3385,1605
26039,74030,3529,0,3529
26040,74032,2298,0,2298
26041,74033,13254,12306,948
26042,74034,147,0,147
26043,74035,4288,0,4288
26044,74036,7182,0,7182
26045,74037,23727,23374,353
26046,74038,2172,0,2172
26047,74039,3760,0,3760
26048,74041,2680,2093,587
26049,74042,446,0,446
26050,74044,7363,0,7363
26051,74045,301,0,301
26052,74046,87,0,87
26053,74047,6931,0,6931
26054,74048,5537,0,5537
26055,74050,431,431,0
26056,74051,1928,0,1928
26057,74052,1021,0,1021
26058,74053,4962,0,4962
26059,74054,749,0,749
26060,74055,48776,41738,7038
26061,74056,4857,0,4857
26062,74058,3727,0,3727
26063,74059,5724,0,5724
26064,74060,463,0,463
26065,74061,2125,0,2125
26066,74062,993,0,993
26067,74063,30630,18306,12324
26068,74066,31255,19553,11702
26069,74068,57,0,57
26070,74070,15407,7342,8065
26071,74071,118,0,118
26072,74072,1651,675,976
26073,74073,5366,32,5334
26074,74074,32326,25453,6873
26075,74075,25033,21048,3985
26076,74077,1286,1286,0
26077,74078,450,450,0
26078,74079,4532,0,4532
26079,74080,2713,0,2713
26080,74081,1790,0,1790
26081,74082,144,0,144
26082,74083,1024,0,1024
26083,74084,452,0,452
26084,74085,2357,0,2357
26085,74103,3082,3082,0
26086,74104,12395,12395,0
26087,74105,26640,26640,0
26088,74106,16805,16793,12
26089,74107,19453,17763,1690
26090,74108,7545,7042,503
26091,74110,15197,15197,0
26092,74112,20810,20810,0
26093,74114,15843,15843,0
26094,74115,24461,24387,74
26095,74116,4069,4057,12
26096,74117,129,17,112
26097,74119,3445,3445,0
26098,74120,5037,5037,0
26099,74126,10338,9208,1130
26100,74127,15669,14652,1017
26101,74128,12982,12982,0
26102,74129,18755,18755,0
26103,74130,2212,2047,165
26104,74131,2988,2121,867
26105,74132,10968,9745,1223
26106,74133,48331,48331,0
26107,74134,23505,22970,535
26108,74135,20173,20173,0
26109,74136,30416,30416,0
26110,74137,28354,28354,0
26111,74145,18055,18055,0
26112,74146,16427,16427,0
26113,74171,1992,1992,0
26114,74301,10612,5068,5544
26115,74330,2668,0,2668
26116,74331,6590,0,6590
26117,74332,1874,0,1874
26118,74333,1179,0,1179
26119,74337,4671,0,4671
26120,74338,4928,210,4718
26121,74339,2296,2204,92
26122,74340,222,0,222
26123,74342,2647,0,2647
26124,74343,2999,0,2999
26125,74344,14923,7934,6989
26126,74346,7679,0,7679
26127,74347,2836,0,2836
26128,74349,805,0,805
26129,74350,790,0,790
26130,74352,6070,0,6070
26131,74354,17281,12909,4372
26132,74358,235,235,0
26133,74359,320,0,320
26134,74360,26,0,26
26135,74361,16699,9436,7263
26136,74363,2715,0,2715
26137,74364,1811,0,1811
26138,74365,4081,0,4081
26139,74366,1329,0,1329
26140,74367,567,0,567
26141,74368,50,0,50
26142,74369,1767,0,1767
26143,74370,3617,0,3617
26144,74401,16181,11856,4325
26145,74403,29419,23942,5477
26146,74421,4737,0,4737
26147,74422,733,0,733
26148,74423,905,0,905
26149,74425,932,0,932
26150,74426,9446,0,9446
26151,74427,1250,0,1250
26152,74428,899,0,899
26153,74429,15974,9170,6804
26154,74430,463,0,463
26155,74431,886,701,185
26156,74432,9012,0,9012
26157,74434,8889,0,8889
26158,74435,2826,0,2826
26159,74436,4664,0,4664
26160,74437,9098,5506,3592
26161,74438,399,0,399
26162,74441,5245,0,5245
26163,74442,803,0,803
26164,74445,2788,0,2788
26165,74446,550,0,550
26166,74447,15534,11016,4518
26167,74450,1624,0,1624
26168,74451,3613,0,3613
26169,74452,424,0,424
26170,74454,2839,0,2839
26171,74455,2559,0,2559
26172,74456,123,0,123
26173,74457,479,0,479
26174,74458,213,0,213
26175,74459,52,0,52
26176,74460,374,0,374
26177,74462,7437,0,7437
26178,74463,2138,0,2138
26179,74464,31256,17975,13281
26180,74467,13981,7470,6511
26181,74468,226,0,226
26182,74469,2402,0,2402
26183,74470,1267,0,1267
26184,74471,1463,0,1463
26185,74472,579,0,579
26186,74477,19,0,19
26187,74501,28566,17690,10876
26188,74521,58,0,58
26189,74522,138,38,100
26190,74523,5908,0,5908
26191,74525,10314,0,10314
26192,74528,166,0,166
26193,74530,178,0,178
26194,74531,949,0,949
26195,74533,850,0,850
26196,74534,223,0,223
26197,74535,79,0,79
26198,74536,1335,0,1335
26199,74538,3771,0,3771
26200,74540,196,0,196
26201,74543,364,0,364
26202,74546,722,0,722
26203,74547,3196,0,3196
26204,74549,114,0,114
26205,74552,989,0,989
26206,74553,1197,0,1197
26207,74554,1831,1814,17
26208,74555,647,0,647
26209,74556,317,0,317
26210,74557,511,0,511
26211,74558,401,0,401
26212,74560,602,0,602
26213,74561,1905,0,1905
26214,74562,746,0,746
26215,74563,1786,0,1786
26216,74565,595,0,595
26217,74567,138,0,138
26218,74569,537,0,537
26219,74570,1084,0,1084
26220,74571,3301,0,3301
26221,74572,742,0,742
26222,74574,1067,0,1067
26223,74576,181,0,181
26224,74577,235,0,235
26225,74578,5760,0,5760
26226,74601,18962,16464,2498
26227,74604,12248,8526,3722
26228,74630,785,0,785
26229,74631,6713,6017,696
26230,74632,444,0,444
26231,74633,420,0,420
26232,74636,225,0,225
26233,74637,1619,0,1619
26234,74640,359,0,359
26235,74641,625,0,625
26236,74643,476,0,476
26237,74644,453,0,453
26238,74646,185,0,185
26239,74647,3563,0,3563
26240,74650,583,0,583
26241,74651,741,0,741
26242,74652,758,0,758
26243,74653,3677,0,3677
26244,74701,25823,16931,8892
26245,74720,408,0,408
26246,74721,25,0,25
26247,74722,203,0,203
26248,74723,1539,0,1539
26249,74724,191,0,191
26250,74726,2191,0,2191
26251,74727,1984,0,1984
26252,74728,11010,0,11010
26253,74729,2829,0,2829
26254,74730,5191,2393,2798
26255,74731,1534,0,1534
26256,74733,2719,0,2719
26257,74734,864,0,864
26258,74735,1821,0,1821
26259,74736,951,0,951
26260,74737,71,0,71
26261,74738,445,0,445
26262,74740,1969,0,1969
26263,74741,850,0,850
26264,74743,8307,4992,3315
26265,74745,9609,5523,4086
26266,74747,252,0,252
26267,74748,727,0,727
26268,74750,205,0,205
26269,74753,61,0,61
26270,74754,383,0,383
26271,74755,113,0,113
26272,74756,725,0,725
26273,74759,1043,0,1043
26274,74760,199,0,199
26275,74761,74,0,74
26276,74764,3252,0,3252
26277,74766,1209,0,1209
26278,74801,22000,14937,7063
26279,74804,22301,15503,6798
26280,74820,31630,17264,14366
26281,74824,1221,0,1221
26282,74825,2061,0,2061
26283,74826,1196,0,1196
26284,74827,376,0,376
26285,74829,1441,0,1441
26286,74830,186,0,186
26287,74831,816,0,816
26288,74832,885,0,885
26289,74833,543,0,543
26290,74834,7011,0,7011
26291,74836,211,0,211
26292,74837,144,0,144
26293,74839,745,0,745
26294,74840,2046,0,2046
26295,74842,192,0,192
26296,74843,260,0,260
26297,74844,255,0,255
26298,74845,422,0,422
26299,74848,8143,4264,3879
26300,74849,2898,0,2898
26301,74850,259,0,259
26302,74851,10759,0,10759
26303,74852,1533,0,1533
26304,74854,1783,0,1783
26305,74855,4495,0,4495
26306,74856,710,0,710
26307,74857,9981,0,9981
26308,74859,6074,0,6074
26309,74860,1545,0,1545
26310,74864,5334,0,5334
26311,74865,1760,0,1760
26312,74866,49,0,49
26313,74867,738,0,738
26314,74868,12211,6283,5928
26315,74869,644,0,644
26316,74871,2290,0,2290
26317,74872,3379,0,3379
26318,74873,11496,3805,7691
26319,74875,1051,0,1051
26320,74878,1392,0,1392
26321,74880,1832,0,1832
26322,74881,4556,0,4556
26323,74883,2189,0,2189
26324,74884,5509,0,5509
26325,74901,1832,1692,140
26326,74902,4239,119,4120
26327,74930,1875,0,1875
26328,74931,1251,0,1251
26329,74932,2302,0,2302
26330,74935,138,0,138
26331,74936,1084,0,1084
26332,74937,5188,0,5188
26333,74939,1428,0,1428
26334,74940,2283,0,2283
26335,74941,2331,0,2331
26336,74942,150,0,150
26337,74943,78,0,78
26338,74944,1002,0,1002
26339,74945,186,0,186
26340,74946,37,0,37
26341,74947,132,0,132
26342,74948,11803,0,11803
26343,74949,238,0,238
26344,74951,1332,0,1332
26345,74953,12113,7826,4287
26346,74954,4686,0,4686
26347,74955,14340,7513,6827
26348,74956,1876,0,1876
26349,74957,1049,0,1049
26350,74959,6226,0,6226
26351,74960,11937,0,11937
26352,74962,4641,0,4641
26353,74963,521,0,521
26354,74964,2372,61,2311
26355,74965,4525,0,4525
26356,74966,3607,0,3607
26357,75001,16528,16528,0
26358,75002,69939,67385,2554
26359,75006,47811,47811,0
26360,75007,53960,53960,0
26361,75009,21276,11290,9986
26362,75010,33186,33186,0
26363,75013,48360,48360,0
26364,75019,44897,44897,0
26365,75020,23782,19914,3868
26366,75021,8288,3580,4708
26367,75022,26781,23741,3040
26368,75023,46777,46777,0
26369,75024,45469,45469,0
26370,75025,53161,53161,0
26371,75028,46830,46784,46
26372,75032,34590,27435,7155
26373,75033,45347,45068,279
26374,75034,47734,47734,0
26375,75035,82596,82596,0
26376,75036,35148,35112,36
26377,75038,32928,32928,0
26378,75039,24569,24569,0
26379,75040,64035,64035,0
26380,75041,32219,32219,0
26381,75042,39148,39148,0
26382,75043,63973,63973,0
26383,75044,46094,46094,0
26384,75048,27818,27306,512
26385,75050,43531,43497,34
26386,75051,40243,40243,0
26387,75052,96225,96225,0
26388,75054,15646,15598,48
26389,75056,67570,67163,407
26390,75057,16001,15815,186
26391,75058,3799,0,3799
26392,75060,47955,47770,185
26393,75061,55828,55828,0
26394,75062,50466,50466,0
26395,75063,46598,46598,0
26396,75065,12770,12136,634
26397,75067,68734,68734,0
26398,75068,66248,65116,1132
26399,75069,39084,38119,965
26400,75070,57712,57712,0
26401,75071,64449,54551,9898
26402,75072,55538,55538,0
26403,75074,53003,52930,73
26404,75075,36600,36600,0
26405,75076,8057,0,8057
26406,75077,38073,37979,94
26407,75078,38980,37794,1186
26408,75080,53633,53633,0
26409,75081,37766,37766,0
26410,75082,28063,28063,0
26411,75087,40460,38939,1521
26412,75088,26899,26899,0
26413,75089,34608,34497,111
26414,75090,25002,20244,4758
26415,75092,27186,22953,4233
26416,75093,48081,48081,0
26417,75094,23864,23786,78
26418,75098,67212,66591,621
26419,75101,633,0,633
26420,75102,1501,0,1501
26421,75103,15162,0,15162
26422,75104,49749,47172,2577
26423,75105,307,0,307
26424,75109,4766,147,4619
26425,75110,30336,24233,6103
26426,75114,6347,56,6291
26427,75115,56164,56114,50
26428,75116,20656,20656,0
26429,75117,4170,0,4170
26430,75119,28973,19763,9210
26431,75124,5093,0,5093
26432,75125,7545,2653,4892
26433,75126,64573,58685,5888
26434,75127,1644,0,1644
26435,75132,135,135,0
26436,75134,20194,20175,19
26437,75135,8065,0,8065
26438,75137,20023,20023,0
26439,75140,7538,0,7538
26440,75141,5173,4531,642
26441,75142,21952,6127,15825
26442,75143,15349,928,14421
26443,75144,3462,0,3462
26444,75146,23837,21455,2382
26445,75147,7781,3091,4690
26446,75148,5796,0,5796
26447,75149,60317,60317,0
26448,75150,64654,64654,0
26449,75152,5820,0,5820
26450,75153,536,0,536
26451,75154,45894,41900,3994
26452,75155,3485,0,3485
26453,75156,15708,14290,1418
26454,75157,258,0,258
26455,75158,5214,0,5214
26456,75159,22127,17868,4259
26457,75160,26632,17638,8994
26458,75161,7552,160,7392
26459,75163,2317,0,2317
26460,75164,335,0,335
26461,75165,49805,40972,8833
26462,75166,5457,4425,1032
26463,75167,12455,3090,9365
26464,75169,17017,0,17017
26465,75172,5519,5345,174
26466,75173,7733,0,7733
26467,75180,26860,26860,0
26468,75181,27027,25738,1289
26469,75182,7806,6116,1690
26470,75189,37777,23171,14606
26471,75201,17740,17740,0
26472,75202,2529,2529,0
26473,75203,14710,14710,0
26474,75204,34012,34012,0
26475,75205,26299,26299,0
26476,75206,40386,40386,0
26477,75207,7116,7116,0
26478,75208,29446,29446,0
26479,75209,14740,14740,0
26480,75210,8736,8736,0
26481,75211,70695,70548,147
26482,75212,27329,27329,0
26483,75214,35664,35664,0
26484,75215,18806,18687,119
26485,75216,55759,55502,257
26486,75217,85330,84381,949
26487,75218,23136,23136,0
26488,75219,27885,27885,0
26489,75220,39627,39627,0
26490,75223,13898,13898,0
26491,75224,33766,33766,0
26492,75225,22635,22635,0
26493,75226,4535,4535,0
26494,75227,59103,59103,0
26495,75228,68219,68219,0
26496,75229,33168,33168,0
26497,75230,27810,27810,0
26498,75231,40754,40754,0
26499,75232,30061,30061,0
26500,75233,15104,15104,0
26501,75234,33216,33216,0
26502,75235,19153,19153,0
26503,75236,18385,18372,13
26504,75237,19057,19057,0
26505,75238,32801,32801,0
26506,75240,25839,25839,0
26507,75241,32944,32925,19
26508,75243,62273,62273,0
26509,75244,12576,12576,0
26510,75246,2458,2458,0
26511,75247,830,830,0
26512,75248,38210,38210,0
26513,75249,15291,14859,432
26514,75251,3840,3840,0
26515,75252,27458,27458,0
26516,75253,25867,24755,1112
26517,75254,24664,24664,0
26518,75261,1,1,0
26519,75270,0,0,0
26520,75287,53181,53181,0
26521,75390,0,0,0
26522,75401,19550,15103,4447
26523,75402,18983,11951,7032
26524,75407,25738,16904,8834
26525,75409,21292,16228,5064
26526,75410,5073,0,5073
26527,75411,1279,0,1279
26528,75412,604,0,604
26529,75413,179,0,179
26530,75414,3507,0,3507
26531,75415,212,0,212
26532,75416,2848,0,2848
26533,75417,2361,0,2361
26534,75418,14775,7799,6976
26535,75420,1206,0,1206
26536,75421,988,0,988
26537,75422,2902,0,2902
26538,75423,3089,0,3089
26539,75424,4517,0,4517
26540,75426,4717,0,4717
26541,75428,11192,8320,2872
26542,75429,9,0,9
26543,75431,2101,0,2101
26544,75432,3361,0,3361
26545,75433,2815,0,2815
26546,75434,81,0,81
26547,75435,994,0,994
26548,75436,2130,0,2130
26549,75437,1199,0,1199
26550,75438,963,0,963
26551,75439,923,0,923
26552,75440,6894,0,6894
26553,75441,113,0,113
26554,75442,11241,0,11241
26555,75446,3355,0,3355
26556,75447,1161,0,1161
26557,75448,679,0,679
26558,75449,1116,0,1116
26559,75450,293,0,293
26560,75451,1256,0,1256
26561,75452,4802,0,4802
26562,75453,3737,0,3737
26563,75454,16252,15075,1177
26564,75455,27305,15419,11886
26565,75457,5991,0,5991
26566,75459,5556,0,5556
26567,75460,22925,20246,2679
26568,75462,12016,6046,5970
26569,75468,928,0,928
26570,75469,394,0,394
26571,75470,229,0,229
26572,75471,1243,0,1243
26573,75472,3849,0,3849
26574,75473,3660,0,3660
26575,75474,16010,0,16010
26576,75475,150,0,150
26577,75476,1214,0,1214
26578,75477,854,0,854
26579,75478,1006,0,1006
26580,75479,1861,0,1861
26581,75480,1582,0,1582
26582,75481,389,0,389
26583,75482,25743,14683,11060
26584,75486,2698,0,2698
26585,75487,1511,0,1511
26586,75488,1144,0,1144
26587,75489,1028,0,1028
26588,75490,2809,0,2809
26589,75491,5148,0,5148
26590,75492,562,0,562
26591,75493,497,0,497
26592,75494,11827,0,11827
26593,75495,9061,4404,4657
26594,75496,3438,0,3438
26595,75497,3679,0,3679
26596,75501,36423,27029,9394
26597,75503,25547,22777,2770
26598,75550,602,0,602
26599,75551,10372,4371,6001
26600,75554,1530,0,1530
26601,75555,1719,0,1719
26602,75556,1131,0,1131
26603,75558,1518,0,1518
26604,75559,5472,0,5472
26605,75560,920,0,920
26606,75561,4875,0,4875
26607,75562,116,0,116
26608,75563,3794,0,3794
26609,75564,9,0,9
26610,75565,106,0,106
26611,75566,676,0,676
26612,75567,3770,0,3770
26613,75568,2939,0,2939
26614,75569,3338,3338,0
26615,75570,11315,4502,6813
26616,75571,2607,0,2607
26617,75572,3387,1160,2227
26618,75573,275,0,275
26619,75574,1695,0,1695
26620,75601,15813,15813,0
26621,75602,22041,17879,4162
26622,75603,5784,1797,3987
26623,75604,30752,28876,1876
26624,75605,32909,26090,6819
26625,75630,2650,0,2650
26626,75631,2461,0,2461
26627,75633,13558,6328,7230
26628,75638,5434,0,5434
26629,75639,2716,0,2716
26630,75640,5438,0,5438
26631,75641,139,0,139
26632,75642,194,0,194
26633,75643,2046,0,2046
26634,75644,11720,4343,7377
26635,75645,10724,1033,9691
26636,75647,13485,7229,6256
26637,75650,10139,4526,5613
26638,75651,2075,0,2075
26639,75652,15956,9603,6353
26640,75654,12045,5321,6724
26641,75656,4558,0,4558
26642,75657,7923,0,7923
26643,75658,210,0,210
26644,75659,59,0,59
26645,75661,2381,0,2381
26646,75662,25002,15650,9352
26647,75667,1227,0,1227
26648,75668,1672,0,1672
26649,75669,589,0,589
26650,75670,16935,12855,4080
26651,75671,0,0,0
26652,75672,17285,8532,8753
26653,75680,14,0,14
26654,75681,2674,0,2674
26655,75682,563,0,563
26656,75683,3773,0,3773
26657,75684,6744,0,6744
26658,75686,13293,0,13293
26659,75687,7,0,7
26660,75689,212,0,212
26661,75691,4025,0,4025
26662,75692,5098,0,5098
26663,75693,6512,5666,846
26664,75694,0,0,0
26665,75701,34502,34502,0
26666,75702,26777,26743,34
26667,75703,44428,39330,5098
26668,75704,10075,4946,5129
26669,75705,2141,157,1984
26670,75706,10313,3237,7076
26671,75707,16620,8790,7830
26672,75708,8294,4164,4130
26673,75709,6037,3193,2844
26674,75711,135,135,0
26675,75750,3777,0,3777
26676,75751,17100,11656,5444
26677,75752,7439,394,7045
26678,75754,6632,0,6632
26679,75755,5250,0,5250
26680,75756,4458,0,4458
26681,75757,13330,75,13255
26682,75758,9890,0,9890
26683,75759,122,0,122
26684,75760,2583,0,2583
26685,75762,13923,6614,7309
26686,75763,5663,0,5663
26687,75764,178,0,178
26688,75765,7728,0,7728
26689,75766,25382,13881,11501
26690,75770,2893,0,2893
26691,75771,21870,10746,11124
26692,75773,13559,5699,7860
26693,75778,3467,0,3467
26694,75779,80,0,80
26695,75780,481,0,481
26696,75782,85,0,85
26697,75783,7763,0,7763
26698,75784,542,0,542
26699,75785,10687,0,10687
26700,75788,99,0,99
26701,75789,8045,0,8045
26702,75790,4359,0,4359
26703,75791,14255,9305,4950
26704,75792,3595,0,3595
26705,75801,16859,11066,5793
26706,75803,22290,7549,14741
26707,75831,4865,0,4865
26708,75833,3259,0,3259
26709,75835,11342,5935,5407
26710,75838,525,0,525
26711,75839,5282,0,5282
26712,75840,7029,0,7029
26713,75844,5144,0,5144
26714,75845,2784,0,2784
26715,75846,2327,0,2327
26716,75847,1547,0,1547
26717,75848,88,0,88
26718,75849,95,0,95
26719,75850,596,0,596
26720,75851,4869,0,4869
26721,75852,3621,0,3621
26722,75853,970,0,970
26723,75855,2242,0,2242
26724,75856,195,0,195
26725,75858,100,0,100
26726,75859,2212,0,2212
26727,75860,6623,0,6623
26728,75861,1410,0,1410
26729,75862,9364,0,9364
26730,75865,22,0,22
26731,75884,4156,0,4156
26732,75886,2959,0,2959
26733,75901,28373,19016,9357
26734,75903,133,99,34
26735,75904,34680,22417,12263
26736,75925,3635,0,3635
26737,75926,1066,0,1066
26738,75928,1181,0,1181
26739,75929,1415,0,1415
26740,75930,1954,0,1954
26741,75931,2446,0,2446
26742,75932,1331,0,1331
26743,75933,1290,0,1290
26744,75934,71,0,71
26745,75935,13060,5123,7937
26746,75936,848,0,848
26747,75937,1081,0,1081
26748,75938,2432,0,2432
26749,75939,3716,0,3716
26750,75941,8622,0,8622
26751,75942,125,0,125
26752,75943,1300,0,1300
26753,75944,1138,0,1138
26754,75946,3452,0,3452
26755,75948,5582,0,5582
26756,75949,8052,0,8052
26757,75951,14370,7000,7370
26758,75954,3233,0,3233
26759,75956,7435,0,7435
26760,75959,821,0,821
26761,75960,816,0,816
26762,75961,15656,8706,6950
26763,75962,2712,2712,0
26764,75964,19986,10440,9546
26765,75965,17652,11874,5778
26766,75966,4209,0,4209
26767,75968,1819,0,1819
26768,75969,4301,19,4282
26769,75972,5899,0,5899
26770,75973,2290,0,2290
26771,75974,2860,0,2860
26772,75975,3373,0,3373
26773,75976,1047,0,1047
26774,75977,570,0,570
26775,75979,10354,0,10354
26776,75980,2453,0,2453
26777,76001,34102,34102,0
26778,76002,35021,35021,0
26779,76005,4412,4412,0
26780,76006,25320,25318,2
26781,76008,21844,9384,12460
26782,76009,23376,5074,18302
26783,76010,55894,55894,0
26784,76011,23158,23158,0
26785,76012,27080,27080,0
26786,76013,36535,36535,0
26787,76014,35954,35954,0
26788,76015,17185,17185,0
26789,76016,31091,31091,0
26790,76017,45745,45745,0
26791,76018,27784,27784,0
26792,76020,33469,21233,12236
26793,76021,35265,35265,0
26794,76022,14692,14692,0
26795,76023,6825,0,6825
26796,76028,74023,64262,9761
26797,76031,18398,7541,10857
26798,76033,27243,22479,4764
26799,76034,25988,25988,0
26800,76035,2649,0,2649
26801,76036,31589,27389,4200
26802,76039,39997,39997,0
26803,76040,31899,31867,32
26804,76041,395,0,395
26805,76043,7060,0,7060
26806,76044,5715,0,5715
26807,76048,25764,15431,10333
26808,76049,30784,21106,9678
26809,76050,7315,0,7315
26810,76051,49969,49909,60
26811,76052,26675,24416,2259
26812,76053,31935,31928,7
26813,76054,12120,12120,0
26814,76055,3076,0,3076
26815,76058,20940,7791,13149
26816,76059,4928,4848,80
26817,76060,8653,8428,225
26818,76061,192,0,192
26819,76063,76914,70865,6049
26820,76064,1929,0,1929
26821,76065,42827,35849,6978
26822,76066,3816,0,3816
26823,76067,20473,14211,6262
26824,76070,601,0,601
26825,76071,4220,461,3759
26826,76073,6579,0,6579
26827,76077,555,0,555
26828,76078,9979,0,9979
26829,76082,21514,0,21514
26830,76084,11979,1008,10971
26831,76085,12249,1307,10942
26832,76086,21429,21267,162
26833,76087,33346,17145,16201
26834,76088,13794,554,13240
26835,76092,31924,31554,370
26836,76093,2271,0,2271
26837,76102,13236,13236,0
26838,76103,15394,15394,0
26839,76104,21571,21571,0
26840,76105,23445,23445,0
26841,76106,36521,36521,0
26842,76107,31591,31591,0
26843,76108,46170,41891,4279
26844,76109,25373,25373,0
26845,76110,29858,29858,0
26846,76111,22512,22512,0
26847,76112,43132,43132,0
26848,76114,26676,26676,0
26849,76115,20956,20956,0
26850,76116,51639,51613,26
26851,76117,33398,33398,0
26852,76118,16537,16447,90
26853,76119,50850,50850,0
26854,76120,19240,19240,0
26855,76123,37981,37630,351
26856,76126,25444,18416,7028
26857,76127,2214,2214,0
26858,76129,2579,2579,0
26859,76131,48515,48285,230
26860,76132,26249,26249,0
26861,76133,51811,51811,0
26862,76134,27362,27362,0
26863,76135,22009,20516,1493
26864,76137,60555,60555,0
26865,76140,32623,30217,2406
26866,76148,23587,23587,0
26867,76155,5647,5647,0
26868,76164,15602,15602,0
26869,76177,23001,22981,20
26870,76179,68333,64695,3638
26871,76180,37087,37087,0
26872,76182,31117,31117,0
26873,76201,27610,27610,0
26874,76203,224,224,0
26875,76205,18969,18752,217
26876,76207,16097,14864,1233
26877,76208,27084,25825,1259
26878,76209,28088,28088,0
26879,76210,46211,46036,175
26880,76225,3789,0,3789
26881,76226,37214,25272,11942
26882,76227,47118,41146,5972
26883,76228,1001,0,1001
26884,76230,9992,5419,4573
26885,76233,3719,0,3719
26886,76234,18755,6486,12269
26887,76238,447,0,447
26888,76239,1022,0,1022
26889,76240,28349,16544,11805
26890,76241,5,0,5
26891,76244,77154,77154,0
26892,76245,1954,0,1954
26893,76247,17178,7680,9498
26894,76248,40894,40894,0
26895,76249,9411,5724,3687
26896,76250,945,0,945
26897,76251,719,0,719
26898,76252,2851,0,2851
26899,76253,191,0,191
26900,76255,5448,0,5448
26901,76258,7409,0,7409
26902,76259,6321,0,6321
26903,76261,242,0,242
26904,76262,42592,41656,936
26905,76263,48,0,48
26906,76264,1497,0,1497
26907,76265,1585,0,1585
26908,76266,16779,8279,8500
26909,76267,147,0,147
26910,76268,220,0,220
26911,76270,2217,0,2217
26912,76271,1879,0,1879
26913,76272,5494,0,5494
26914,76273,9857,0,9857
26915,76301,15320,14907,413
26916,76302,12400,11950,450
26917,76305,5151,545,4606
26918,76306,14664,14244,420
26919,76308,20305,20210,95
26920,76309,13053,12679,374
26921,76310,20204,16155,4049
26922,76311,6349,6349,0
26923,76351,1817,0,1817
26924,76354,11496,10449,1047
26925,76357,685,0,685
26926,76360,2886,0,2886
26927,76363,231,0,231
26928,76364,181,0,181
26929,76365,4775,0,4775
26930,76366,2023,0,2023
26931,76367,13457,6454,7003
26932,76370,238,0,238
26933,76371,1513,0,1513
26934,76372,869,0,869
26935,76373,161,0,161
26936,76374,3883,0,3883
26937,76377,592,0,592
26938,76379,519,0,519
26939,76380,3522,0,3522
26940,76384,12374,9524,2850
26941,76388,200,0,200
26942,76389,1213,0,1213
26943,76401,30144,19872,10272
26944,76402,980,980,0
26945,76424,8417,5455,2962
26946,76426,11727,0,11727
26947,76427,643,0,643
26948,76429,207,0,207
26949,76430,2317,0,2317
26950,76431,3517,0,3517
26951,76432,1261,0,1261
26952,76433,1998,0,1998
26953,76435,691,0,691
26954,76436,272,0,272
26955,76437,5770,0,5770
26956,76439,28,0,28
26957,76442,7573,0,7573
26958,76443,1685,0,1685
26959,76444,3676,0,3676
26960,76445,323,0,323
26961,76446,8534,0,8534
26962,76448,5417,0,5417
26963,76449,2542,0,2542
26964,76450,13026,8585,4441
26965,76452,111,0,111
26966,76453,1177,0,1177
26967,76454,1492,0,1492
26968,76455,804,0,804
26969,76457,3770,0,3770
26970,76458,6042,0,6042
26971,76459,184,0,184
26972,76460,394,0,394
26973,76462,3820,0,3820
26974,76463,499,0,499
26975,76464,505,0,505
26976,76466,156,0,156
26977,76469,88,0,88
26978,76470,3072,0,3072
26979,76471,1712,0,1712
26980,76472,1432,0,1432
26981,76474,237,0,237
26982,76475,877,0,877
26983,76476,3056,0,3056
26984,76481,196,0,196
26985,76483,963,0,963
26986,76484,1020,0,1020
26987,76486,1273,0,1273
26988,76487,3238,0,3238
26989,76490,99,0,99
26990,76491,387,0,387
26991,76501,16987,12074,4913
26992,76502,47297,41869,5428
26993,76504,24682,23518,1164
26994,76511,2451,0,2451
26995,76513,43698,35023,8675
26996,76518,1220,0,1220
26997,76519,560,0,560
26998,76520,8068,5151,2917
26999,76522,41123,36335,4788
27000,76523,181,0,181
27001,76524,2700,0,2700
27002,76525,1021,0,1021
27003,76527,4688,0,4688
27004,76528,18773,9366,9407
27005,76530,2654,0,2654
27006,76531,4695,0,4695
27007,76534,2659,0,2659
27008,76537,10943,9024,1919
27009,76538,952,0,952
27010,76539,8960,256,8704
27011,76541,19641,19641,0
27012,76542,53312,50457,2855
27013,76543,30545,30012,533
27014,76544,28404,28339,65
27015,76548,32714,32668,46
27016,76549,56199,53574,2625
27017,76550,12840,6674,6166
27018,76554,2139,0,2139
27019,76556,1503,0,1503
27020,76557,5318,0,5318
27021,76559,6354,5940,414
27022,76561,1062,0,1062
27023,76565,73,0,73
27024,76566,355,0,355
27025,76567,9163,5464,3699
27026,76569,2661,0,2661
27027,76570,2376,0,2376
27028,76571,8937,0,8937
27029,76573,26,0,26
27030,76574,19366,15147,4219
27031,76577,3262,0,3262
27032,76578,1817,0,1817
27033,76579,5120,2148,2972
27034,76596,1159,1159,0
27035,76597,3233,3233,0
27036,76598,440,440,0
27037,76599,1367,1367,0
27038,76621,996,0,996
27039,76622,1148,0,1148
27040,76623,208,0,208
27041,76624,2487,0,2487
27042,76626,1662,0,1662
27043,76627,1687,0,1687
27044,76628,87,0,87
27045,76629,1980,0,1980
27046,76630,1878,0,1878
27047,76631,394,0,394
27048,76632,1544,0,1544
27049,76633,5665,50,5615
27050,76634,7313,0,7313
27051,76635,1138,0,1138
27052,76636,1502,0,1502
27053,76637,485,0,485
27054,76638,3130,0,3130
27055,76639,1621,0,1621
27056,76640,3063,1171,1892
27057,76641,1761,0,1761
27058,76642,6641,0,6641
27059,76643,16044,15957,87
27060,76645,11274,8068,3206
27061,76648,2520,0,2520
27062,76649,762,0,762
27063,76650,46,0,46
27064,76651,3373,0,3373
27065,76652,1078,0,1078
27066,76653,1145,0,1145
27067,76654,132,0,132
27068,76655,10227,2696,7531
27069,76656,2229,0,2229
27070,76657,11444,9185,2259
27071,76660,484,0,484
27072,76661,7982,5396,2586
27073,76664,3269,0,3269
27074,76665,2390,0,2390
27075,76666,305,0,305
27076,76667,10801,6661,4140
27077,76670,1512,0,1512
27078,76671,1988,0,1988
27079,76673,1176,0,1176
27080,76676,315,0,315
27081,76678,111,0,111
27082,76679,1442,0,1442
27083,76680,284,0,284
27084,76681,520,0,520
27085,76682,2798,0,2798
27086,76685,91,0,91
27087,76686,242,0,242
27088,76687,1500,0,1500
27089,76689,3991,0,3991
27090,76690,1473,0,1473
27091,76691,6588,0,6588
27092,76692,10562,0,10562
27093,76693,1866,0,1866
27094,76701,1674,1674,0
27095,76704,7220,7177,43
27096,76705,31736,23478,8258
27097,76706,39303,34499,4804
27098,76707,16227,16227,0
27099,76708,28499,25276,3223
27100,76710,24874,24874,0
27101,76711,9806,9806,0
27102,76712,27800,23440,4360
27103,76798,2473,2473,0
27104,76801,25401,18756,6645
27105,76802,5503,2806,2697
27106,76820,104,0,104
27107,76821,4618,0,4618
27108,76823,2784,0,2784
27109,76824,6,0,6
27110,76825,6592,4887,1705
27111,76827,390,0,390
27112,76828,175,0,175
27113,76831,31,0,31
27114,76832,551,0,551
27115,76834,4991,3599,1392
27116,76836,54,0,54
27117,76837,2313,0,2313
27118,76841,73,0,73
27119,76842,218,0,218
27120,76844,3334,0,3334
27121,76845,183,0,183
27122,76848,68,0,68
27123,76849,3482,0,3482
27124,76852,215,0,215
27125,76853,1543,0,1543
27126,76854,377,0,377
27127,76856,3574,0,3574
27128,76857,1829,0,1829
27129,76858,213,0,213
27130,76859,1905,0,1905
27131,76861,2116,0,2116
27132,76862,230,0,230
27133,76864,707,0,707
27134,76865,123,0,123
27135,76866,627,0,627
27136,76869,52,0,52
27137,76870,59,0,59
27138,76871,648,0,648
27139,76872,602,0,602
27140,76873,65,0,65
27141,76874,55,0,55
27142,76875,604,0,604
27143,76877,4374,0,4374
27144,76878,1492,0,1492
27145,76880,16,0,16
27146,76882,309,0,309
27147,76884,117,0,117
27148,76885,133,0,133
27149,76887,118,0,118
27150,76888,117,0,117
27151,76890,878,0,878
27152,76901,31084,24078,7006
27153,76902,5,0,5
27154,76903,32215,31744,471
27155,76904,36736,33067,3669
27156,76905,13635,9383,4252
27157,76908,1515,1515,0
27158,76909,195,195,0
27159,76930,115,0,115
27160,76932,3379,0,3379
27161,76933,1319,0,1319
27162,76934,1336,0,1336
27163,76935,1714,0,1714
27164,76936,2357,0,2357
27165,76937,122,0,122
27166,76939,28,0,28
27167,76940,128,0,128
27168,76941,1273,0,1273
27169,76943,3027,0,3027
27170,76945,1745,0,1745
27171,76950,3379,0,3379
27172,76951,1372,0,1372
27173,76953,51,0,51
27174,76955,137,0,137
27175,76957,68,0,68
27176,76958,301,0,301
27177,77002,19844,19844,0
27178,77003,11874,11874,0
27179,77004,37005,37005,0
27180,77005,28241,28241,0
27181,77006,24129,24129,0
27182,77007,42908,42908,0
27183,77008,36631,36631,0
27184,77009,36425,36425,0
27185,77010,883,883,0
27186,77011,16841,16841,0
27187,77012,18397,18397,0
27188,77013,16815,16815,0
27189,77014,35161,35161,0
27190,77015,57106,57106,0
27191,77016,29966,29952,14
27192,77017,31659,31659,0
27193,77018,27870,27870,0
27194,77019,24136,24136,0
27195,77020,24846,24846,0
27196,77021,28055,28055,0
27197,77022,28748,28748,0
27198,77023,26780,26780,0
27199,77024,39565,39565,0
27200,77025,28510,28510,0
27201,77026,23405,23405,0
27202,77027,18987,18987,0
27203,77028,18701,18701,0
27204,77029,17044,17044,0
27205,77030,13221,13221,0
27206,77031,15678,15678,0
27207,77032,13497,13497,0
27208,77033,28369,28369,0
27209,77034,38186,38186,0
27210,77035,37417,37417,0
27211,77036,75870,75870,0
27212,77037,19569,19569,0
27213,77038,30483,30483,0
27214,77039,28740,28740,0
27215,77040,49524,49524,0
27216,77041,35958,35958,0
27217,77042,41177,41177,0
27218,77043,26281,26253,28
27219,77044,55665,54628,1037
27220,77045,32411,32411,0
27221,77046,1742,1742,0
27222,77047,32088,32088,0
27223,77048,20536,20536,0
27224,77049,38788,38536,252
27225,77050,5004,4155,849
27226,77051,18323,18323,0
27227,77053,30350,30329,21
27228,77054,24419,24419,0
27229,77055,42766,42766,0
27230,77056,24115,24115,0
27231,77057,43669,43669,0
27232,77058,19442,19435,7
27233,77059,18568,18382,186
27234,77060,42707,42707,0
27235,77061,23398,23398,0
27236,77062,25095,25095,0
27237,77063,38298,38298,0
27238,77064,48243,48243,0
27239,77065,37144,37144,0
27240,77066,34443,34443,0
27241,77067,31729,31729,0
27242,77068,11764,11764,0
27243,77069,19299,19299,0
27244,77070,52943,52943,0
27245,77071,26949,26949,0
27246,77072,56271,56271,0
27247,77073,46071,46071,0
27248,77074,40199,40199,0
27249,77075,38873,38873,0
27250,77076,32349,32349,0
27251,77077,61302,61283,19
27252,77078,14855,14568,287
27253,77079,36404,36404,0
27254,77080,45428,45428,0
27255,77081,48293,48293,0
27256,77082,57493,57493,0
27257,77083,73763,73763,0
27258,77084,109808,109713,95
27259,77085,17785,17785,0
27260,77086,29366,29366,0
27261,77087,34654,34654,0
27262,77088,54320,54320,0
27263,77089,56994,56994,0
27264,77090,42285,42285,0
27265,77091,28020,28020,0
27266,77092,34903,34903,0
27267,77093,47736,47736,0
27268,77094,11150,11150,0
27269,77095,71206,71206,0
27270,77096,34510,34510,0
27271,77098,15717,15717,0
27272,77099,49849,49849,0
27273,77204,4280,4280,0
27274,77301,35923,35797,126
27275,77302,19384,5740,13644
27276,77303,20974,6169,14805
27277,77304,35969,33341,2628
27278,77306,15127,2498,12629
27279,77316,30598,15441,15157
27280,77318,17518,10846,6672
27281,77320,37325,16144,21181
27282,77326,137,0,137
27283,77327,32269,6851,25418
27284,77328,17071,618,16453
27285,77331,6953,0,6953
27286,77334,139,0,139
27287,77335,1937,0,1937
27288,77336,14881,5828,9053
27289,77338,45031,44844,187
27290,77339,43076,42818,258
27291,77340,35020,27271,7749
27292,77341,0,0,0
27293,77342,23,0,23
27294,77345,27258,27057,201
27295,77346,71119,71050,69
27296,77350,264,0,264
27297,77351,37353,5592,31761
27298,77354,40625,32835,7790
27299,77355,29300,6295,23005
27300,77356,32136,26337,5799
27301,77357,30339,20431,9908
27302,77358,4817,0,4817
27303,77359,679,0,679
27304,77360,5603,0,5603
27305,77362,7007,6535,472
27306,77363,3820,0,3820
27307,77364,2312,0,2312
27308,77365,42086,37764,4322
27309,77367,287,0,287
27310,77368,30,0,30
27311,77369,736,0,736
27312,77371,7870,0,7870
27313,77372,13306,2846,10460
27314,77373,63413,63018,395
27315,77374,407,0,407
27316,77375,65365,64495,870
27317,77376,468,0,468
27318,77377,39711,31090,8621
27319,77378,17417,10258,7159
27320,77379,84704,84704,0
27321,77380,27651,27651,0
27322,77381,35191,35191,0
27323,77382,37755,37755,0
27324,77384,23952,23344,608
27325,77385,27801,27009,792
27326,77386,66058,64010,2048
27327,77388,51483,51483,0
27328,77389,41534,41534,0
27329,77396,61058,61049,9
27330,77401,17219,17219,0
27331,77406,58703,53420,5283
27332,77407,74657,74637,20
27333,77412,57,0,57
27334,77414,23416,18392,5024
27335,77415,82,0,82
27336,77417,2154,0,2154
27337,77418,10037,0,10037
27338,77419,1332,0,1332
27339,77420,2296,0,2296
27340,77422,13731,0,13731
27341,77423,16152,5065,11087
27342,77426,2053,0,2053
27343,77428,84,0,84
27344,77429,94176,93369,807
27345,77430,2224,0,2224
27346,77431,84,0,84
27347,77432,138,0,138
27348,77433,106663,105170,1493
27349,77434,4411,0,4411
27350,77435,4795,0,4795
27351,77436,131,0,131
27352,77437,17832,13286,4546
27353,77440,60,0,60
27354,77441,23111,21495,1616
27355,77442,1151,0,1151
27356,77443,151,0,151
27357,77444,1057,0,1057
27358,77445,14160,4890,9270
27359,77446,6236,0,6236
27360,77447,20805,5633,15172
27361,77448,459,0,459
27362,77449,128180,128180,0
27363,77450,72977,72974,3
27364,77451,495,0,495
27365,77453,243,0,243
27366,77454,192,0,192
27367,77455,1751,0,1751
27368,77456,1191,0,1191
27369,77457,426,0,426
27370,77458,397,0,397
27371,77459,79731,79066,665
27372,77460,52,0,52
27373,77461,11890,177,11713
27374,77464,501,0,501
27375,77465,7137,0,7137
27376,77466,627,0,627
27377,77467,25,0,25
27378,77468,20,0,20
27379,77469,57925,53662,4263
27380,77470,276,0,276
27381,77471,42284,35726,6558
27382,77473,39,0,39
27383,77474,14164,6385,7779
27384,77475,718,0,718
27385,77476,601,0,601
27386,77477,35520,35520,0
27387,77478,24536,24536,0
27388,77479,93180,93146,34
27389,77480,7911,0,7911
27390,77481,132,0,132
27391,77482,2241,919,1322
27392,77483,226,0,226
27393,77484,13449,0,13449
27394,77485,3657,0,3657
27395,77486,7488,5888,1600
27396,77488,13861,8526,5335
27397,77489,37257,37194,63
27398,77493,51774,48291,3483
27399,77494,130872,130872,0
27400,77498,51472,51472,0
27401,77502,37495,37495,0
27402,77503,24956,24956,0
27403,77504,25728,25728,0
27404,77505,23584,23479,105
27405,77506,34431,34431,0
27406,77507,770,770,0
27407,77510,14357,12959,1398
27408,77511,51093,36650,14443
27409,77514,4926,0,4926
27410,77515,32710,20263,12447
27411,77517,6058,3714,2344
27412,77518,9689,9689,0
27413,77519,882,0,882
27414,77520,38587,38548,39
27415,77521,65058,64363,695
27416,77523,27638,17826,9812
27417,77530,35319,35305,14
27418,77531,15666,15250,416
27419,77532,34679,22961,11718
27420,77533,980,0,980
27421,77534,2998,0,2998
27422,77535,36494,6879,29615
27423,77536,33693,33693,0
27424,77538,809,0,809
27425,77539,48183,45522,2661
27426,77541,16441,10578,5863
27427,77545,26563,26205,358
27428,77546,54670,54613,57
27429,77547,9627,9627,0
27430,77550,24247,24241,6
27431,77551,22677,22677,0
27432,77554,8961,7886,1075
27433,77555,9,9,0
27434,77560,960,0,960
27435,77561,92,0,92
27436,77562,11861,11139,722
27437,77563,9778,8892,886
27438,77564,2047,0,2047
27439,77565,6966,6966,0
27440,77566,30538,29829,709
27441,77568,20254,20042,212
27442,77571,37018,37018,0
27443,77573,95256,95256,0
27444,77575,15768,6387,9381
27445,77577,1250,0,1250
27446,77578,25228,18349,6879
27447,77580,99,55,44
27448,77581,49198,49173,25
27449,77582,262,0,262
27450,77583,43113,26688,16425
27451,77584,93062,92509,553
27452,77585,892,0,892
27453,77586,23503,23490,13
27454,77587,16179,16179,0
27455,77590,30758,29817,941
27456,77591,17347,17333,14
27457,77597,734,0,734
27458,77598,25620,25620,0
27459,77611,9993,9725,268
27460,77612,9311,39,9272
27461,77613,1293,0,1293
27462,77614,468,0,468
27463,77615,314,264,50
27464,77616,656,0,656
27465,77617,125,0,125
27466,77619,17349,17349,0
27467,77622,1384,0,1384
27468,77623,340,0,340
27469,77624,535,0,535
27470,77625,8599,405,8194
27471,77627,23296,23286,10
27472,77629,868,0,868
27473,77630,29317,22499,6818
27474,77632,22487,8572,13915
27475,77640,16618,16307,311
27476,77642,39017,38908,109
27477,77650,2304,0,2304
27478,77651,13705,13689,16
27479,77655,291,0,291
27480,77656,17199,8931,8268
27481,77657,22161,18374,3787
27482,77659,4964,0,4964
27483,77660,1206,0,1206
27484,77661,429,0,429
27485,77662,25462,13423,12039
27486,77663,1291,0,1291
27487,77664,2934,0,2934
27488,77665,7080,0,7080
27489,77701,13232,13232,0
27490,77702,2682,2682,0
27491,77703,13357,13273,84
27492,77705,37950,25460,12490
27493,77706,29910,29862,48
27494,77707,17509,17389,120
27495,77708,12478,12173,305
27496,77713,14408,7656,6752
27497,77801,15097,15097,0
27498,77802,25502,25502,0
27499,77803,30533,30494,39
27500,77807,13140,7320,5820
27501,77808,15217,4835,10382
27502,77830,2836,0,2836
27503,77831,3517,0,3517
27504,77833,29431,17395,12036
27505,77835,2463,0,2463
27506,77836,11721,0,11721
27507,77837,1362,0,1362
27508,77840,55180,55180,0
27509,77843,8701,8701,0
27510,77845,70108,59008,11100
27511,77852,40,0,40
27512,77853,1116,0,1116
27513,77855,159,0,159
27514,77856,5170,0,5170
27515,77857,985,0,985
27516,77859,7131,0,7131
27517,77861,2850,0,2850
27518,77863,64,0,64
27519,77864,7243,0,7243
27520,77865,1571,0,1571
27521,77866,36,0,36
27522,77867,109,0,109
27523,77868,16647,7458,9189
27524,77871,3677,0,3677
27525,77872,1992,0,1992
27526,77873,1450,0,1450
27527,77875,63,0,63
27528,77876,46,0,46
27529,77878,602,0,602
27530,77879,4994,0,4994
27531,77880,1922,0,1922
27532,77882,45,0,45
27533,77901,40062,39693,369
27534,77904,29646,25280,4366
27535,77905,15282,737,14545
27536,77950,159,0,159
27537,77951,2246,0,2246
27538,77954,11458,7619,3839
27539,77957,8730,5910,2820
27540,77960,78,0,78
27541,77961,161,0,161
27542,77962,3425,0,3425
27543,77963,5184,0,5184
27544,77964,8233,0,8233
27545,77968,3398,34,3364
27546,77969,206,0,206
27547,77970,283,0,283
27548,77971,829,0,829
27549,77973,47,0,47
27550,77974,455,0,455
27551,77975,1753,0,1753
27552,77976,68,0,68
27553,77977,667,0,667
27554,77978,621,603,18
27555,77979,16782,11452,5330
27556,77982,968,0,968
27557,77983,1732,0,1732
27558,77984,4490,0,4490
27559,77986,27,0,27
27560,77987,161,0,161
27561,77988,353,242,111
27562,77990,661,0,661
27563,77991,428,0,428
27564,77993,166,0,166
27565,77994,309,0,309
27566,77995,9821,5598,4223
27567,78001,4,0,4
27568,78002,8876,0,8876
27569,78003,9595,0,9595
27570,78004,518,0,518
27571,78005,823,0,823
27572,78006,40979,22682,18297
27573,78007,95,0,95
27574,78008,224,0,224
27575,78009,8715,0,8715
27576,78010,3357,0,3357
27577,78011,1943,0,1943
27578,78012,373,0,373
27579,78013,5868,0,5868
27580,78014,5078,0,5078
27581,78015,20764,17333,3431
27582,78016,10530,0,10530
27583,78017,5912,0,5912
27584,78019,1483,0,1483
27585,78021,160,0,160
27586,78022,4343,0,4343
27587,78023,30295,24680,5615
27588,78024,1083,0,1083
27589,78025,5146,3135,2011
27590,78026,6181,3784,2397
27591,78027,478,0,478
27592,78028,40789,28709,12080
27593,78029,7,0,7
27594,78039,1795,0,1795
27595,78040,36688,36688,0
27596,78041,48491,48357,134
27597,78043,43473,41611,1862
27598,78044,200,0,200
27599,78045,65354,61651,3703
27600,78046,71956,63155,8801
27601,78050,583,0,583
27602,78052,7443,0,7443
27603,78055,1574,0,1574
27604,78056,2116,0,2116
27605,78057,1220,0,1220
27606,78058,1304,0,1304
27607,78059,5724,0,5724
27608,78061,10569,9063,1506
27609,78062,3,0,3
27610,78063,9302,0,9302
27611,78064,15710,10199,5511
27612,78065,12048,0,12048
27613,78066,650,0,650
27614,78067,613,0,613
27615,78069,5803,0,5803
27616,78070,20618,0,20618
27617,78071,4124,0,4124
27618,78072,420,0,420
27619,78073,9550,0,9550
27620,78074,101,0,101
27621,78075,103,0,103
27622,78076,13033,10942,2091
27623,78101,9104,0,9104
27624,78102,27289,14230,13059
27625,78104,47,0,47
27626,78107,309,0,309
27627,78108,44079,42047,2032
27628,78109,52093,50855,1238
27629,78111,10,0,10
27630,78112,9591,0,9591
27631,78113,2253,0,2253
27632,78114,22178,6313,15865
27633,78116,218,0,218
27634,78117,649,0,649
27635,78118,4899,0,4899
27636,78119,7048,0,7048
27637,78121,15206,0,15206
27638,78122,354,0,354
27639,78123,2291,2196,95
27640,78124,6860,383,6477
27641,78125,57,0,57
27642,78130,88349,84262,4087
27643,78132,37475,15239,22236
27644,78133,20787,7918,12869
27645,78140,3607,0,3607
27646,78141,726,0,726
27647,78142,119,0,119
27648,78143,77,0,77
27649,78144,36,0,36
27650,78145,83,0,83
27651,78146,624,0,624
27652,78147,1825,0,1825
27653,78148,21569,21569,0
27654,78150,9,9,0
27655,78151,1299,0,1299
27656,78152,3022,0,3022
27657,78154,41533,39781,1752
27658,78155,51772,28216,23556
27659,78159,793,0,793
27660,78160,4528,0,4528
27661,78161,699,0,699
27662,78162,301,0,301
27663,78163,13960,0,13960
27664,78164,3464,0,3464
27665,78201,42005,42005,0
27666,78202,11422,11422,0
27667,78203,5872,5872,0
27668,78204,11298,11298,0
27669,78205,2339,2339,0
27670,78207,51705,51705,0
27671,78208,3874,3874,0
27672,78209,42456,42456,0
27673,78210,33010,33010,0
27674,78211,29976,29976,0
27675,78212,26738,26738,0
27676,78213,40589,40589,0
27677,78214,22664,22574,90
27678,78215,3644,3644,0
27679,78216,40172,40172,0
27680,78217,33562,33562,0
27681,78218,36137,36137,0
27682,78219,16509,16152,357
27683,78220,17749,17551,198
27684,78221,39779,35758,4021
27685,78222,25028,24301,727
27686,78223,55705,47743,7962
27687,78224,21759,20944,815
27688,78225,12576,12576,0
27689,78226,7140,7140,0
27690,78227,46594,46585,9
27691,78228,56369,56369,0
27692,78229,33135,33135,0
27693,78230,42145,42145,0
27694,78231,8993,8993,0
27695,78232,35397,35397,0
27696,78233,49442,49442,0
27697,78234,7464,7464,0
27698,78235,2307,2307,0
27699,78236,9869,9869,0
27700,78237,36019,36019,0
27701,78238,26014,26014,0
27702,78239,31554,31554,0
27703,78240,56112,56112,0
27704,78242,33294,33250,44
27705,78243,235,235,0
27706,78244,35801,35801,0
27707,78245,93031,89901,3130
27708,78247,50876,50876,0
27709,78248,13825,13825,0
27710,78249,56996,56996,0
27711,78250,54933,54933,0
27712,78251,58836,58836,0
27713,78252,17156,12977,4179
27714,78253,66589,62040,4549
27715,78254,72791,72725,66
27716,78255,17775,14966,2809
27717,78256,13643,13377,266
27718,78257,12173,12173,0
27719,78258,51073,51031,42
27720,78259,29842,28041,1801
27721,78260,37037,37000,37
27722,78261,26971,25786,1185
27723,78263,4995,592,4403
27724,78264,14705,0,14705
27725,78266,7534,5212,2322
27726,78330,780,0,780
27727,78332,27152,19413,7739
27728,78336,12009,9978,2031
27729,78338,50,0,50
27730,78339,625,0,625
27731,78340,341,0,341
27732,78341,1420,0,1420
27733,78342,318,0,318
27734,78343,4405,0,4405
27735,78344,278,0,278
27736,78347,19,0,19
27737,78349,325,0,325
27738,78351,578,0,578
27739,78352,254,0,254
27740,78353,377,0,377
27741,78355,6982,4497,2485
27742,78357,2858,0,2858
27743,78358,1137,1137,0
27744,78359,1920,1735,185
27745,78360,22,0,22
27746,78361,4842,0,4842
27747,78362,10238,9009,1229
27748,78363,29391,24945,4446
27749,78368,8726,5253,3473
27750,78369,249,0,249
27751,78370,4746,0,4746
27752,78371,281,0,281
27753,78372,5550,0,5550
27754,78373,3134,2881,253
27755,78374,20281,19984,297
27756,78375,3109,0,3109
27757,78376,307,0,307
27758,78377,3547,0,3547
27759,78379,1624,0,1624
27760,78380,23386,13388,9998
27761,78382,19432,15080,4352
27762,78383,3757,0,3757
27763,78384,5653,0,5653
27764,78385,259,0,259
27765,78387,9936,5661,4275
27766,78389,1535,0,1535
27767,78390,5447,0,5447
27768,78391,261,0,261
27769,78393,2137,0,2137
27770,78401,4701,4701,0
27771,78402,625,620,5
27772,78404,15339,15339,0
27773,78405,14151,14151,0
27774,78406,1185,232,953
27775,78407,1649,1649,0
27776,78408,11023,11023,0
27777,78409,2570,2533,37
27778,78410,29545,28942,603
27779,78411,26150,26150,0
27780,78412,38783,38783,0
27781,78413,37531,37354,177
27782,78414,46972,46972,0
27783,78415,38722,36434,2288
27784,78416,14103,14103,0
27785,78417,4482,4162,320
27786,78418,31787,31145,642
27787,78419,441,441,0
27788,78501,60817,60817,0
27789,78503,23604,23500,104
27790,78504,56830,56820,10
27791,78516,34506,33716,790
27792,78520,64949,59435,5514
27793,78521,88708,86431,2277
27794,78526,55164,54121,1043
27795,78535,679,663,16
27796,78536,322,0,322
27797,78537,51962,46433,5529
27798,78538,12278,4231,8047
27799,78539,37686,37686,0
27800,78540,11,0,11
27801,78541,48513,40757,7756
27802,78542,84678,69956,14722
27803,78543,7535,6567,968
27804,78545,762,0,762
27805,78547,413,317,96
27806,78548,1296,0,1296
27807,78549,872,0,872
27808,78550,56038,52438,3600
27809,78552,38474,34173,4301
27810,78557,13986,13401,585
27811,78558,388,306,82
27812,78559,12533,7693,4840
27813,78560,4815,4359,456
27814,78561,768,0,768
27815,78562,3081,1777,1304
27816,78563,201,0,201
27817,78564,103,0,103
27818,78565,319,0,319
27819,78566,23704,11665,12039
27820,78567,544,0,544
27821,78569,3821,2191,1630
27822,78570,32950,26267,6683
27823,78572,78280,76589,1691
27824,78573,42229,40278,1951
27825,78574,63627,59277,4350
27826,78575,5270,4792,478
27827,78576,13901,5439,8462
27828,78577,79937,79775,162
27829,78578,10076,9991,85
27830,78579,2637,2404,233
27831,78580,13208,10795,2413
27832,78582,43253,30037,13216
27833,78583,5869,0,5869
27834,78584,19373,16716,2657
27835,78585,4,0,4
27836,78586,50135,23172,26963
27837,78588,168,0,168
27838,78589,38987,38636,351
27839,78590,468,0,468
27840,78591,341,0,341
27841,78592,765,0,765
27842,78593,5541,0,5541
27843,78594,1796,0,1796
27844,78595,6304,0,6304
27845,78596,37329,35926,1403
27846,78597,2479,2422,57
27847,78598,319,0,319
27848,78599,32500,28319,4181
27849,78602,33759,19384,14375
27850,78605,6246,0,6246
27851,78606,5875,0,5875
27852,78607,180,0,180
27853,78608,519,0,519
27854,78609,1827,0,1827
27855,78610,45134,38055,7079
27856,78611,14839,5001,9838
27857,78612,16265,0,16265
27858,78613,89279,89253,26
27859,78614,459,0,459
27860,78615,1694,0,1694
27861,78616,11605,0,11605
27862,78617,28832,15799,13033
27863,78618,256,0,256
27864,78619,5819,0,5819
27865,78620,20493,276,20217
27866,78621,27275,10779,16496
27867,78622,340,0,340
27868,78623,1670,0,1670
27869,78624,23080,11641,11439
27870,78626,39935,32781,7154
27871,78628,40378,36633,3745
27872,78629,12046,6953,5093
27873,78631,2698,0,2698
27874,78632,990,0,990
27875,78633,27736,22697,5039
27876,78634,37951,33401,4550
27877,78635,110,0,110
27878,78636,3894,0,3894
27879,78638,2381,0,2381
27880,78639,8365,7576,789
27881,78640,64539,53100,11439
27882,78641,83426,72365,11061
27883,78642,20385,7627,12758
27884,78643,6453,0,6453
27885,78644,20813,12886,7927
27886,78645,14051,9928,4123
27887,78648,8167,5391,2776
27888,78650,1918,0,1918
27889,78652,5831,5306,525
27890,78653,31167,21289,9878
27891,78654,19698,8470,11228
27892,78655,2910,1127,1783
27893,78656,2596,543,2053
27894,78657,6531,5583,948
27895,78658,69,0,69
27896,78659,3911,0,3911
27897,78660,110955,110104,851
27898,78661,304,0,304
27899,78662,2890,0,2890
27900,78663,815,0,815
27901,78664,60287,60287,0
27902,78665,61577,61317,260
27903,78666,86584,72806,13778
27904,78669,12415,311,12104
27905,78670,106,0,106
27906,78671,624,0,624
27907,78672,984,0,984
27908,78674,287,0,287
27909,78675,178,0,178
27910,78676,14713,0,14713
27911,78677,55,0,55
27912,78681,57503,57220,283
27913,78701,11625,11625,0
27914,78702,25910,25910,0
27915,78703,22194,22194,0
27916,78704,49197,49197,0
27917,78705,36535,36535,0
27918,78712,351,351,0
27919,78717,36987,36938,49
27920,78719,2004,205,1799
27921,78721,11316,11316,0
27922,78722,6618,6618,0
27923,78723,34522,34522,0
27924,78724,29680,28094,1586
27925,78725,10301,9356,945
27926,78726,15618,15282,336
27927,78727,29928,29822,106
27928,78728,25555,25555,0
27929,78729,31829,31829,0
27930,78730,9403,8586,817
27931,78731,27240,27240,0
27932,78732,19128,18731,397
27933,78733,9347,9243,104
27934,78734,22963,22816,147
27935,78735,20983,20821,162
27936,78736,10165,8859,1306
27937,78737,20996,10494,10502
27938,78738,29529,25843,3686
27939,78739,21854,21390,464
27940,78741,49344,49344,0
27941,78742,964,756,208
27942,78744,51048,50039,1009
27943,78745,59843,59843,0
27944,78746,29106,29106,0
27945,78747,21891,19618,2273
27946,78748,55226,55226,0
27947,78749,35239,35239,0
27948,78750,28348,28348,0
27949,78751,17071,17071,0
27950,78752,19289,19289,0
27951,78753,58761,58761,0
27952,78754,27020,26927,93
27953,78756,8426,8426,0
27954,78757,23847,23847,0
27955,78758,49831,49831,0
27956,78759,42333,42277,56
27957,78801,21051,15926,5125
27958,78802,0,0,0
27959,78827,863,0,863
27960,78828,158,0,158
27961,78829,858,0,858
27962,78830,509,0,509
27963,78832,3127,0,3127
27964,78833,817,0,817
27965,78834,7061,5615,1446
27966,78836,85,0,85
27967,78837,216,0,216
27968,78838,264,0,264
27969,78839,7364,6709,655
27970,78840,47147,42532,4615
27971,78841,1,0,1
27972,78842,0,0,0
27973,78843,168,148,20
27974,78850,1075,0,1075
27975,78851,33,0,33
27976,78852,56712,54083,2629
27977,78860,237,0,237
27978,78861,13298,6006,7292
27979,78870,868,0,868
27980,78871,23,0,23
27981,78872,1491,0,1491
27982,78873,1559,0,1559
27983,78877,936,0,936
27984,78879,307,0,307
27985,78880,1254,0,1254
27986,78881,1853,0,1853
27987,78883,257,0,257
27988,78884,949,0,949
27989,78885,129,0,129
27990,78886,463,0,463
27991,78931,231,0,231
27992,78932,897,0,897
27993,78933,1531,0,1531
27994,78934,6770,0,6770
27995,78935,922,0,922
27996,78938,289,0,289
27997,78940,1974,0,1974
27998,78941,3006,0,3006
27999,78942,8973,0,8973
28000,78943,439,0,439
28001,78944,532,0,532
28002,78945,10483,5020,5463
28003,78946,1093,0,1093
28004,78947,4828,0,4828
28005,78948,912,0,912
28006,78949,529,0,529
28007,78950,2151,0,2151
28008,78951,78,0,78
28009,78953,1350,0,1350
28010,78954,1144,0,1144
28011,78956,5161,0,5161
28012,78957,10214,0,10214
28013,78959,1723,0,1723
28014,78962,4617,0,4617
28015,78963,988,0,988
28016,79001,218,0,218
28017,79002,26,0,26
28018,79003,166,0,166
28019,79005,1693,0,1693
28020,79007,13819,12848,971
28021,79008,0,0,0
28022,79009,1931,0,1931
28023,79010,506,0,506
28024,79011,253,0,253
28025,79012,22,0,22
28026,79013,2995,0,2995
28027,79014,3281,0,3281
28028,79015,21710,15503,6207
28029,79016,668,668,0
28030,79018,508,0,508
28031,79019,1713,0,1713
28032,79021,80,0,80
28033,79022,10835,8352,2483
28034,79024,388,0,388
28035,79025,73,0,73
28036,79027,4899,0,4899
28037,79029,16230,14639,1591
28038,79031,1188,0,1188
28039,79032,125,0,125
28040,79033,97,0,97
28041,79034,521,0,521
28042,79035,5266,0,5266
28043,79036,4643,0,4643
28044,79039,772,0,772
28045,79040,1685,0,1685
28046,79041,2880,0,2880
28047,79042,1190,0,1190
28048,79043,1278,0,1278
28049,79044,517,0,517
28050,79045,18621,15520,3101
28051,79046,451,0,451
28052,79051,22,0,22
28053,79052,1102,0,1102
28054,79053,92,0,92
28055,79054,505,0,505
28056,79056,93,0,93
28057,79057,966,0,966
28058,79058,51,0,51
28059,79059,764,0,764
28060,79061,275,0,275
28061,79062,227,0,227
28062,79063,667,0,667
28063,79064,2456,0,2456
28064,79065,19750,16865,2885
28065,79066,5,0,5
28066,79068,3054,0,3054
28067,79070,9671,8391,1280
28068,79072,25590,22615,2975
28069,79073,4,0,4
28070,79078,333,0,333
28071,79079,2461,0,2461
28072,79080,528,0,528
28073,79081,3742,0,3742
28074,79082,342,0,342
28075,79083,2321,0,2321
28076,79084,2236,0,2236
28077,79085,34,0,34
28078,79086,2122,0,2122
28079,79087,720,0,720
28080,79088,5331,0,5331
28081,79091,117,0,117
28082,79092,1121,0,1121
28083,79093,70,0,70
28084,79094,25,0,25
28085,79095,2293,0,2293
28086,79096,2033,0,2033
28087,79097,1093,0,1093
28088,79098,526,0,526
28089,79101,2307,2307,0
28090,79102,9252,9252,0
28091,79103,10532,10342,190
28092,79104,7166,7064,102
28093,79106,27692,27642,50
28094,79107,37480,37240,240
28095,79108,12117,6447,5670
28096,79109,42509,42509,0
28097,79110,18285,18285,0
28098,79111,1612,21,1591
28099,79118,27608,15861,11747
28100,79119,21147,16017,5130
28101,79121,6601,6601,0
28102,79124,11585,6272,5313
28103,79201,6702,4516,2186
28104,79220,115,0,115
28105,79223,17,0,17
28106,79225,774,0,774
28107,79226,2858,0,2858
28108,79227,1143,0,1143
28109,79229,361,0,361
28110,79230,149,0,149
28111,79231,40,0,40
28112,79233,146,0,146
28113,79234,96,0,96
28114,79235,3296,0,3296
28115,79236,202,0,202
28116,79237,405,0,405
28117,79239,103,0,103
28118,79240,62,0,62
28119,79241,2014,0,2014
28120,79243,81,0,81
28121,79244,649,0,649
28122,79245,2192,0,2192
28123,79247,54,0,54
28124,79248,1367,0,1367
28125,79250,1281,0,1281
28126,79251,59,0,59
28127,79252,2847,0,2847
28128,79255,477,0,477
28129,79256,287,0,287
28130,79257,948,0,948
28131,79258,20,0,20
28132,79259,48,0,48
28133,79261,384,0,384
28134,79311,3479,0,3479
28135,79312,934,0,934
28136,79313,1394,0,1394
28137,79314,61,0,61
28138,79316,10619,8264,2355
28139,79322,1720,0,1720
28140,79323,6541,0,6541
28141,79324,50,0,50
28142,79325,2283,0,2283
28143,79326,22,0,22
28144,79329,3214,0,3214
28145,79330,169,0,169
28146,79331,11825,8731,3094
28147,79336,15953,12601,3352
28148,79339,6744,5626,1118
28149,79342,322,0,322
28150,79343,1325,0,1325
28151,79344,2,0,2
28152,79345,857,0,857
28153,79346,2095,0,2095
28154,79347,7169,5159,2010
28155,79350,341,0,341
28156,79351,1061,0,1061
28157,79353,38,0,38
28158,79355,1867,0,1867
28159,79356,5695,0,5695
28160,79357,1972,0,1972
28161,79358,1335,0,1335
28162,79359,2800,0,2800
28163,79360,17803,7068,10735
28164,79363,6259,3735,2524
28165,79364,7985,5678,2307
28166,79366,1189,0,1189
28167,79367,594,0,594
28168,79369,83,0,83
28169,79370,1417,0,1417
28170,79371,1331,0,1331
28171,79372,1247,0,1247
28172,79373,3068,0,3068
28173,79376,64,0,64
28174,79377,276,0,276
28175,79378,241,0,241
28176,79379,448,0,448
28177,79380,119,0,119
28178,79381,1297,0,1297
28179,79382,8449,5936,2513
28180,79383,75,0,75
28181,79401,8775,8775,0
28182,79402,0,0,0
28183,79403,15604,11146,4458
28184,79404,9956,7955,2001
28185,79406,6848,6848,0
28186,79407,23208,19711,3497
28187,79410,8615,8615,0
28188,79411,7297,7297,0
28189,79412,14834,14834,0
28190,79413,20962,20962,0
28191,79414,17537,17537,0
28192,79415,17499,14998,2501
28193,79416,36251,34186,2065
28194,79423,42311,39426,2885
28195,79424,53479,50319,3160
28196,79501,3594,0,3594
28197,79502,1087,0,1087
28198,79503,224,0,224
28199,79504,2980,0,2980
28200,79505,223,0,223
28201,79506,653,0,653
28202,79508,1256,0,1256
28203,79510,7985,0,7985
28204,79511,1182,826,356
28205,79512,7974,5839,2135
28206,79517,212,0,212
28207,79518,107,0,107
28208,79519,70,0,70
28209,79520,2169,0,2169
28210,79521,3672,0,3672
28211,79525,2902,0,2902
28212,79526,1071,0,1071
28213,79527,360,0,360
28214,79528,595,0,595
28215,79529,1272,0,1272
28216,79530,587,0,587
28217,79532,796,0,796
28218,79533,417,0,417
28219,79534,208,0,208
28220,79535,165,0,165
28221,79536,5133,0,5133
28222,79537,69,0,69
28223,79538,243,0,243
28224,79539,151,0,151
28225,79540,101,0,101
28226,79541,943,0,943
28227,79543,1005,0,1005
28228,79544,434,0,434
28229,79545,1772,0,1772
28230,79546,1798,0,1798
28231,79547,666,0,666
28232,79548,165,0,165
28233,79549,15456,11547,3909
28234,79553,3202,0,3202
28235,79556,12644,10372,2272
28236,79560,143,0,143
28237,79561,674,0,674
28238,79562,5264,0,5264
28239,79563,1152,0,1152
28240,79565,252,0,252
28241,79566,245,0,245
28242,79567,3113,0,3113
28243,79601,26515,17543,8972
28244,79602,25389,20373,5016
28245,79603,23746,22952,794
28246,79605,30239,29905,334
28247,79606,27818,24544,3274
28248,79607,2983,2652,331
28249,79699,169,169,0
28250,79701,29748,29734,14
28251,79703,21205,21205,0
28252,79705,44138,39541,4597
28253,79706,31805,17121,14684
28254,79707,37632,34396,3236
28255,79713,592,0,592
28256,79714,18588,15201,3387
28257,79718,668,0,668
28258,79719,300,0,300
28259,79720,31948,26469,5479
28260,79721,1660,1660,0
28261,79730,218,0,218
28262,79731,4496,0,4496
28263,79733,225,0,225
28264,79734,1811,0,1811
28265,79735,13088,8551,4537
28266,79738,295,0,295
28267,79739,885,0,885
28268,79741,298,0,298
28269,79742,457,0,457
28270,79743,324,0,324
28271,79744,1164,0,1164
28272,79745,6857,6381,476
28273,79748,103,0,103
28274,79749,379,0,379
28275,79752,2226,0,2226
28276,79754,57,0,57
28277,79755,160,0,160
28278,79756,10318,9162,1156
28279,79758,2898,0,2898
28280,79759,81,0,81
28281,79761,30187,30187,0
28282,79762,40253,39954,299
28283,79763,39767,37471,2296
28284,79764,26271,24422,1849
28285,79765,21163,21080,83
28286,79766,9688,1704,7984
28287,79769,13,0,13
28288,79770,38,0,38
28289,79772,13867,13081,786
28290,79776,3,0,3
28291,79777,105,0,105
28292,79778,892,0,892
28293,79780,101,0,101
28294,79781,222,0,222
28295,79782,4641,0,4641
28296,79783,142,0,142
28297,79785,68,0,68
28298,79788,438,0,438
28299,79789,927,0,927
28300,79821,6416,6182,234
28301,79830,7621,5812,1809
28302,79832,471,471,0
28303,79834,150,0,150
28304,79835,12456,11626,830
28305,79836,7217,5054,2163
28306,79837,389,0,389
28307,79838,7895,7094,801
28308,79839,1113,0,1113
28309,79842,445,0,445
28310,79843,2275,0,2275
28311,79845,3717,0,3717
28312,79846,49,0,49
28313,79847,151,0,151
28314,79848,696,0,696
28315,79849,14310,14170,140
28316,79851,1339,0,1339
28317,79852,712,0,712
28318,79853,3638,0,3638
28319,79854,163,0,163
28320,79855,2071,0,2071
28321,79901,10027,10027,0
28322,79902,20071,20071,0
28323,79903,16425,16425,0
28324,79904,31491,30705,786
28325,79905,22483,22483,0
28326,79906,5336,5336,0
28327,79907,50971,50971,0
28328,79908,3583,3583,0
28329,79911,8023,6317,1706
28330,79912,78652,78247,405
28331,79915,35234,35234,0
28332,79916,3800,3018,782
28333,79918,362,362,0
28334,79920,51,51,0
28335,79922,8133,8120,13
28336,79924,58721,58721,0
28337,79925,38422,38422,0
28338,79927,40290,39644,646
28339,79928,78971,74317,4654
28340,79930,24553,24545,8
28341,79932,29996,29395,601
28342,79934,29386,28448,938
28343,79935,17534,17534,0
28344,79936,105150,105134,16
28345,79938,96353,79620,16733
28346,80002,20267,20267,0
28347,80003,36258,36258,0
28348,80004,36076,36076,0
28349,80005,28742,28643,99
28350,80007,17997,17526,471
28351,80010,42303,42303,0
28352,80011,54254,54002,252
28353,80012,49897,49897,0
28354,80013,75099,74819,280
28355,80014,41711,41624,87
28356,80015,71466,71443,23
28357,80016,65406,65019,387
28358,80017,37637,37637,0
28359,80018,16106,11855,4251
28360,80019,3865,3691,174
28361,80020,52141,51986,155
28362,80021,36176,36148,28
28363,80022,57432,56553,879
28364,80023,25964,25681,283
28365,80024,170,170,0
28366,80025,212,0,212
28367,80026,32318,31384,934
28368,80027,34413,34309,104
28369,80030,15885,15885,0
28370,80031,37254,37254,0
28371,80033,26618,26618,0
28372,80045,1278,1278,0
28373,80101,415,0,415
28374,80102,6520,0,6520
28375,80103,2704,0,2704
28376,80104,34727,32612,2115
28377,80105,1771,0,1771
28378,80106,4547,0,4547
28379,80107,13766,0,13766
28380,80108,32188,30126,2062
28381,80109,27148,25629,1519
28382,80110,23279,23279,0
28383,80111,32672,32672,0
28384,80112,35713,35713,0
28385,80113,22821,22821,0
28386,80116,4716,0,4716
28387,80117,2751,0,2751
28388,80118,6057,0,6057
28389,80120,29445,29445,0
28390,80121,18176,18176,0
28391,80122,32336,32336,0
28392,80123,47302,47302,0
28393,80124,22541,22225,316
28394,80125,12482,9159,3323
28395,80126,44221,44221,0
28396,80127,44776,43281,1495
28397,80128,36699,36686,13
28398,80129,29703,29703,0
28399,80130,27250,27202,48
28400,80131,243,0,243
28401,80132,27533,21997,5536
28402,80133,2520,533,1987
28403,80134,76369,73675,2694
28404,80135,4100,0,4100
28405,80136,6028,0,6028
28406,80137,1250,0,1250
28407,80138,34337,24364,9973
28408,80202,19606,19606,0
28409,80203,22883,22883,0
28410,80204,35269,35269,0
28411,80205,34967,34967,0
28412,80206,26108,26108,0
28413,80207,21170,21170,0
28414,80209,27061,27061,0
28415,80210,39394,39394,0
28416,80211,37940,37940,0
28417,80212,20397,20397,0
28418,80214,26493,26493,0
28419,80215,19908,19908,0
28420,80216,15915,15915,0
28421,80218,19484,19484,0
28422,80219,61585,61585,0
28423,80220,37233,37233,0
28424,80221,42224,42224,0
28425,80222,22381,22381,0
28426,80223,19862,19862,0
28427,80224,19199,19199,0
28428,80226,33142,33142,0
28429,80227,35567,35507,60
28430,80228,34836,34670,166
28431,80229,54153,54153,0
28432,80230,9898,9898,0
28433,80231,36014,36014,0
28434,80232,22240,22240,0
28435,80233,48050,47907,143
28436,80234,29660,29660,0
28437,80235,8639,8639,0
28438,80236,16565,16565,0
28439,80237,23108,23108,0
28440,80238,28937,28937,0
28441,80239,46177,46177,0
28442,80241,33097,33097,0
28443,80246,13265,13265,0
28444,80247,29181,29181,0
28445,80249,36794,36739,55
28446,80260,36691,36691,0
28447,80264,0,0,0
28448,80266,8,8,0
28449,80290,446,446,0
28450,80293,0,0,0
28451,80294,0,0,0
28452,80301,25944,24010,1934
28453,80302,27322,22042,5280
28454,80303,25328,24154,1174
28455,80304,27532,26434,1098
28456,80305,17283,16923,360
28457,80310,8281,8281,0
28458,80401,41913,35620,6293
28459,80403,21335,16342,4993
28460,80419,0,0,0
28461,80420,927,0,927
28462,80421,8179,0,8179
28463,80422,4037,0,4037
28464,80423,137,0,137
28465,80424,10474,8725,1749
28466,80425,273,0,273
28467,80426,75,0,75
28468,80427,1051,0,1051
28469,80428,706,0,706
28470,80430,91,0,91
28471,80432,631,0,631
28472,80433,8209,0,8209
28473,80434,56,0,56
28474,80435,8344,6898,1446
28475,80436,541,0,541
28476,80438,534,0,534
28477,80439,24711,10218,14493
28478,80440,2564,0,2564
28479,80442,2537,2056,481
28480,80443,4170,3463,707
28481,80444,1171,0,1171
28482,80446,3998,146,3852
28483,80447,2020,1655,365
28484,80448,204,0,204
28485,80449,1134,0,1134
28486,80451,755,0,755
28487,80452,3313,0,3313
28488,80453,259,0,259
28489,80454,1437,0,1437
28490,80455,517,0,517
28491,80456,651,0,651
28492,80457,728,0,728
28493,80459,2454,0,2454
28494,80461,7196,4538,2658
28495,80463,133,0,133
28496,80465,16196,11200,4996
28497,80466,3332,0,3332
28498,80467,2302,0,2302
28499,80468,341,0,341
28500,80469,318,0,318
28501,80470,3684,0,3684
28502,80471,37,0,37
28503,80473,60,0,60
28504,80474,203,0,203
28505,80475,230,0,230
28506,80476,239,0,239
28507,80478,1498,0,1498
28508,80479,48,0,48
28509,80480,1172,0,1172
28510,80481,544,0,544
28511,80482,1755,1122,633
28512,80483,576,0,576
28513,80487,18209,14455,3754
28514,80498,8405,6969,1436
28515,80501,42822,42772,50
28516,80503,35863,26709,9154
28517,80504,60183,55484,4699
28518,80510,439,0,439
28519,80512,2056,0,2056
28520,80513,15824,10206,5618
28521,80514,6350,4564,1786
28522,80515,845,0,845
28523,80516,34376,30042,4334
28524,80517,9720,7907,1813
28525,80520,1933,1933,0
28526,80521,37451,37085,366
28527,80524,39030,32933,6097
28528,80525,55901,55295,606
28529,80526,45624,43540,2084
28530,80528,23660,22999,661
28531,80530,5428,5381,47
28532,80532,214,0,214
28533,80534,18785,16854,1931
28534,80535,2543,1554,989
28535,80536,2023,0,2023
28536,80537,43603,38039,5564
28537,80538,49084,46230,2854
28538,80540,4710,0,4710
28539,80542,4841,0,4841
28540,80543,8696,7476,1220
28541,80544,138,0,138
28542,80545,1051,0,1051
28543,80546,306,295,11
28544,80547,6536,5042,1494
28545,80549,13530,11071,2459
28546,80550,38909,34608,4301
28547,80601,40460,38663,1797
28548,80602,43375,40244,3131
28549,80603,16078,11108,4970
28550,80610,3570,0,3570
28551,80611,868,0,868
28552,80612,669,0,669
28553,80615,9486,6180,3306
28554,80620,20975,20809,166
28555,80621,13343,7862,5481
28556,80622,121,0,121
28557,80623,999,0,999
28558,80624,968,0,968
28559,80631,52336,49122,3214
28560,80634,65980,64916,1064
28561,80640,13106,12797,309
28562,80642,4139,0,4139
28563,80643,3599,0,3599
28564,80644,3006,0,3006
28565,80645,4245,2375,1870
28566,80646,6,0,6
28567,80648,1261,0,1261
28568,80649,397,0,397
28569,80650,1884,0,1884
28570,80651,4987,0,4987
28571,80652,563,0,563
28572,80653,757,0,757
28573,80654,3230,0,3230
28574,80701,16101,12541,3560
28575,80705,985,932,53
28576,80720,2623,0,2623
28577,80721,155,0,155
28578,80722,370,0,370
28579,80723,7092,5568,1524
28580,80726,406,0,406
28581,80727,439,0,439
28582,80728,892,0,892
28583,80729,533,0,533
28584,80731,1526,0,1526
28585,80732,25,0,25
28586,80733,564,0,564
28587,80734,3087,0,3087
28588,80735,467,0,467
28589,80736,619,0,619
28590,80737,1615,0,1615
28591,80740,101,0,101
28592,80741,903,0,903
28593,80742,329,0,329
28594,80743,1119,0,1119
28595,80744,433,0,433
28596,80745,117,0,117
28597,80746,47,0,47
28598,80747,488,0,488
28599,80749,344,0,344
28600,80750,391,0,391
28601,80751,17702,12278,5424
28602,80754,157,0,157
28603,80755,176,0,176
28604,80757,185,0,185
28605,80758,3784,0,3784
28606,80759,4590,0,4590
28607,80801,151,0,151
28608,80802,234,0,234
28609,80804,357,0,357
28610,80805,416,0,416
28611,80807,4232,0,4232
28612,80808,6990,0,6990
28613,80809,1525,1062,463
28614,80810,1038,0,1038
28615,80812,191,0,191
28616,80813,1961,0,1961
28617,80814,3890,0,3890
28618,80815,890,0,890
28619,80816,5794,0,5794
28620,80817,31621,29002,2619
28621,80818,386,0,386
28622,80819,800,624,176
28623,80820,780,0,780
28624,80821,1115,0,1115
28625,80822,247,0,247
28626,80823,199,0,199
28627,80824,185,0,185
28628,80825,399,0,399
28629,80826,904,0,904
28630,80827,826,0,826
28631,80828,2603,0,2603
28632,80829,5343,4800,543
28633,80830,238,0,238
28634,80831,32823,21348,11475
28635,80832,877,0,877
28636,80833,784,0,784
28637,80834,330,0,330
28638,80835,870,0,870
28639,80836,1116,0,1116
28640,80840,6609,0,6609
28641,80860,547,0,547
28642,80861,258,0,258
28643,80862,47,0,47
28644,80863,12738,9862,2876
28645,80864,1495,0,1495
28646,80902,10926,9419,1507
28647,80903,15944,15944,0
28648,80904,20986,20399,587
28649,80905,17592,17592,0
28650,80906,39019,38236,783
28651,80907,28806,28806,0
28652,80908,22811,8211,14600
28653,80909,37302,37302,0
28654,80910,30991,30991,0
28655,80911,34577,33708,869
28656,80913,7384,6254,1130
28657,80914,696,696,0
28658,80915,22548,22548,0
28659,80916,39990,39975,15
28660,80917,30513,30513,0
28661,80918,47453,47453,0
28662,80919,28909,28242,667
28663,80920,39540,39540,0
28664,80921,25158,22905,2253
28665,80922,29392,29392,0
28666,80923,31849,31842,7
28667,80924,15058,14812,246
28668,80925,15061,10904,4157
28669,80926,1517,0,1517
28670,80927,7373,5900,1473
28671,80928,1129,0,1129
28672,80929,503,13,490
28673,80930,1527,0,1527
28674,80938,421,0,421
28675,80939,0,0,0
28676,80951,4588,4565,23
28677,81001,31107,30851,256
28678,81003,15169,15137,32
28679,81004,26005,24919,1086
28680,81005,31327,29965,1362
28681,81006,11653,8417,3236
28682,81007,33263,25413,7850
28683,81008,11868,11353,515
28684,81019,2022,0,2022
28685,81020,890,0,890
28686,81021,27,0,27
28687,81022,1463,0,1463
28688,81023,1339,0,1339
28689,81024,277,0,277
28690,81025,950,0,950
28691,81027,110,0,110
28692,81029,329,0,329
28693,81030,173,0,173
28694,81033,182,0,182
28695,81036,991,0,991
28696,81039,1971,0,1971
28697,81040,448,0,448
28698,81041,603,0,603
28699,81043,39,0,39
28700,81044,273,0,273
28701,81045,141,0,141
28702,81046,13,0,13
28703,81047,1577,0,1577
28704,81049,202,0,202
28705,81050,9924,7792,2132
28706,81052,9142,7502,1640
28707,81054,4823,0,4823
28708,81055,1489,0,1489
28709,81057,355,0,355
28710,81058,844,0,844
28711,81059,125,0,125
28712,81062,2536,0,2536
28713,81063,2724,0,2724
28714,81064,251,0,251
28715,81067,5521,0,5521
28716,81069,1944,0,1944
28717,81071,303,0,303
28718,81073,1817,0,1817
28719,81076,416,0,416
28720,81077,619,0,619
28721,81081,85,0,85
28722,81082,12026,8323,3703
28723,81084,116,0,116
28724,81087,135,0,135
28725,81089,4656,0,4656
28726,81090,875,0,875
28727,81091,786,0,786
28728,81092,866,0,866
28729,81101,15657,10965,4692
28730,81120,2063,0,2063
28731,81121,284,0,284
28732,81122,9808,0,9808
28733,81123,727,0,727
28734,81124,174,0,174
28735,81125,2989,0,2989
28736,81126,239,0,239
28737,81128,110,0,110
28738,81129,78,0,78
28739,81130,800,0,800
28740,81131,1510,0,1510
28741,81132,2977,0,2977
28742,81133,1009,0,1009
28743,81136,190,0,190
28744,81137,5094,0,5094
28745,81138,62,0,62
28746,81140,2154,0,2154
28747,81141,1226,0,1226
28748,81143,818,0,818
28749,81144,7347,0,7347
28750,81146,547,0,547
28751,81147,12615,5632,6983
28752,81148,302,0,302
28753,81149,829,0,829
28754,81151,1527,0,1527
28755,81152,1294,0,1294
28756,81154,1302,0,1302
28757,81155,189,0,189
28758,81201,9128,5953,3175
28759,81210,315,0,315
28760,81211,8224,5038,3186
28761,81212,31643,24737,6906
28762,81220,225,0,225
28763,81221,334,0,334
28764,81222,333,0,333
28765,81223,2190,0,2190
28766,81224,3941,0,3941
28767,81225,1074,0,1074
28768,81226,8585,0,8585
28769,81227,27,0,27
28770,81228,0,0,0
28771,81230,10598,7228,3370
28772,81232,11,0,11
28773,81233,881,0,881
28774,81235,728,0,728
28775,81236,1161,0,1161
28776,81237,86,0,86
28777,81239,53,0,53
28778,81240,4366,0,4366
28779,81241,132,0,132
28780,81242,1032,0,1032
28781,81243,110,0,110
28782,81244,468,0,468
28783,81248,56,0,56
28784,81251,240,0,240
28785,81252,4252,0,4252
28786,81253,339,0,339
28787,81301,30760,18279,12481
28788,81303,8027,835,7192
28789,81320,380,0,380
28790,81321,14402,8628,5774
28791,81323,4554,0,4554
28792,81324,1602,0,1602
28793,81325,170,0,170
28794,81326,2545,0,2545
28795,81327,588,0,588
28796,81328,4387,0,4387
28797,81330,28,0,28
28798,81331,512,0,512
28799,81332,296,0,296
28800,81334,1461,0,1461
28801,81335,86,0,86
28802,81401,23266,19558,3708
28803,81403,11987,4955,7032
28804,81410,1780,0,1780
28805,81411,38,0,38
28806,81413,5271,0,5271
28807,81415,1674,0,1674
28808,81416,14304,8190,6114
28809,81418,1645,0,1645
28810,81419,3681,0,3681
28811,81422,539,0,539
28812,81423,1409,0,1409
28813,81424,1014,0,1014
28814,81425,5120,0,5120
28815,81426,238,0,238
28816,81427,1099,0,1099
28817,81428,3635,0,3635
28818,81429,108,0,108
28819,81430,836,0,836
28820,81431,377,0,377
28821,81432,3061,0,3061
28822,81433,652,0,652
28823,81434,158,0,158
28824,81435,5499,4587,912
28825,81501,23935,23935,0
28826,81503,16121,15082,1039
28827,81504,31150,31085,65
28828,81505,11791,8755,3036
28829,81506,11412,11221,191
28830,81507,16053,15412,641
28831,81520,14042,13616,426
28832,81521,16446,13527,2919
28833,81522,107,0,107
28834,81523,892,0,892
28835,81524,2357,0,2357
28836,81525,1058,0,1058
28837,81526,5216,3340,1876
28838,81527,2034,0,2034
28839,81601,16484,10908,5576
28840,81610,350,0,350
28841,81611,9637,7674,1963
28842,81612,79,0,79
28843,81615,3083,2392,691
28844,81620,10038,8308,1730
28845,81621,6034,4754,1280
28846,81623,16110,10397,5713
28847,81624,1196,0,1196
28848,81625,12560,9650,2910
28849,81630,1019,0,1019
28850,81631,9017,7419,1598
28851,81632,11343,8210,3133
28852,81633,17,0,17
28853,81635,7185,6311,874
28854,81637,9845,8841,1004
28855,81638,166,0,166
28856,81639,2498,0,2498
28857,81640,204,0,204
28858,81641,3772,0,3772
28859,81642,87,0,87
28860,81643,751,0,751
28861,81645,1033,996,37
28862,81646,189,0,189
28863,81647,7445,5825,1620
28864,81648,2677,0,2677
28865,81649,314,0,314
28866,81650,14336,11469,2867
28867,81652,5801,0,5801
28868,81653,85,0,85
28869,81654,1249,337,912
28870,81655,290,0,290
28871,81656,422,0,422
28872,81657,5114,5084,30
28873,82001,37528,37152,376
28874,82005,539,525,14
28875,82007,21249,19438,1811
28876,82009,35700,22135,13565
28877,82050,366,0,366
28878,82051,33,0,33
28879,82052,64,0,64
28880,82053,1513,0,1513
28881,82054,1132,0,1132
28882,82055,284,0,284
28883,82058,42,0,42
28884,82059,212,0,212
28885,82060,420,0,420
28886,82061,51,0,51
28887,82063,122,0,122
28888,82070,20308,17355,2953
28889,82072,15719,14906,813
28890,82073,55,0,55
28891,82081,74,0,74
28892,82082,1764,0,1764
28893,82083,334,0,334
28894,82084,89,0,89
28895,82190,392,0,392
28896,82201,6395,0,6395
28897,82210,329,0,329
28898,82212,441,0,441
28899,82213,591,0,591
28900,82214,1270,0,1270
28901,82215,159,0,159
28902,82217,90,0,90
28903,82218,18,0,18
28904,82219,76,0,76
28905,82221,532,0,532
28906,82222,127,0,127
28907,82223,896,0,896
28908,82224,30,0,30
28909,82225,2077,0,2077
28910,82227,154,0,154
28911,82229,63,0,63
28912,82240,9689,6436,3253
28913,82242,87,0,87
28914,82243,187,0,187
28915,82244,495,0,495
28916,82301,8539,7700,839
28917,82310,35,0,35
28918,82321,676,0,676
28919,82322,68,0,68
28920,82323,146,0,146
28921,82324,231,0,231
28922,82325,871,0,871
28923,82327,738,0,738
28924,82329,318,0,318
28925,82331,2316,0,2316
28926,82332,73,0,73
28927,82334,441,0,441
28928,82335,7,0,7
28929,82336,243,0,243
28930,82401,7001,4889,2112
28931,82410,1815,0,1815
28932,82411,695,0,695
28933,82412,589,0,589
28934,82414,16087,9999,6088
28935,82420,912,0,912
28936,82421,447,0,447
28937,82422,88,0,88
28938,82423,201,0,201
28939,82426,2425,0,2425
28940,82428,141,0,141
28941,82430,90,0,90
28942,82431,3595,0,3595
28943,82432,264,0,264
28944,82433,738,0,738
28945,82434,147,0,147
28946,82435,12093,6485,5608
28947,82440,145,0,145
28948,82441,223,0,223
28949,82442,742,0,742
28950,82443,4501,0,4501
28951,82450,170,0,170
28952,82501,18523,11234,7289
28953,82510,1236,0,1236
28954,82512,223,0,223
28955,82513,1816,0,1816
28956,82514,1539,0,1539
28957,82515,550,0,550
28958,82516,393,0,393
28959,82520,12887,6977,5910
28960,82523,895,0,895
28961,82601,27180,21847,5333
28962,82604,26539,22632,3907
28963,82609,18845,18532,313
28964,82620,177,0,177
28965,82630,21,0,21
28966,82633,9764,6498,3266
28967,82635,154,0,154
28968,82636,4763,2879,1884
28969,82637,3835,0,3835
28970,82638,22,0,22
28971,82639,792,0,792
28972,82640,29,0,29
28973,82642,75,0,75
28974,82643,297,0,297
28975,82644,1861,1861,0
28976,82646,47,0,47
28977,82648,35,0,35
28978,82649,1062,0,1062
28979,82701,5309,0,5309
28980,82710,285,0,285
28981,82711,122,0,122
28982,82712,332,0,332
28983,82714,66,0,66
28984,82716,17094,13599,3495
28985,82718,25764,20823,4941
28986,82720,916,0,916
28987,82721,3108,0,3108
28988,82723,219,0,219
28989,82725,136,0,136
28990,82727,1838,0,1838
28991,82729,2221,0,2221
28992,82730,1450,0,1450
28993,82731,173,0,173
28994,82732,1932,0,1932
28995,82801,25685,19430,6255
28996,82831,224,0,224
28997,82832,794,0,794
28998,82833,520,0,520
28999,82834,7471,4516,2955
29000,82835,286,0,286
29001,82836,1085,0,1085
29002,82837,21,0,21
29003,82838,297,0,297
29004,82839,1454,0,1454
29005,82842,683,0,683
29006,82844,54,0,54
29007,82845,84,0,84
29008,82901,28005,25853,2152
29009,82922,304,0,304
29010,82923,545,0,545
29011,82925,299,0,299
29012,82929,54,0,54
29013,82930,13894,11416,2478
29014,82932,717,0,717
29015,82933,829,0,829
29016,82934,115,0,115
29017,82935,12324,11873,451
29018,82936,57,0,57
29019,82937,3645,0,3645
29020,82938,144,0,144
29021,82939,1777,0,1777
29022,82941,5066,0,5066
29023,82942,53,0,53
29024,82943,303,0,303
29025,82944,241,0,241
29026,82945,190,0,190
29027,83001,17690,10760,6930
29028,83011,262,0,262
29029,83012,236,0,236
29030,83013,378,0,378
29031,83014,3542,0,3542
29032,83025,588,0,588
29033,83101,2808,0,2808
29034,83110,4744,0,4744
29035,83111,467,0,467
29036,83112,804,0,804
29037,83113,2067,0,2067
29038,83114,811,0,811
29039,83115,445,0,445
29040,83116,490,0,490
29041,83118,1257,0,1257
29042,83119,243,0,243
29043,83120,551,0,551
29044,83121,10,0,10
29045,83122,412,0,412
29046,83123,507,0,507
29047,83124,99,0,99
29048,83126,479,0,479
29049,83127,3818,0,3818
29050,83128,2216,0,2216
29051,83201,38921,37876,1045
29052,83202,24441,18833,5608
29053,83203,87,0,87
29054,83204,18408,15028,3380
29055,83209,474,474,0
29056,83210,3085,0,3085
29057,83211,6500,0,6500
29058,83212,149,0,149
29059,83213,1380,0,1380
29060,83214,725,0,725
29061,83215,41,0,41
29062,83217,792,0,792
29063,83218,373,0,373
29064,83220,112,0,112
29065,83221,28354,14231,14123
29066,83223,197,0,197
29067,83226,2294,0,2294
29068,83227,157,0,157
29069,83228,695,0,695
29070,83232,438,0,438
29071,83233,84,0,84
29072,83234,1127,0,1127
29073,83235,83,0,83
29074,83236,2423,0,2423
29075,83237,1559,0,1559
29076,83238,167,0,167
29077,83239,609,0,609
29078,83241,1924,0,1924
29079,83243,117,0,117
29080,83244,281,0,281
29081,83245,2266,0,2266
29082,83246,1038,0,1038
29083,83250,1796,0,1796
29084,83251,1100,0,1100
29085,83252,4403,0,4403
29086,83253,157,0,157
29087,83254,3803,0,3803
29088,83255,1121,0,1121
29089,83261,621,0,621
29090,83262,1401,0,1401
29091,83263,9928,0,9928
29092,83271,488,0,488
29093,83272,292,0,292
29094,83274,10673,5109,5564
29095,83276,4311,0,4311
29096,83277,155,0,155
29097,83278,416,0,416
29098,83281,83,0,83
29099,83283,143,0,143
29100,83285,80,0,80
29101,83286,1424,0,1424
29102,83287,313,0,313
29103,83301,60789,54096,6693
29104,83302,159,0,159
29105,83311,560,0,560
29106,83312,171,0,171
29107,83313,3815,2452,1363
29108,83314,897,0,897
29109,83316,10295,0,10295
29110,83318,18990,12618,6372
29111,83320,1050,0,1050
29112,83321,500,0,500
29113,83322,54,0,54
29114,83323,1962,0,1962
29115,83324,694,0,694
29116,83325,995,0,995
29117,83327,944,0,944
29118,83328,6230,50,6180
29119,83330,6720,0,6720
29120,83332,2434,0,2434
29121,83333,11775,9917,1858
29122,83334,2152,0,2152
29123,83335,1886,0,1886
29124,83336,5727,3888,1839
29125,83337,35,0,35
29126,83338,21486,12405,9081
29127,83340,5647,4600,1047
29128,83341,8838,4662,4176
29129,83342,1169,0,1169
29130,83344,1339,0,1339
29131,83346,1459,0,1459
29132,83347,3275,1228,2047
29133,83348,93,0,93
29134,83349,923,0,923
29135,83350,12975,6541,6434
29136,83352,3516,0,3516
29137,83353,1774,1409,365
29138,83354,3,3,0
29139,83355,5332,0,5332
29140,83401,47114,38102,9012
29141,83402,28452,24728,3724
29142,83404,25491,23798,1693
29143,83406,19003,16002,3001
29144,83414,546,0,546
29145,83420,2445,0,2445
29146,83421,349,0,349
29147,83422,3871,0,3871
29148,83423,678,0,678
29149,83424,260,0,260
29150,83425,597,0,597
29151,83427,2566,2502,64
29152,83428,527,0,527
29153,83429,980,0,980
29154,83431,914,0,914
29155,83433,101,0,101
29156,83434,1693,0,1693
29157,83435,670,0,670
29158,83436,541,0,541
29159,83438,93,0,93
29160,83440,50567,39600,10967
29161,83442,23831,10283,13548
29162,83443,1154,0,1154
29163,83444,1351,0,1351
29164,83445,7411,0,7411
29165,83446,47,0,47
29166,83448,2590,1677,913
29167,83449,320,0,320
29168,83450,1055,0,1055
29169,83451,987,0,987
29170,83452,1773,0,1773
29171,83454,257,0,257
29172,83455,5675,0,5675
29173,83460,53,53,0
29174,83462,508,0,508
29175,83463,129,0,129
29176,83464,363,0,363
29177,83465,94,0,94
29178,83466,299,0,299
29179,83467,6169,0,6169
29180,83468,222,0,222
29181,83469,53,0,53
29182,83501,36793,34131,2662
29183,83520,179,0,179
29184,83522,2166,0,2166
29185,83523,753,0,753
29186,83524,1002,0,1002
29187,83525,416,0,416
29188,83526,260,0,260
29189,83530,5713,0,5713
29190,83533,210,0,210
29191,83535,1167,0,1167
29192,83536,4216,0,4216
29193,83537,985,0,985
29194,83539,1835,0,1835
29195,83540,2329,0,2329
29196,83541,1161,0,1161
29197,83542,162,0,162
29198,83543,679,0,679
29199,83544,6159,0,6159
29200,83545,427,0,427
29201,83546,503,0,503
29202,83547,291,0,291
29203,83548,134,0,134
29204,83549,836,0,836
29205,83552,1207,0,1207
29206,83553,1057,0,1057
29207,83554,547,0,547
29208,83555,519,0,519
29209,83602,51,0,51
29210,83604,676,0,676
29211,83605,38561,37882,679
29212,83607,36024,22258,13766
29213,83610,979,0,979
29214,83611,2596,0,2596
29215,83612,2162,0,2162
29216,83615,1927,0,1927
29217,83616,33311,30166,3145
29218,83617,17502,10173,7329
29219,83619,8638,6426,2212
29220,83622,2076,0,2076
29221,83623,1470,0,1470
29222,83624,1072,0,1072
29223,83626,1234,0,1234
29224,83627,656,0,656
29225,83628,4996,0,4996
29226,83629,1731,0,1731
29227,83631,1317,0,1317
29228,83632,315,0,315
29229,83633,419,0,419
29230,83634,33379,23278,10101
29231,83636,211,0,211
29232,83637,270,0,270
29233,83638,7306,3695,3611
29234,83639,3170,0,3170
29235,83641,3627,0,3627
29236,83642,55465,51744,3721
29237,83643,105,0,105
29238,83644,14568,10265,4303
29239,83645,621,0,621
29240,83646,69818,68752,1066
29241,83647,22592,17799,4793
29242,83648,3191,0,3191
29243,83650,587,0,587
29244,83651,34509,33863,646
29245,83654,1752,0,1752
29246,83655,4843,0,4843
29247,83656,566,0,566
29248,83657,194,0,194
29249,83660,6317,0,6317
29250,83661,10537,8490,2047
29251,83666,54,0,54
29252,83669,13647,10673,2974
29253,83670,521,0,521
29254,83672,8892,5504,3388
29255,83676,4950,0,4950
29256,83677,44,0,44
29257,83686,55343,49452,5891
29258,83687,37254,34106,3148
29259,83702,23951,23660,291
29260,83703,18163,18103,60
29261,83704,42430,42430,0
29262,83705,27756,27729,27
29263,83706,34446,34446,0
29264,83709,59461,58830,631
29265,83712,8908,8369,539
29266,83713,30056,30056,0
29267,83714,26181,20807,5374
29268,83716,21583,18369,3214
29269,83720,0,0,0
29270,83725,6,6,0
29271,83801,7501,0,7501
29272,83802,52,0,52
29273,83803,764,0,764
29274,83804,1617,0,1617
29275,83805,8412,0,8412
29276,83806,257,0,257
29277,83808,143,0,143
29278,83809,510,0,510
29279,83810,1114,0,1114
29280,83811,1521,0,1521
29281,83812,64,0,64
29282,83813,1189,0,1189
29283,83814,26966,20369,6597
29284,83815,39412,38882,530
29285,83821,437,0,437
29286,83822,2026,0,2026
29287,83823,1450,0,1450
29288,83824,348,0,348
29289,83825,396,396,0
29290,83826,100,0,100
29291,83827,164,0,164
29292,83830,702,0,702
29293,83832,1701,0,1701
29294,83833,1492,0,1492
29295,83834,252,0,252
29296,83835,23157,19959,3198
29297,83836,1041,0,1041
29298,83837,3206,0,3206
29299,83839,1288,0,1288
29300,83840,556,556,0
29301,83841,652,0,652
29302,83842,173,0,173
29303,83843,26739,23749,2990
29304,83844,2165,2165,0
29305,83845,1795,0,1795
29306,83846,708,0,708
29307,83847,1685,0,1685
29308,83848,216,0,216
29309,83849,1954,0,1954
29310,83850,2397,0,2397
29311,83851,1828,0,1828
29312,83852,1279,961,318
29313,83854,49040,42621,6419
29314,83855,2115,0,2115
29315,83856,6429,0,6429
29316,83857,783,0,783
29317,83858,17113,9241,7872
29318,83860,7021,768,6253
29319,83861,6581,0,6581
29320,83864,19414,10143,9271
29321,83866,321,0,321
29322,83867,616,0,616
29323,83868,923,0,923
29324,83869,5488,0,5488
29325,83870,325,0,325
29326,83871,2015,0,2015
29327,83872,793,0,793
29328,83873,1587,0,1587
29329,83874,60,0,60
29330,83876,1670,0,1670
29331,84001,719,0,719
29332,84002,280,0,280
29333,84003,52970,52558,412
29334,84004,10259,9823,436
29335,84005,43113,39945,3168
29336,84006,829,0,829
29337,84007,530,0,530
29338,84008,0,0,0
29339,84009,38347,37822,525
29340,84010,48439,47984,455
29341,84013,1090,0,1090
29342,84014,16870,16862,8
29343,84015,68548,68391,157
29344,84017,4076,0,4076
29345,84018,236,0,236
29346,84020,51017,49575,1442
29347,84021,3198,0,3198
29348,84022,423,0,423
29349,84023,228,0,228
29350,84024,61,0,61
29351,84025,24596,24000,596
29352,84026,910,0,910
29353,84027,604,0,604
29354,84028,955,0,955
29355,84029,13269,9598,3671
29356,84031,278,0,278
29357,84032,24766,19187,5579
29358,84033,1150,0,1150
29359,84034,181,0,181
29360,84035,722,0,722
29361,84036,8300,0,8300
29362,84037,39763,39550,213
29363,84038,439,0,439
29364,84039,1065,0,1065
29365,84040,26687,26505,182
29366,84041,55289,55245,44
29367,84042,11330,11258,72
29368,84043,76954,75440,1514
29369,84044,29284,29121,163
29370,84045,36898,35867,1031
29371,84046,698,0,698
29372,84047,37146,37146,0
29373,84049,6655,5872,783
29374,84050,12059,0,12059
29375,84051,390,0,390
29376,84052,1257,0,1257
29377,84053,850,0,850
29378,84054,21552,21373,179
29379,84055,1473,0,1473
29380,84056,4088,4088,0
29381,84057,38401,38401,0
29382,84058,33734,33709,25
29383,84059,15567,15549,18
29384,84060,8621,7925,696
29385,84061,514,0,514
29386,84062,47771,47689,82
29387,84063,477,0,477
29388,84064,744,0,744
29389,84065,49295,48537,758
29390,84066,13287,6316,6971
29391,84067,39194,39194,0
29392,84069,492,0,492
29393,84070,30885,30885,0
29394,84071,1946,0,1946
29395,84072,402,0,402
29396,84073,211,0,211
29397,84074,55001,47696,7305
29398,84075,32274,31874,400
29399,84076,383,0,383
29400,84078,29172,19620,9552
29401,84080,328,0,328
29402,84081,51426,51353,73
29403,84082,832,0,832
29404,84083,1115,1048,67
29405,84084,32568,32568,0
29406,84085,419,0,419
29407,84086,359,0,359
29408,84087,16217,16081,136
29409,84088,37856,37856,0
29410,84092,29492,29060,432
29411,84093,23609,23609,0
29412,84094,28751,28751,0
29413,84095,39278,39278,0
29414,84096,69086,66432,2654
29415,84097,23038,23014,24
29416,84098,20573,15560,5013
29417,84101,8140,8140,0
29418,84102,18857,18857,0
29419,84103,22788,22539,249
29420,84104,23487,23481,6
29421,84105,22856,22856,0
29422,84106,35892,35892,0
29423,84107,37713,37713,0
29424,84108,21261,19786,1475
29425,84109,24768,24472,296
29426,84111,12162,12162,0
29427,84112,3302,3302,0
29428,84113,173,173,0
29429,84114,0,0,0
29430,84115,27588,27588,0
29431,84116,35327,35138,189
29432,84117,25675,25675,0
29433,84118,41493,41491,2
29434,84119,54143,54143,0
29435,84120,51212,51212,0
29436,84121,41628,41156,472
29437,84123,39489,39489,0
29438,84124,22872,22871,1
29439,84128,31406,31402,4
29440,84129,37421,37421,0
29441,84138,0,0,0
29442,84150,0,0,0
29443,84180,0,0,0
29444,84301,900,0,900
29445,84302,26564,24497,2067
29446,84304,38,0,38
29447,84305,823,0,823
29448,84306,575,0,575
29449,84307,1592,0,1592
29450,84308,302,0,302
29451,84309,654,0,654
29452,84310,4907,10,4897
29453,84311,872,0,872
29454,84312,4483,2320,2163
29455,84313,93,0,93
29456,84314,1157,0,1157
29457,84315,9635,7748,1887
29458,84316,240,0,240
29459,84317,2523,0,2523
29460,84318,5296,5026,270
29461,84319,9570,9188,382
29462,84320,2411,0,2411
29463,84321,49550,48560,990
29464,84322,0,0,0
29465,84324,1128,0,1128
29466,84325,2476,0,2476
29467,84326,2420,2125,295
29468,84327,947,0,947
29469,84328,1829,0,1829
29470,84329,222,0,222
29471,84330,505,0,505
29472,84331,348,0,348
29473,84332,8238,8238,0
29474,84333,3207,0,3207
29475,84334,249,0,249
29476,84335,15504,13306,2198
29477,84336,281,0,281
29478,84337,13880,9578,4302
29479,84338,512,0,512
29480,84339,5847,3798,2049
29481,84340,3834,2969,865
29482,84341,24181,23686,495
29483,84401,42968,41464,1504
29484,84403,37847,37456,391
29485,84404,66382,63180,3202
29486,84405,34285,33987,298
29487,84408,367,367,0
29488,84414,32471,31847,624
29489,84501,13111,10263,2848
29490,84511,4603,0,4603
29491,84512,920,0,920
29492,84513,1554,0,1554
29493,84515,10,0,10
29494,84516,186,0,186
29495,84518,861,0,861
29496,84520,1225,0,1225
29497,84521,686,0,686
29498,84522,336,0,336
29499,84523,1625,0,1625
29500,84525,968,0,968
29501,84526,3888,3083,805
29502,84528,2358,0,2358
29503,84529,205,0,205
29504,84530,560,0,560
29505,84531,448,0,448
29506,84532,10203,7933,2270
29507,84533,105,0,105
29508,84534,2653,0,2653
29509,84535,2323,0,2323
29510,84536,1637,0,1637
29511,84537,1285,0,1285
29512,84539,335,0,335
29513,84540,70,0,70
29514,84542,1629,0,1629
29515,84601,33986,33642,344
29516,84602,2366,2366,0
29517,84604,45503,44756,747
29518,84606,33791,33688,103
29519,84620,1169,0,1169
29520,84621,137,0,137
29521,84622,1527,0,1527
29522,84623,307,0,307
29523,84624,5836,0,5836
29524,84626,338,0,338
29525,84627,5882,5049,833
29526,84628,697,0,697
29527,84629,2583,0,2583
29528,84630,265,0,265
29529,84631,2985,0,2985
29530,84632,1263,0,1263
29531,84633,1082,0,1082
29532,84634,3630,0,3630
29533,84635,764,0,764
29534,84636,570,0,570
29535,84637,688,0,688
29536,84638,308,0,308
29537,84639,998,0,998
29538,84640,117,0,117
29539,84642,3494,0,3494
29540,84643,633,0,633
29541,84644,381,0,381
29542,84645,3117,0,3117
29543,84646,1902,0,1902
29544,84647,4549,0,4549
29545,84648,6830,6330,500
29546,84649,789,0,789
29547,84651,28416,25070,3346
29548,84652,850,0,850
29549,84653,11103,8293,2810
29550,84654,2584,0,2584
29551,84655,15287,10560,4727
29552,84656,364,0,364
29553,84657,452,0,452
29554,84660,45959,42337,3622
29555,84662,1403,0,1403
29556,84663,35647,35122,525
29557,84664,11365,10516,849
29558,84665,571,0,571
29559,84667,423,0,423
29560,84701,8883,8129,754
29561,84710,162,0,162
29562,84711,895,0,895
29563,84712,190,0,190
29564,84713,4316,0,4316
29565,84714,828,0,828
29566,84715,416,0,416
29567,84716,317,0,317
29568,84718,190,0,190
29569,84719,195,0,195
29570,84720,23607,19102,4505
29571,84721,27329,21797,5532
29572,84722,681,0,681
29573,84723,552,0,552
29574,84724,1213,0,1213
29575,84725,2298,0,2298
29576,84726,954,0,954
29577,84728,131,0,131
29578,84729,328,0,328
29579,84730,554,0,554
29580,84731,186,0,186
29581,84732,72,0,72
29582,84733,127,0,127
29583,84734,192,0,192
29584,84735,262,0,262
29585,84736,236,0,236
29586,84737,21212,15809,5403
29587,84738,9064,8652,412
29588,84739,408,0,408
29589,84740,212,0,212
29590,84741,6034,0,6034
29591,84742,545,0,545
29592,84743,134,0,134
29593,84744,334,0,334
29594,84745,4347,4088,259
29595,84746,1162,0,1162
29596,84747,969,0,969
29597,84749,212,0,212
29598,84750,390,0,390
29599,84751,1662,0,1662
29600,84752,891,0,891
29601,84753,21,0,21
29602,84754,4004,264,3740
29603,84755,83,0,83
29604,84756,447,0,447
29605,84757,1653,0,1653
29606,84758,588,0,588
29607,84759,2064,0,2064
29608,84760,824,0,824
29609,84761,3210,0,3210
29610,84762,393,0,393
29611,84763,226,0,226
29612,84764,357,0,357
29613,84765,7593,7273,320
29614,84766,166,0,166
29615,84767,648,0,648
29616,84770,44505,41476,3029
29617,84772,178,0,178
29618,84773,250,0,250
29619,84774,1865,144,1721
29620,84775,430,0,430
29621,84776,488,0,488
29622,84779,730,0,730
29623,84780,28025,26497,1528
29624,84781,257,0,257
29625,84782,907,0,907
29626,84783,907,0,907
29627,84784,1127,0,1127
29628,84790,52982,49540,3442
29629,85003,11042,11042,0
29630,85004,8833,8833,0
29631,85006,23797,23797,0
29632,85007,14442,14442,0
29633,85008,59047,59047,0
29634,85009,50439,50439,0
29635,85012,8201,8201,0
29636,85013,21970,21970,0
29637,85014,26381,26381,0
29638,85015,41436,41436,0
29639,85016,37326,37326,0
29640,85017,45279,45279,0
29641,85018,37944,37732,212
29642,85019,27677,27677,0
29643,85020,34534,34431,103
29644,85021,40943,40943,0
29645,85022,51314,51314,0
29646,85023,35241,35241,0
29647,85024,26021,26013,8
29648,85026,0,0,0
29649,85027,38343,38343,0
29650,85028,19888,19878,10
29651,85029,47101,47101,0
29652,85031,31162,31162,0
29653,85032,68710,68710,0
29654,85033,57980,57980,0
29655,85034,5033,5033,0
29656,85035,51441,51441,0
29657,85037,50929,50929,0
29658,85040,33993,33993,0
29659,85041,64639,64605,34
29660,85042,45433,45344,89
29661,85043,35800,35742,58
29662,85044,39559,39559,0
29663,85045,8090,7590,500
29664,85048,34524,34524,0
29665,85050,31591,31462,129
29666,85051,46123,46123,0
29667,85053,30136,30136,0
29668,85054,8849,8778,71
29669,85083,20898,20895,3
29670,85085,27875,24928,2947
29671,85086,43223,40258,2965
29672,85087,9853,3188,6665
29673,85118,13044,9590,3454
29674,85119,22069,21463,606
29675,85120,30605,30578,27
29676,85121,2802,0,2802
29677,85122,55063,48379,6684
29678,85123,9965,9575,390
29679,85128,15764,12008,3756
29680,85131,16723,0,16723
29681,85132,38848,25685,13163
29682,85135,519,0,519
29683,85137,2021,0,2021
29684,85138,46914,45036,1878
29685,85139,18137,12735,5402
29686,85140,45381,44024,1357
29687,85141,416,0,416
29688,85142,80734,76874,3860
29689,85143,41720,39674,2046
29690,85145,2572,0,2572
29691,85147,5390,0,5390
29692,85172,1132,0,1132
29693,85173,2458,0,2458
29694,85191,187,0,187
29695,85192,1367,0,1367
29696,85193,4450,70,4380
29697,85194,7592,2597,4995
29698,85201,51187,51187,0
29699,85202,39626,39626,0
29700,85203,37962,37379,583
29701,85204,63808,63808,0
29702,85205,44137,44137,0
29703,85206,36713,36713,0
29704,85207,50108,49844,264
29705,85208,36820,36820,0
29706,85209,44192,44192,0
29707,85210,40351,40351,0
29708,85212,48422,47124,1298
29709,85213,36572,36487,85
29710,85215,16461,16237,224
29711,85224,46919,46919,0
29712,85225,73551,73551,0
29713,85226,40689,40646,43
29714,85233,39006,39006,0
29715,85234,51051,51051,0
29716,85236,42,42,0
29717,85248,38567,37779,788
29718,85249,47414,47414,0
29719,85250,16501,16495,6
29720,85251,40073,40073,0
29721,85253,17358,17358,0
29722,85254,46352,46352,0
29723,85255,44976,44222,754
29724,85256,4857,22,4835
29725,85257,29187,29187,0
29726,85258,25203,25203,0
29727,85259,22548,22138,410
29728,85260,37967,37967,0
29729,85262,13366,7690,5676
29730,85263,3382,2765,617
29731,85264,1421,0,1421
29732,85266,11971,11681,290
29733,85268,24031,23349,682
29734,85281,69218,69218,0
29735,85282,52351,52351,0
29736,85283,45736,45736,0
29737,85284,18638,18638,0
29738,85286,49407,49407,0
29739,85295,51587,51587,0
29740,85296,50418,50408,10
29741,85297,36076,36076,0
29742,85298,41816,41816,0
29743,85301,67380,67380,0
29744,85302,41369,41369,0
29745,85303,34252,34252,0
29746,85304,28125,28125,0
29747,85305,14055,14055,0
29748,85306,25663,25663,0
29749,85307,10742,10710,32
29750,85308,66540,66540,0
29751,85309,985,974,11
29752,85310,19315,19315,0
29753,85320,800,0,800
29754,85321,3663,0,3663
29755,85322,585,0,585
29756,85323,44632,44350,282
29757,85324,2720,0,2720
29758,85325,847,0,847
29759,85326,72959,61710,11249
29760,85328,208,0,208
29761,85329,2438,2438,0
29762,85331,31038,28961,2077
29763,85332,1912,0,1912
29764,85333,428,0,428
29765,85334,775,429,346
29766,85335,35815,35783,32
29767,85336,7810,6749,1061
29768,85337,2473,0,2473
29769,85338,59313,56248,3065
29770,85339,50447,46431,4016
29771,85340,33778,32837,941
29772,85341,18,0,18
29773,85342,1478,0,1478
29774,85343,164,0,164
29775,85344,9137,6659,2478
29776,85345,61024,61024,0
29777,85346,2803,2280,523
29778,85347,310,0,310
29779,85348,2083,0,2083
29780,85349,28039,18041,9998
29781,85350,18486,13847,4639
29782,85351,29795,29795,0
29783,85352,388,0,388
29784,85353,42936,41570,1366
29785,85354,7200,0,7200
29786,85355,12930,11571,1359
29787,85356,3487,0,3487
29788,85357,438,0,438
29789,85360,222,0,222
29790,85361,6954,0,6954
29791,85362,569,0,569
29792,85363,7056,7056,0
29793,85364,73550,72446,1104
29794,85365,50166,41131,9035
29795,85367,21303,20880,423
29796,85371,266,0,266
29797,85373,19629,19561,68
29798,85374,41182,41182,0
29799,85375,27944,27944,0
29800,85377,3515,3360,155
29801,85378,9368,9368,0
29802,85379,49441,49441,0
29803,85381,27008,27008,0
29804,85382,42576,42576,0
29805,85383,69617,67934,1683
29806,85387,16331,5856,10475
29807,85388,30611,30271,340
29808,85390,9102,4801,4301
29809,85392,40363,40363,0
29810,85395,37157,36994,163
29811,85396,32990,23426,9564
29812,85501,12473,8973,3500
29813,85530,2104,0,2104
29814,85531,761,528,233
29815,85532,412,412,0
29816,85533,2949,0,2949
29817,85534,2522,0,2522
29818,85535,28,0,28
29819,85536,369,0,369
29820,85539,3618,3235,383
29821,85540,4026,0,4026
29822,85541,22974,17022,5952
29823,85542,3172,0,3172
29824,85543,4283,6,4277
29825,85544,2905,0,2905
29826,85545,523,0,523
29827,85546,20100,11256,8844
29828,85550,4934,0,4934
29829,85551,396,377,19
29830,85552,6887,6164,723
29831,85553,1491,0,1491
29832,85554,735,0,735
29833,85601,644,0,644
29834,85602,10198,3830,6368
29835,85603,6342,4637,1705
29836,85605,629,0,629
29837,85606,977,0,977
29838,85607,17738,15622,2116
29839,85608,1983,0,1983
29840,85609,325,0,325
29841,85610,1053,0,1053
29842,85611,1017,0,1017
29843,85613,5239,4813,426
29844,85614,25789,24910,879
29845,85615,9073,2974,6099
29846,85616,5110,0,5110
29847,85617,1086,0,1086
29848,85618,1271,0,1271
29849,85619,113,27,86
29850,85620,734,0,734
29851,85621,21730,19168,2562
29852,85622,6583,6190,393
29853,85623,4974,0,4974
29854,85624,1222,0,1222
29855,85625,1871,0,1871
29856,85626,1006,960,46
29857,85627,472,0,472
29858,85629,29824,23491,6333
29859,85630,2585,0,2585
29860,85631,3179,0,3179
29861,85632,812,0,812
29862,85633,51,0,51
29863,85634,5864,0,5864
29864,85635,35095,34302,793
29865,85637,1264,0,1264
29866,85638,1886,0,1886
29867,85639,240,0,240
29868,85640,339,0,339
29869,85641,29538,18677,10861
29870,85643,8208,0,8208
29871,85645,1917,0,1917
29872,85646,1653,0,1653
29873,85648,20720,0,20720
29874,85650,14857,12185,2672
29875,85653,19885,10526,9359
29876,85654,94,94,0
29877,85658,15791,10391,5400
29878,85701,5132,5132,0
29879,85704,34430,34254,176
29880,85705,56711,56711,0
29881,85706,54853,54853,0
29882,85707,734,734,0
29883,85708,3837,3837,0
29884,85709,0,0,0
29885,85710,57381,57381,0
29886,85711,41518,41518,0
29887,85712,33108,33108,0
29888,85713,46810,46542,268
29889,85714,14232,14232,0
29890,85715,18561,18561,0
29891,85716,31521,31521,0
29892,85718,28706,28593,113
29893,85719,46242,46242,0
29894,85721,0,0,0
29895,85723,132,132,0
29896,85724,0,0,0
29897,85726,11,11,0
29898,85730,39258,38486,772
29899,85734,4855,0,4855
29900,85735,10522,6966,3556
29901,85736,4569,0,4569
29902,85737,22212,22185,27
29903,85739,18878,17011,1867
29904,85741,34131,34131,0
29905,85742,30057,27246,2811
29906,85743,30441,20777,9664
29907,85745,36774,34596,2178
29908,85746,43278,41919,1359
29909,85747,27703,23939,3764
29910,85748,18816,17589,1227
29911,85749,19009,17347,1662
29912,85750,25007,24996,11
29913,85755,18277,16690,1587
29914,85756,35345,30584,4761
29915,85757,21712,19221,2491
29916,85901,18701,10487,8214
29917,85902,16,0,16
29918,85911,1915,0,1915
29919,85912,269,0,269
29920,85920,677,0,677
29921,85922,68,0,68
29922,85923,499,0,499
29923,85924,2851,0,2851
29924,85925,4332,0,4332
29925,85926,435,0,435
29926,85927,176,0,176
29927,85928,752,191,561
29928,85929,8040,7423,617
29929,85930,1122,0,1122
29930,85931,178,0,178
29931,85932,481,0,481
29932,85933,3639,3382,257
29933,85934,601,0,601
29934,85935,3945,3656,289
29935,85936,4217,0,4217
29936,85937,8434,3871,4563
29937,85938,2100,0,2100
29938,85939,4213,1471,2742
29939,85940,1580,0,1580
29940,85941,10575,0,10575
29941,85942,64,0,64
29942,86001,37093,34493,2600
29943,86003,113,0,113
29944,86004,38451,30234,8217
29945,86005,16343,11616,4727
29946,86011,3499,3499,0
29947,86015,1186,0,1186
29948,86016,59,0,59
29949,86017,1131,773,358
29950,86018,1121,0,1121
29951,86020,1852,0,1852
29952,86021,4133,0,4133
29953,86022,2058,0,2058
29954,86023,2420,0,2420
29955,86024,643,0,643
29956,86025,5358,0,5358
29957,86028,34,0,34
29958,86029,178,0,178
29959,86030,1037,0,1037
29960,86031,1705,0,1705
29961,86032,1411,0,1411
29962,86033,7734,0,7734
29963,86034,2116,0,2116
29964,86035,1694,0,1694
29965,86036,195,0,195
29966,86038,117,0,117
29967,86039,1438,0,1438
29968,86040,10179,7022,3157
29969,86042,1493,0,1493
29970,86043,1559,0,1559
29971,86044,4127,0,4127
29972,86045,10445,7942,2503
29973,86046,6310,0,6310
29974,86047,14168,7667,6501
29975,86052,40,0,40
29976,86053,2025,0,2025
29977,86054,1841,0,1841
29978,86301,25115,23665,1450
29979,86303,18201,15487,2714
29980,86305,19555,11441,8114
29981,86313,92,92,0
29982,86314,39461,36062,3399
29983,86315,10354,5680,4674
29984,86320,2111,0,2111
29985,86321,2234,0,2234
29986,86322,12696,5759,6937
29987,86323,18422,13317,5105
29988,86324,4544,4109,435
29989,86325,5472,1251,4221
29990,86326,24465,23761,704
29991,86327,11530,7229,4301
29992,86329,1288,0,1288
29993,86331,515,0,515
29994,86332,1716,0,1716
29995,86333,5886,0,5886
29996,86334,5261,0,5261
29997,86335,5229,0,5229
29998,86336,11125,9190,1935
29999,86337,1312,0,1312
30000,86338,587,0,587
30001,86343,88,0,88
30002,86351,6398,6128,270
30003,86401,27684,21216,6468
30004,86403,17787,17787,0
30005,86404,18312,16932,1380
30006,86406,24935,24298,637
30007,86409,28860,25737,3123
30008,86411,202,0,202
30009,86413,13436,0,13436
30010,86426,15953,15233,720
30011,86429,7708,5552,2156
30012,86431,417,0,417
30013,86432,3158,94,3064
30014,86433,127,0,127
30015,86434,1424,0,1424
30016,86435,224,0,224
30017,86436,1938,0,1938
30018,86437,92,0,92
30019,86438,945,0,945
30020,86440,7310,2231,5079
30021,86441,1919,0,1919
30022,86442,34171,33147,1024
30023,86443,16,0,16
30024,86444,1491,0,1491
30025,86445,354,0,354
30026,86502,1032,0,1032
30027,86503,9851,0,9851
30028,86504,5723,0,5723
30029,86505,6605,0,6605
30030,86506,1415,0,1415
30031,86507,1912,0,1912
30032,86508,606,0,606
30033,86510,4815,0,4815
30034,86511,3603,0,3603
30035,86512,2146,0,2146
30036,86514,2399,0,2399
30037,86515,3634,0,3634
30038,86520,2361,0,2361
30039,86535,1051,0,1051
30040,86538,2355,0,2355
30041,86540,1099,0,1099
30042,86544,1060,0,1060
30043,86545,1414,0,1414
30044,86547,1094,0,1094
30045,86556,2398,0,2398
30046,87001,3785,0,3785
30047,87002,21225,13466,7759
30048,87004,10859,9933,926
30049,87005,613,0,613
30050,87006,705,0,705
30051,87007,1214,0,1214
30052,87008,2449,0,2449
30053,87010,1165,0,1165
30054,87011,26,0,26
30055,87012,256,0,256
30056,87013,4445,0,4445
30057,87014,584,0,584
30058,87015,12833,0,12833
30059,87016,3091,0,3091
30060,87017,367,0,367
30061,87018,560,0,560
30062,87020,11471,8194,3277
30063,87021,2811,1778,1033
30064,87022,678,0,678
30065,87023,560,0,560
30066,87024,2372,0,2372
30067,87025,1212,0,1212
30068,87026,3991,0,3991
30069,87027,237,0,237
30070,87028,113,0,113
30071,87029,217,0,217
30072,87031,45208,32803,12405
30073,87032,347,0,347
30074,87034,3190,0,3190
30075,87035,7285,0,7285
30076,87036,1745,0,1745
30077,87037,1170,0,1170
30078,87038,513,0,513
30079,87040,474,0,474
30080,87041,734,0,734
30081,87042,3364,3129,235
30082,87043,5090,745,4345
30083,87044,378,0,378
30084,87045,2184,0,2184
30085,87046,153,0,153
30086,87047,5460,0,5460
30087,87048,8888,8796,92
30088,87049,143,0,143
30089,87051,866,0,866
30090,87052,3102,0,3102
30091,87053,967,0,967
30092,87056,995,0,995
30093,87059,9366,0,9366
30094,87060,55,0,55
30095,87061,295,0,295
30096,87062,1709,0,1709
30097,87063,248,0,248
30098,87064,161,0,161
30099,87068,4938,3967,971
30100,87070,16,0,16
30101,87072,635,0,635
30102,87083,448,0,448
30103,87101,19,19,0
30104,87102,20610,20610,0
30105,87104,12537,12537,0
30106,87105,54151,51970,2181
30107,87106,26987,26948,39
30108,87107,30340,30340,0
30109,87108,36773,36773,0
30110,87109,40740,40740,0
30111,87110,38441,38441,0
30112,87111,56121,56072,49
30113,87112,42487,42487,0
30114,87113,16380,16360,20
30115,87114,69402,69258,144
30116,87116,4578,4578,0
30117,87117,0,0,0
30118,87120,64643,64284,359
30119,87121,77802,76221,1581
30120,87122,18225,17742,483
30121,87123,44110,43723,387
30122,87124,59781,57724,2057
30123,87144,46333,43536,2797
30124,87151,1297,0,1297
30125,87301,22438,21277,1161
30126,87305,2698,0,2698
30127,87310,835,0,835
30128,87311,5120,1185,3935
30129,87312,575,0,575
30130,87313,5383,0,5383
30131,87315,235,0,235
30132,87316,1596,0,1596
30133,87317,1594,1335,259
30134,87319,2965,385,2580
30135,87320,717,0,717
30136,87321,1964,0,1964
30137,87322,826,266,560
30138,87323,4050,0,4050
30139,87325,2032,0,2032
30140,87326,2437,0,2437
30141,87327,7454,0,7454
30142,87328,2965,0,2965
30143,87347,343,0,343
30144,87357,1459,0,1459
30145,87364,1553,0,1553
30146,87365,57,0,57
30147,87375,4235,0,4235
30148,87401,44724,39452,5272
30149,87402,11646,10757,889
30150,87410,16064,7891,8173
30151,87412,766,0,766
30152,87413,14652,7841,6811
30153,87415,1708,1358,350
30154,87416,5310,320,4990
30155,87417,5838,5023,815
30156,87418,1052,0,1052
30157,87419,296,0,296
30158,87420,10462,6190,4272
30159,87421,1717,0,1717
30160,87455,1641,0,1641
30161,87461,1313,0,1313
30162,87499,602,0,602
30163,87501,15116,14264,852
30164,87505,32078,28794,3284
30165,87506,15253,931,14322
30166,87507,51338,47423,3915
30167,87508,19156,2829,16327
30168,87510,1207,0,1207
30169,87511,2821,1813,1008
30170,87512,213,0,213
30171,87513,1143,0,1143
30172,87514,1748,0,1748
30173,87515,279,0,279
30174,87516,132,0,132
30175,87517,460,0,460
30176,87518,103,0,103
30177,87519,399,0,399
30178,87520,1448,0,1448
30179,87521,899,0,899
30180,87522,3463,2749,714
30181,87523,380,0,380
30182,87524,203,0,203
30183,87525,91,0,91
30184,87527,990,0,990
30185,87528,3641,0,3641
30186,87529,4846,1661,3185
30187,87530,916,0,916
30188,87531,310,0,310
30189,87532,19017,15322,3695
30190,87535,1350,0,1350
30191,87537,2486,1110,1376
30192,87538,439,0,439
30193,87539,287,0,287
30194,87540,1052,0,1052
30195,87543,251,0,251
30196,87544,13548,13283,265
30197,87547,5873,5169,704
30198,87548,650,0,650
30199,87549,1216,0,1216
30200,87551,347,0,347
30201,87552,3308,0,3308
30202,87553,1023,0,1023
30203,87554,45,0,45
30204,87556,2259,0,2259
30205,87557,6481,5423,1058
30206,87558,724,0,724
30207,87560,1202,0,1202
30208,87562,505,0,505
30209,87564,389,0,389
30210,87565,317,0,317
30211,87566,3377,1962,1415
30212,87567,1270,975,295
30213,87569,340,0,340
30214,87571,11650,8581,3069
30215,87573,79,0,79
30216,87575,618,0,618
30217,87577,546,0,546
30218,87578,531,0,531
30219,87579,795,0,795
30220,87580,453,0,453
30221,87581,85,0,85
30222,87582,1432,0,1432
30223,87583,245,0,245
30224,87701,18387,14530,3857
30225,87710,1616,0,1616
30226,87711,590,0,590
30227,87712,232,0,232
30228,87713,223,0,223
30229,87714,917,0,917
30230,87715,636,0,636
30231,87718,642,0,642
30232,87722,535,0,535
30233,87723,294,0,294
30234,87724,98,0,98
30235,87728,379,0,379
30236,87729,78,0,78
30237,87730,42,0,42
30238,87731,437,0,437
30239,87732,1064,0,1064
30240,87733,138,0,138
30241,87734,148,0,148
30242,87735,52,0,52
30243,87736,269,0,269
30244,87740,7138,5629,1509
30245,87742,497,0,497
30246,87743,312,0,312
30247,87745,714,0,714
30248,87746,126,0,126
30249,87747,1516,0,1516
30250,87749,67,0,67
30251,87750,8,0,8
30252,87752,378,0,378
30253,87753,182,0,182
30254,87801,9934,8122,1812
30255,87820,137,0,137
30256,87821,640,0,640
30257,87823,589,0,589
30258,87824,219,0,219
30259,87825,2802,0,2802
30260,87827,354,0,354
30261,87828,279,0,279
30262,87829,856,0,856
30263,87830,854,0,854
30264,87831,180,0,180
30265,87832,520,0,520
30266,87901,6515,5738,777
30267,87930,834,0,834
30268,87931,633,0,633
30269,87933,50,0,50
30270,87935,1817,1512,305
30271,87936,433,0,433
30272,87937,3009,0,3009
30273,87939,107,0,107
30274,87940,450,0,450
30275,87941,959,0,959
30276,87942,1040,463,577
30277,87943,235,0,235
30278,88001,36831,36705,126
30279,88002,940,0,940
30280,88003,495,495,0
30281,88004,605,0,605
30282,88005,26997,24935,2062
30283,88007,24803,18512,6291
30284,88008,10239,9713,526
30285,88009,25,0,25
30286,88011,32885,28636,4249
30287,88012,32550,28933,3617
30288,88020,704,0,704
30289,88021,16431,10094,6337
30290,88022,1098,229,869
30291,88023,2206,2116,90
30292,88024,469,0,469
30293,88025,227,0,227
30294,88026,1590,1489,101
30295,88027,683,0,683
30296,88028,481,0,481
30297,88029,1591,0,1591
30298,88030,23831,14913,8918
30299,88034,81,0,81
30300,88038,380,0,380
30301,88039,402,0,402
30302,88040,96,0,96
30303,88041,954,0,954
30304,88042,353,0,353
30305,88043,1525,1370,155
30306,88044,3289,0,3289
30307,88045,3222,0,3222
30308,88046,718,707,11
30309,88047,1897,415,1482
30310,88048,3931,0,3931
30311,88049,973,0,973
30312,88051,112,0,112
30313,88052,291,0,291
30314,88053,269,0,269
30315,88055,44,0,44
30316,88056,237,0,237
30317,88061,17429,11588,5841
30318,88063,11408,11015,393
30319,88065,715,0,715
30320,88072,2563,0,2563
30321,88081,18079,0,18079
30322,88101,45651,39314,6337
30323,88103,35,0,35
30324,88112,128,0,128
30325,88113,75,0,75
30326,88114,54,0,54
30327,88115,26,0,26
30328,88116,460,0,460
30329,88118,216,0,216
30330,88119,1582,0,1582
30331,88120,217,0,217
30332,88121,135,0,135
30333,88124,1043,0,1043
30334,88125,44,0,44
30335,88126,45,0,45
30336,88130,18027,12202,5825
30337,88132,229,0,229
30338,88134,92,0,92
30339,88135,1576,0,1576
30340,88136,58,0,58
30341,88201,26471,21556,4915
30342,88203,30162,27275,2887
30343,88210,18571,14149,4422
30344,88220,40762,34442,6320
30345,88230,4658,0,4658
30346,88231,3339,0,3339
30347,88232,3026,0,3026
30348,88240,42386,40321,2065
30349,88242,8126,3836,4290
30350,88244,1247,0,1247
30351,88250,300,0,300
30352,88252,2327,0,2327
30353,88253,961,0,961
30354,88254,183,0,183
30355,88255,79,0,79
30356,88256,1974,0,1974
30357,88260,15569,11765,3804
30358,88262,33,0,33
30359,88263,169,0,169
30360,88264,48,0,48
30361,88265,252,0,252
30362,88267,1074,0,1074
30363,88268,9,0,9
30364,88301,1341,0,1341
30365,88310,35935,30801,5134
30366,88311,951,0,951
30367,88312,2735,876,1859
30368,88314,215,0,215
30369,88316,2304,0,2304
30370,88317,1953,0,1953
30371,88318,352,0,352
30372,88321,146,0,146
30373,88323,23,0,23
30374,88324,100,0,100
30375,88325,949,0,949
30376,88330,3810,0,3810
30377,88336,313,0,313
30378,88337,2325,0,2325
30379,88338,189,0,189
30380,88339,768,0,768
30381,88340,4022,0,4022
30382,88341,650,0,650
30383,88342,35,0,35
30384,88343,58,0,58
30385,88344,145,0,145
30386,88345,8423,7642,781
30387,88346,3128,2372,756
30388,88347,149,0,149
30389,88348,394,0,394
30390,88349,22,0,22
30391,88350,349,0,349
30392,88351,165,0,165
30393,88352,4747,0,4747
30394,88353,305,0,305
30395,88354,103,0,103
30396,88355,152,152,0
30397,88401,6813,5217,1596
30398,88410,92,0,92
30399,88411,78,0,78
30400,88414,50,0,50
30401,88415,3194,0,3194
30402,88416,206,0,206
30403,88417,80,0,80
30404,88418,303,0,303
30405,88419,183,0,183
30406,88421,45,0,45
30407,88422,43,0,43
30408,88424,121,0,121
30409,88426,1204,0,1204
30410,88427,150,0,150
30411,88430,90,0,90
30412,88431,37,0,37
30413,88434,303,0,303
30414,88435,3593,0,3593
30415,88436,134,0,134
30416,88439,21,0,21
30417,89001,876,0,876
30418,89002,37603,37603,0
30419,89003,902,0,902
30420,89004,266,0,266
30421,89005,14941,14181,760
30422,89007,1142,0,1142
30423,89008,1242,0,1242
30424,89010,333,0,333
30425,89011,34456,34394,62
30426,89012,35211,35133,78
30427,89013,261,0,261
30428,89014,40761,40761,0
30429,89015,41203,41201,2
30430,89017,187,0,187
30431,89018,1026,0,1026
30432,89019,2501,0,2501
30433,89020,1158,0,1158
30434,89021,3270,0,3270
30435,89022,133,0,133
30436,89025,1194,0,1194
30437,89026,161,0,161
30438,89027,17547,17485,62
30439,89029,8927,6798,2129
30440,89030,56399,56399,0
30441,89031,73386,73386,0
30442,89032,47324,47324,0
30443,89034,2900,1627,1273
30444,89039,242,0,242
30445,89040,3265,0,3265
30446,89042,938,0,938
30447,89043,1250,0,1250
30448,89044,27576,27329,247
30449,89045,1574,0,1574
30450,89046,562,0,562
30451,89047,121,0,121
30452,89048,25166,23372,1794
30453,89049,2499,0,2499
30454,89052,59987,59987,0
30455,89054,52,0,52
30456,89060,11857,7042,4815
30457,89061,7891,7084,807
30458,89070,5192,0,5192
30459,89074,52243,52243,0
30460,89081,40772,40772,0
30461,89084,31369,31339,30
30462,89085,4261,4261,0
30463,89086,6149,5982,167
30464,89101,42465,42465,0
30465,89102,36035,36035,0
30466,89103,49461,49461,0
30467,89104,41662,41662,0
30468,89106,27695,27695,0
30469,89107,37665,37665,0
30470,89108,73637,73637,0
30471,89109,7728,7728,0
30472,89110,73954,73862,92
30473,89113,35829,35829,0
30474,89115,67043,67041,2
30475,89117,57497,57497,0
30476,89118,22588,22588,0
30477,89119,48895,48895,0
30478,89120,24813,24813,0
30479,89121,68692,68692,0
30480,89122,55522,55522,0
30481,89123,55584,55584,0
30482,89124,671,0,671
30483,89128,37882,37882,0
30484,89129,54067,54067,0
30485,89130,34212,34212,0
30486,89131,49985,49927,58
30487,89134,24024,24024,0
30488,89135,31763,31081,682
30489,89138,21504,19744,1760
30490,89139,44960,44960,0
30491,89141,37437,37399,38
30492,89142,36108,35931,177
30493,89143,13249,13249,0
30494,89144,19533,19533,0
30495,89145,24886,24886,0
30496,89146,19777,19777,0
30497,89147,55642,55642,0
30498,89148,61281,61281,0
30499,89149,41805,41697,108
30500,89156,30067,29836,231
30501,89158,477,477,0
30502,89161,332,0,332
30503,89166,26038,25709,329
30504,89169,25938,25938,0
30505,89178,42157,41639,518
30506,89179,11852,11772,80
30507,89183,40517,40517,0
30508,89191,658,658,0
30509,89301,6879,4455,2424
30510,89310,558,0,558
30511,89311,169,0,169
30512,89314,168,0,168
30513,89315,55,0,55
30514,89316,1085,0,1085
30515,89317,381,0,381
30516,89318,1035,0,1035
30517,89319,371,0,371
30518,89402,221,221,0
30519,89403,16824,13795,3029
30520,89404,65,0,65
30521,89405,49,0,49
30522,89406,25204,16753,8451
30523,89408,23201,18417,4784
30524,89409,195,0,195
30525,89410,11169,6757,4412
30526,89411,1342,0,1342
30527,89412,257,0,257
30528,89413,792,0,792
30529,89414,290,0,290
30530,89415,3534,0,3534
30531,89418,381,0,381
30532,89419,5157,0,5157
30533,89420,47,0,47
30534,89421,458,0,458
30535,89422,138,0,138
30536,89423,11050,9261,1789
30537,89424,563,0,563
30538,89425,371,0,371
30539,89426,162,0,162
30540,89427,809,0,809
30541,89428,160,0,160
30542,89429,8132,0,8132
30543,89430,468,0,468
30544,89431,40219,40219,0
30545,89433,22065,21943,122
30546,89434,28154,26783,1371
30547,89436,47393,46965,428
30548,89437,0,0,0
30549,89438,26,0,26
30550,89439,2154,1855,299
30551,89440,908,0,908
30552,89441,13887,10731,3156
30553,89442,1212,816,396
30554,89444,2939,0,2939
30555,89445,16896,10546,6350
30556,89446,112,0,112
30557,89447,8305,0,8305
30558,89448,1905,312,1593
30559,89449,2896,2396,500
30560,89450,65,65,0
30561,89451,9531,8920,611
30562,89460,13461,11142,2319
30563,89496,157,0,157
30564,89501,3948,3948,0
30565,89502,47062,46352,710
30566,89503,28737,28737,0
30567,89506,43321,41752,1569
30568,89508,13394,10915,2479
30569,89509,34817,34817,0
30570,89510,1874,0,1874
30571,89511,29143,27499,1644
30572,89512,30148,30148,0
30573,89519,9610,9543,67
30574,89521,39119,36722,2397
30575,89523,36646,36263,383
30576,89557,1023,1023,0
30577,89701,29213,26968,2245
30578,89703,10370,9484,886
30579,89704,4503,0,4503
30580,89705,5266,4907,359
30581,89706,20778,19716,1062
30582,89801,26250,21695,4555
30583,89815,15856,0,15856
30584,89820,5226,0,5226
30585,89821,700,0,700
30586,89822,1982,0,1982
30587,89823,177,0,177
30588,89825,884,0,884
30589,89826,33,0,33
30590,89828,329,0,329
30591,89830,130,0,130
30592,89831,49,0,49
30593,89832,1338,0,1338
30594,89833,164,0,164
30595,89834,136,0,136
30596,89835,1689,0,1689
30597,89883,4683,4190,493
30598,90001,55859,55859,0
30599,90002,53150,53150,0
30600,90003,72764,72764,0
30601,90004,58585,58585,0
30602,90005,37987,37987,0
30603,90006,58229,58229,0
30604,90007,40944,40944,0
30605,90008,33041,33041,0
30606,90010,5400,5400,0
30607,90011,102308,102308,0
30608,90012,33851,33851,0
30609,90013,15589,15589,0
30610,90014,9254,9254,0
30611,90015,27324,27324,0
30612,90016,46512,46512,0
30613,90017,27295,27295,0
30614,90018,50179,50179,0
30615,90019,62002,62002,0
30616,90020,38694,38694,0
30617,90021,5192,5192,0
30618,90022,64517,64517,0
30619,90023,45939,45939,0
30620,90024,52862,52862,0
30621,90025,45466,45466,0
30622,90026,63329,63329,0
30623,90027,44471,44444,27
30624,90028,32330,32330,0
30625,90029,34695,34695,0
30626,90031,37333,37333,0
30627,90032,43506,43506,0
30628,90033,46081,46081,0
30629,90034,57152,57152,0
30630,90035,30294,30294,0
30631,90036,39549,39549,0
30632,90037,63706,63706,0
30633,90038,27414,27414,0
30634,90039,28059,28059,0
30635,90040,12089,12089,0
30636,90041,26654,26654,0
30637,90042,58295,58295,0
30638,90043,46179,46179,0
30639,90044,94354,94354,0
30640,90045,41035,41035,0
30641,90046,49987,49987,0
30642,90047,50154,50154,0
30643,90048,22604,22604,0
30644,90049,36980,36209,771
30645,90052,13,13,0
30646,90056,8184,8184,0
30647,90057,45510,45510,0
30648,90058,3751,3751,0
30649,90059,43551,43551,0
30650,90061,29570,29570,0
30651,90062,32524,32524,0
30652,90063,50227,50227,0
30653,90064,27553,27553,0
30654,90065,44328,44328,0
30655,90066,55304,55304,0
30656,90067,3344,3344,0
30657,90068,24361,24353,8
30658,90069,20584,20584,0
30659,90071,907,907,0
30660,90073,936,936,0
30661,90077,8874,8874,0
30662,90079,16,16,0
30663,90089,5172,5172,0
30664,90094,12746,12746,0
30665,90095,1,1,0
30666,90201,95810,95810,0
30667,90210,21134,21134,0
30668,90211,8260,8260,0
30669,90212,11451,11451,0
30670,90220,50412,50412,0
30671,90221,52561,52561,0
30672,90222,32397,32397,0
30673,90230,32743,32743,0
30674,90232,16452,16452,0
30675,90240,26495,26495,0
30676,90241,44921,44921,0
30677,90242,42939,42939,0
30678,90245,17272,17272,0
30679,90247,48543,48543,0
30680,90248,11295,11295,0
30681,90249,27125,27125,0
30682,90250,97653,97653,0
30683,90254,19736,19736,0
30684,90255,71157,71157,0
30685,90260,33338,33338,0
30686,90262,67099,67099,0
30687,90263,1972,1972,0
30688,90265,15186,11739,3447
30689,90266,35506,35498,8
30690,90270,25113,25113,0
30691,90272,22849,22702,147
30692,90274,25307,25302,5
30693,90275,42452,42452,0
30694,90277,37856,37856,0
30695,90278,42188,42188,0
30696,90280,92678,92678,0
30697,90290,6640,4657,1983
30698,90291,28442,28442,0
30699,90292,27681,27681,0
30700,90293,12633,12633,0
30701,90301,36270,36270,0
30702,90302,29264,29264,0
30703,90303,24490,24490,0
30704,90304,26058,26058,0
30705,90305,15367,15367,0
30706,90401,8167,8167,0
30707,90402,12295,12295,0
30708,90403,25278,25278,0
30709,90404,21995,21995,0
30710,90405,27966,27955,11
30711,90501,43990,43990,0
30712,90502,18977,18977,0
30713,90503,45386,45386,0
30714,90504,32503,32503,0
30715,90505,36643,36643,0
30716,90506,0,0,0
30717,90601,32625,32583,42
30718,90602,25521,25177,344
30719,90603,21174,21174,0
30720,90604,40110,40110,0
30721,90605,40189,40119,70
30722,90606,32078,32078,0
30723,90620,46564,46564,0
30724,90621,36972,36972,0
30725,90623,15906,15906,0
30726,90630,49965,49965,0
30727,90631,69533,69533,0
30728,90638,46967,46967,0
30729,90639,1511,1511,0
30730,90640,62678,62678,0
30731,90650,102891,102891,0
30732,90660,62013,62013,0
30733,90670,17761,17761,0
30734,90680,30045,30045,0
30735,90701,16434,16434,0
30736,90703,49735,49735,0
30737,90704,3715,3362,353
30738,90706,79179,79179,0
30739,90710,26605,26605,0
30740,90712,32332,32332,0
30741,90713,28755,28755,0
30742,90715,20999,20999,0
30743,90716,14098,14098,0
30744,90717,22044,22044,0
30745,90720,22955,22955,0
30746,90723,53770,53770,0
30747,90731,61270,61270,0
30748,90732,21397,21397,0
30749,90740,24769,24769,0
30750,90742,748,748,0
30751,90743,466,466,0
30752,90744,53074,53074,0
30753,90745,59937,59937,0
30754,90746,27147,27147,0
30755,90747,22,22,0
30756,90755,11923,11923,0
30757,90802,41686,41686,0
30758,90803,32192,32192,0
30759,90804,39370,39370,0
30760,90805,95350,95350,0
30761,90806,41611,41611,0
30762,90807,32412,32412,0
30763,90808,39747,39747,0
30764,90810,38529,38529,0
30765,90813,54565,54565,0
30766,90814,19042,19042,0
30767,90815,41837,41837,0
30768,90822,54,54,0
30769,90831,0,0,0
30770,90840,8,8,0
30771,91001,36578,36435,143
30772,91006,31949,31949,0
30773,91007,33804,33804,0
30774,91008,1010,856,154
30775,91010,26730,26636,94
30776,91011,20588,20471,117
30777,91016,41852,41729,123
30778,91020,8439,8439,0
30779,91024,11268,11268,0
30780,91030,26927,26927,0
30781,91040,21588,21439,149
30782,91042,28036,27911,125
30783,91046,141,141,0
30784,91101,20583,20583,0
30785,91103,26887,26887,0
30786,91104,34707,34707,0
30787,91105,13869,13869,0
30788,91106,24172,24172,0
30789,91107,33729,33417,312
30790,91108,12777,12777,0
30791,91125,161,161,0
30792,91201,22608,22608,0
30793,91202,22875,22773,102
30794,91203,16930,16930,0
30795,91204,17302,17302,0
30796,91205,36693,36693,0
30797,91206,33252,33252,0
30798,91207,10369,10369,0
30799,91208,16776,16751,25
30800,91210,555,555,0
30801,91214,31097,30956,141
30802,91301,24790,22646,2144
30803,91302,25468,22810,2658
30804,91303,28457,28457,0
30805,91304,52386,52167,219
30806,91306,46669,46669,0
30807,91307,24855,24706,149
30808,91311,39014,38037,977
30809,91316,28777,28777,0
30810,91320,44462,44124,338
30811,91321,33560,32519,1041
30812,91324,29500,29500,0
30813,91325,35250,35250,0
30814,91326,38041,37832,209
30815,91330,2273,2273,0
30816,91331,100720,100720,0
30817,91335,76650,76650,0
30818,91340,34610,34610,0
30819,91342,96429,95750,679
30820,91343,62595,62595,0
30821,91344,52481,52064,417
30822,91345,18895,18895,0
30823,91350,41514,40907,607
30824,91351,34684,34532,152
30825,91352,47274,47124,150
30826,91354,33962,33723,239
30827,91355,32886,32886,0
30828,91356,30664,30627,37
30829,91360,43046,42576,470
30830,91361,20262,19272,990
30831,91362,35803,34635,1168
30832,91364,27071,27071,0
30833,91367,46498,46498,0
30834,91371,14,14,0
30835,91377,13898,13898,0
30836,91381,20862,20209,653
30837,91384,28585,25845,2740
30838,91387,45749,43770,1979
30839,91390,20128,13640,6488
30840,91401,39621,39621,0
30841,91402,70140,70140,0
30842,91403,25329,25329,0
30843,91405,55319,55319,0
30844,91406,53252,53252,0
30845,91411,24984,24984,0
30846,91423,32635,32635,0
30847,91436,15189,15189,0
30848,91501,21157,21067,90
30849,91502,11665,11665,0
30850,91504,26678,26645,33
30851,91505,32371,32371,0
30852,91506,19338,19338,0
30853,91601,39429,39429,0
30854,91602,19647,19647,0
30855,91604,30947,30947,0
30856,91605,54341,54341,0
30857,91606,43955,43955,0
30858,91607,30502,30502,0
30859,91608,37,37,0
30860,91701,38778,38778,0
30861,91702,62328,62061,267
30862,91706,73313,73313,0
30863,91708,14381,14303,78
30864,91709,78530,76142,2388
30865,91710,82576,82576,0
30866,91711,38122,37410,712
30867,91722,36111,36111,0
30868,91723,19653,19653,0
30869,91724,27180,27180,0
30870,91730,68883,68883,0
30871,91731,28197,28197,0
30872,91732,60137,60137,0
30873,91733,41990,41990,0
30874,91737,24568,24515,53
30875,91739,42411,42277,134
30876,91740,26644,26644,0
30877,91741,26999,26292,707
30878,91744,81817,81817,0
30879,91745,54280,54268,12
30880,91746,29509,29509,0
30881,91748,44737,44480,257
30882,91750,33376,33276,100
30883,91752,38610,38610,0
30884,91754,33300,33300,0
30885,91755,27637,27637,0
30886,91759,432,0,432
30887,91761,60306,60048,258
30888,91762,62524,61988,536
30889,91763,37631,37631,0
30890,91764,55322,55322,0
30891,91765,46449,46446,3
30892,91766,70701,70701,0
30893,91767,51654,51654,0
30894,91768,35568,35568,0
30895,91770,59360,59360,0
30896,91773,34592,34579,13
30897,91775,24252,24252,0
30898,91776,38031,38031,0
30899,91780,35751,35751,0
30900,91784,26718,26698,20
30901,91786,55763,55763,0
30902,91789,41235,40965,270
30903,91790,46364,46364,0
30904,91791,34267,34267,0
30905,91792,30683,30683,0
30906,91801,53669,53669,0
30907,91803,29374,29374,0
30908,91901,17688,12137,5551
30909,91902,17902,17872,30
30910,91905,1799,0,1799
30911,91906,3904,0,3904
30912,91910,79613,79606,7
30913,91911,85442,85093,349
30914,91913,55923,55216,707
30915,91914,17522,16289,1233
30916,91915,33218,32757,461
30917,91916,1720,0,1720
30918,91917,1126,0,1126
30919,91931,481,0,481
30920,91932,26013,26013,0
30921,91934,693,0,693
30922,91935,8841,2563,6278
30923,91941,33895,33895,0
30924,91942,40813,40813,0
30925,91945,27814,27814,0
30926,91948,87,0,87
30927,91950,57849,57849,0
30928,91962,1860,0,1860
30929,91963,1101,0,1101
30930,91977,60795,60795,0
30931,91978,9949,9287,662
30932,91980,145,0,145
30933,92003,4781,387,4394
30934,92004,3414,0,3414
30935,92007,10981,10981,0
30936,92008,27282,27282,0
30937,92009,44816,44816,0
30938,92010,18887,18887,0
30939,92011,23757,23757,0
30940,92014,13203,13203,0
30941,92019,45108,42671,2437
30942,92020,60454,60454,0
30943,92021,70584,67880,2704
30944,92024,51190,50981,209
30945,92025,51586,50895,691
30946,92026,52797,48685,4112
30947,92027,56840,54679,2161
30948,92028,51614,41252,10362
30949,92029,21236,20083,1153
30950,92036,3735,0,3735
30951,92037,41260,41260,0
30952,92040,43640,40991,2649
30953,92054,38667,38667,0
30954,92055,9684,1621,8063
30955,92056,53750,53750,0
30956,92057,57844,57456,388
30957,92058,45389,41775,3614
30958,92059,1872,0,1872
30959,92060,288,0,288
30960,92061,2246,0,2246
30961,92064,48884,46942,1942
30962,92065,37047,21839,15208
30963,92066,330,0,330
30964,92067,9344,8782,562
30965,92069,49407,48469,938
30966,92070,1093,0,1093
30967,92071,60163,60037,126
30968,92075,12051,12051,0
30969,92078,52347,52109,238
30970,92081,28745,28745,0
30971,92082,20860,49,20811
30972,92083,39219,39219,0
30973,92084,49941,47474,2467
30974,92086,1490,0,1490
30975,92091,1571,1549,22
30976,92092,5251,5251,0
30977,92093,5076,5076,0
30978,92096,35,35,0
30979,92101,47505,47505,0
30980,92102,39783,39783,0
30981,92103,33311,33311,0
30982,92104,44265,44265,0
30983,92105,66579,66579,0
30984,92106,20214,20214,0
30985,92107,28684,28684,0
30986,92108,24266,24266,0
30987,92109,44671,44671,0
30988,92110,31048,31048,0
30989,92111,46686,46686,0
30990,92113,50457,50457,0
30991,92114,66248,66248,0
30992,92115,64251,64251,0
30993,92116,31523,31523,0
30994,92117,51505,51505,0
30995,92118,20629,20629,0
30996,92119,24298,23934,364
30997,92120,30768,30768,0
30998,92121,4658,4658,0
30999,92122,45646,45646,0
31000,92123,30937,30937,0
31001,92124,30530,30530,0
31002,92126,74788,74788,0
31003,92127,52274,49797,2477
31004,92128,49083,49083,0
31005,92129,52415,51695,720
31006,92130,61595,61595,0
31007,92131,36394,35509,885
31008,92132,0,0,0
31009,92134,396,396,0
31010,92135,1610,1610,0
31011,92136,7014,7014,0
31012,92139,35771,35771,0
31013,92140,2183,2183,0
31014,92145,6057,6057,0
31015,92147,256,256,0
31016,92154,84027,79738,4289
31017,92155,210,210,0
31018,92161,66,66,0
31019,92173,29703,29703,0
31020,92179,3824,0,3824
31021,92182,27,27,0
31022,92201,66989,66989,0
31023,92203,31366,30877,489
31024,92210,4757,4185,572
31025,92211,26403,26402,1
31026,92220,32947,28114,4833
31027,92222,64,0,64
31028,92223,59924,57383,2541
31029,92225,21104,11351,9753
31030,92227,27492,26270,1222
31031,92230,2650,0,2650
31032,92231,39542,38491,1051
31033,92233,7019,0,7019
31034,92234,51509,51478,31
31035,92236,42220,41671,549
31036,92239,292,0,292
31037,92240,40920,39440,1480
31038,92241,9270,5417,3853
31039,92242,1231,711,520
31040,92243,49149,45951,3198
31041,92249,6975,6862,113
31042,92250,7883,6230,1653
31043,92251,25851,21563,4288
31044,92252,8463,4370,4093
31045,92253,37422,37136,286
31046,92254,12414,6875,5539
31047,92256,3517,0,3517
31048,92257,1676,0,1676
31049,92258,1236,910,326
31050,92259,328,0,328
31051,92260,31641,31394,247
31052,92262,26593,25463,1130
31053,92264,19254,18625,629
31054,92266,198,0,198
31055,92267,86,0,86
31056,92268,489,0,489
31057,92270,16999,16795,204
31058,92273,1694,0,1694
31059,92274,19251,2807,16444
31060,92275,1390,0,1390
31061,92276,7953,7253,700
31062,92277,23988,18175,5813
31063,92278,6371,6371,0
31064,92280,26,0,26
31065,92281,2122,0,2122
31066,92282,1350,0,1350
31067,92283,2695,1260,1435
31068,92284,25931,18293,7638
31069,92285,2769,0,2769
31070,92301,38912,34381,4531
31071,92304,17,0,17
31072,92305,581,0,581
31073,92307,41649,36092,5557
31074,92308,42469,37440,5029
31075,92309,452,0,452
31076,92310,8102,8096,6
31077,92311,34524,30522,4002
31078,92313,13150,13150,0
31079,92314,10411,8907,1504
31080,92315,5148,5114,34
31081,92316,31463,31463,0
31082,92317,1089,1089,0
31083,92320,10036,9029,1007
31084,92321,1310,1160,150
31085,92322,1441,972,469
31086,92324,58626,57390,1236
31087,92325,9892,9249,643
31088,92327,484,0,484
31089,92328,640,0,640
31090,92332,97,0,97
31091,92333,510,0,510
31092,92335,96605,96605,0
31093,92336,100594,100428,166
31094,92337,36394,36394,0
31095,92338,0,0,0
31096,92339,1053,0,1053
31097,92341,458,0,458
31098,92342,6955,5908,1047
31099,92344,23166,17088,6078
31100,92345,86499,84909,1590
31101,92346,57812,57021,791
31102,92347,888,0,888
31103,92350,258,258,0
31104,92352,7038,6814,224
31105,92354,22626,22610,16
31106,92356,6050,0,6050
31107,92358,834,0,834
31108,92359,8900,8165,735
31109,92363,5634,4753,881
31110,92364,40,0,40
31111,92365,2214,0,2214
31112,92368,858,0,858
31113,92369,1481,1481,0
31114,92371,16345,0,16345
31115,92372,5594,0,5594
31116,92373,35348,33979,1369
31117,92374,43587,42887,700
31118,92376,84548,84548,0
31119,92377,20734,20543,191
31120,92378,677,620,57
31121,92382,5721,5313,408
31122,92384,24,0,24
31123,92385,221,208,13
31124,92386,2477,2477,0
31125,92389,123,0,123
31126,92391,2239,2160,79
31127,92392,62294,58731,3563
31128,92394,41057,39908,1149
31129,92395,47556,47267,289
31130,92397,5485,3927,1558
31131,92398,1234,0,1234
31132,92399,55794,53025,2769
31133,92401,2016,2016,0
31134,92404,64270,63911,359
31135,92405,32165,32165,0
31136,92407,67814,64508,3306
31137,92408,13488,13488,0
31138,92410,51651,51651,0
31139,92411,27014,27014,0
31140,92415,2,2,0
31141,92501,22017,22017,0
31142,92503,90011,88302,1709
31143,92504,54642,54252,390
31144,92505,50919,50755,164
31145,92506,45185,45185,0
31146,92507,63191,63028,163
31147,92508,35415,35308,107
31148,92509,78166,77924,242
31149,92518,806,798,8
31150,92521,40,40,0
31151,92530,59098,56936,2162
31152,92532,27560,27248,312
31153,92536,3737,0,3737
31154,92539,4966,0,4966
31155,92543,39323,37546,1777
31156,92544,50007,45666,4341
31157,92545,44072,42711,1361
31158,92548,7408,6289,1119
31159,92549,4234,0,4234
31160,92551,34294,34294,0
31161,92553,76761,76761,0
31162,92555,43580,41682,1898
31163,92557,54549,54072,477
31164,92561,1648,0,1648
31165,92562,64270,60685,3585
31166,92563,73224,71489,1735
31167,92567,9729,7817,1912
31168,92570,59015,45567,13448
31169,92571,59450,58897,553
31170,92582,21161,19474,1687
31171,92583,34674,33318,1356
31172,92584,55517,52588,2929
31173,92585,24887,23199,1688
31174,92586,22188,22174,14
31175,92587,17529,17511,18
31176,92590,4840,2822,2018
31177,92591,42021,41203,818
31178,92592,79740,72868,6872
31179,92595,34405,28784,5621
31180,92596,31081,26747,4334
31181,92602,29581,28658,923
31182,92603,20137,19119,1018
31183,92604,27151,27151,0
31184,92606,23383,23383,0
31185,92610,12545,12545,0
31186,92612,31822,31822,0
31187,92614,28456,28456,0
31188,92617,25232,25232,0
31189,92618,57488,57136,352
31190,92620,64424,64424,0
31191,92624,7170,7170,0
31192,92625,12017,12017,0
31193,92626,50885,50885,0
31194,92627,61764,61764,0
31195,92629,25939,25928,11
31196,92630,66359,66359,0
31197,92637,17644,17644,0
31198,92646,56788,56788,0
31199,92647,60455,60455,0
31200,92648,46691,46682,9
31201,92649,34082,34082,0
31202,92651,24096,23933,163
31203,92653,30077,30077,0
31204,92655,8878,8878,0
31205,92656,53473,53473,0
31206,92657,10294,10282,12
31207,92660,36259,36259,0
31208,92661,3457,3457,0
31209,92662,2490,2490,0
31210,92663,20812,20812,0
31211,92672,41067,36687,4380
31212,92673,29642,29642,0
31213,92675,35203,35203,0
31214,92676,1997,0,1997
31215,92677,64355,64355,0
31216,92678,651,0,651
31217,92679,31016,30581,435
31218,92683,90946,90946,0
31219,92688,44688,44688,0
31220,92691,47918,47918,0
31221,92692,46434,46434,0
31222,92694,36637,35873,764
31223,92697,0,0,0
31224,92701,48789,48789,0
31225,92703,65621,65621,0
31226,92704,82841,82841,0
31227,92705,45902,45902,0
31228,92706,35621,35621,0
31229,92707,56456,56456,0
31230,92708,57192,57192,0
31231,92780,56034,56034,0
31232,92782,29266,29266,0
31233,92801,63163,63163,0
31234,92802,41914,41914,0
31235,92804,86127,86127,0
31236,92805,74633,74633,0
31237,92806,40649,40649,0
31238,92807,37627,37627,0
31239,92808,20056,19695,361
31240,92821,41335,41322,13
31241,92823,6010,5022,988
31242,92831,38953,38953,0
31243,92832,26277,26277,0
31244,92833,52598,52598,0
31245,92835,25450,25450,0
31246,92840,54365,54365,0
31247,92841,34376,34376,0
31248,92843,45480,45480,0
31249,92844,23668,23668,0
31250,92845,16520,16520,0
31251,92860,26376,26370,6
31252,92861,5843,5843,0
31253,92865,20859,20859,0
31254,92866,15935,15935,0
31255,92867,44927,44765,162
31256,92868,27127,27127,0
31257,92869,36349,36331,18
31258,92870,52749,52749,0
31259,92879,47243,47243,0
31260,92880,75365,75263,102
31261,92881,31590,31440,150
31262,92882,67894,67743,151
31263,92883,34836,33051,1785
31264,92886,50001,50001,0
31265,92887,20770,20689,81
31266,93001,33859,31844,2015
31267,93003,50558,50513,45
31268,93004,31942,31883,59
31269,93010,46223,45768,455
31270,93012,37550,33330,4220
31271,93013,16299,14610,1689
31272,93015,18789,16397,2392
31273,93021,38103,36252,1851
31274,93022,6172,6087,85
31275,93023,20937,18047,2890
31276,93030,59011,58963,48
31277,93033,79539,79236,303
31278,93035,28070,28045,25
31279,93036,48656,48310,346
31280,93040,1927,0,1927
31281,93041,22918,22918,0
31282,93042,17,17,0
31283,93043,523,523,0
31284,93060,33859,30675,3184
31285,93063,55076,54750,326
31286,93064,57,0,57
31287,93065,73943,72656,1287
31288,93066,3141,0,3141
31289,93067,734,660,74
31290,93101,30513,30513,0
31291,93103,20029,19938,91
31292,93105,26003,24415,1588
31293,93106,5203,5203,0
31294,93108,11243,10442,801
31295,93109,11041,11041,0
31296,93110,16317,15605,712
31297,93111,18468,17631,837
31298,93117,53430,51870,1560
31299,93201,1260,0,1260
31300,93202,4154,4049,105
31301,93203,20777,19385,1392
31302,93204,13720,13304,416
31303,93205,2081,614,1467
31304,93206,1940,0,1940
31305,93207,311,0,311
31306,93208,135,0,135
31307,93210,18581,13049,5532
31308,93212,23138,22377,761
31309,93215,53626,44410,9216
31310,93218,979,0,979
31311,93219,9324,7470,1854
31312,93220,214,162,52
31313,93221,15024,10973,4051
31314,93222,2192,0,2192
31315,93223,10487,10305,182
31316,93224,388,0,388
31317,93225,4775,0,4775
31318,93226,297,0,297
31319,93227,137,137,0
31320,93230,68412,62579,5833
31321,93234,6745,6129,616
31322,93235,4651,0,4651
31323,93237,169,0,169
31324,93238,1603,0,1603
31325,93239,1376,0,1376
31326,93240,5691,3084,2607
31327,93241,15707,14973,734
31328,93242,3073,0,3073
31329,93243,1386,0,1386
31330,93244,229,0,229
31331,93245,38045,32675,5370
31332,93246,941,860,81
31333,93247,18210,13942,4268
31334,93249,2590,0,2590
31335,93250,14892,14149,743
31336,93251,250,0,250
31337,93252,1499,0,1499
31338,93254,780,0,780
31339,93255,630,0,630
31340,93256,5754,0,5754
31341,93257,79569,69862,9707
31342,93258,1921,0,1921
31343,93260,221,0,221
31344,93261,2513,0,2513
31345,93262,20,0,20
31346,93263,22341,20780,1561
31347,93265,4117,0,4117
31348,93266,1521,0,1521
31349,93267,6119,0,6119
31350,93268,18502,15022,3480
31351,93270,5637,0,5637
31352,93271,1930,0,1930
31353,93272,3468,0,3468
31354,93274,78493,70628,7865
31355,93276,177,0,177
31356,93277,53196,52114,1082
31357,93280,28182,22235,5947
31358,93283,1880,0,1880
31359,93285,2457,0,2457
31360,93286,9735,7514,2221
31361,93287,221,0,221
31362,93291,63366,60771,2595
31363,93292,43316,37251,6065
31364,93301,14518,14518,0
31365,93304,50837,50837,0
31366,93305,38392,38371,21
31367,93306,74623,69625,4998
31368,93307,88338,83752,4586
31369,93308,56037,53200,2837
31370,93309,61079,61079,0
31371,93311,52466,51857,609
31372,93312,58714,58714,0
31373,93313,58322,56672,1650
31374,93314,33619,30244,3375
31375,93401,29877,27908,1969
31376,93402,14500,13978,522
31377,93405,23331,20660,2671
31378,93407,462,446,16
31379,93408,0,0,0
31380,93409,3806,0,3806
31381,93410,7929,7929,0
31382,93420,30540,23546,6994
31383,93422,33041,28918,4123
31384,93424,1256,875,381
31385,93426,1260,0,1260
31386,93427,5864,5161,703
31387,93428,5951,5478,473
31388,93429,153,0,153
31389,93430,2849,2405,444
31390,93432,1174,0,1174
31391,93433,12643,12643,0
31392,93434,8120,8046,74
31393,93436,56730,54287,2443
31394,93437,3560,0,3560
31395,93440,2048,0,2048
31396,93441,1295,0,1295
31397,93442,11390,10758,632
31398,93444,22293,19106,3187
31399,93445,7040,6987,53
31400,93446,45979,32372,13607
31401,93449,8096,7992,104
31402,93450,541,0,541
31403,93451,4820,0,4820
31404,93452,522,0,522
31405,93453,3045,0,3045
31406,93454,40994,39502,1492
31407,93455,45282,44435,847
31408,93458,59927,59672,255
31409,93460,5728,3363,2365
31410,93461,1503,0,1503
31411,93463,8731,6932,1799
31412,93465,10121,6514,3607
31413,93501,5772,0,5772
31414,93505,14880,0,14880
31415,93510,7591,0,7591
31416,93512,243,0,243
31417,93513,1870,0,1870
31418,93514,14361,11013,3348
31419,93516,2114,0,2114
31420,93517,768,0,768
31421,93518,1138,0,1138
31422,93519,64,0,64
31423,93522,37,0,37
31424,93523,3293,0,3293
31425,93524,80,0,80
31426,93526,628,0,628
31427,93527,2315,0,2315
31428,93528,113,0,113
31429,93529,619,0,619
31430,93530,71,0,71
31431,93531,531,0,531
31432,93532,2373,0,2373
31433,93534,43906,43672,234
31434,93535,82149,71313,10836
31435,93536,74283,68862,5421
31436,93541,488,0,488
31437,93543,14132,0,14132
31438,93544,1126,0,1126
31439,93545,2072,0,2072
31440,93546,8545,7045,1500
31441,93549,235,0,235
31442,93550,82379,81143,1236
31443,93551,56001,53318,2683
31444,93552,42468,41251,1217
31445,93553,1921,0,1921
31446,93554,45,0,45
31447,93555,32810,29307,3503
31448,93558,51,0,51
31449,93560,21581,17538,4043
31450,93561,31091,17298,13793
31451,93562,1633,0,1633
31452,93563,143,0,143
31453,93581,3660,0,3660
31454,93591,7450,0,7450
31455,93601,1858,0,1858
31456,93602,3402,0,3402
31457,93603,280,0,280
31458,93604,627,0,627
31459,93605,144,0,144
31460,93606,1352,0,1352
31461,93608,1173,0,1173
31462,93609,5694,0,5694
31463,93610,23859,13196,10663
31464,93611,47041,47041,0
31465,93612,37368,37368,0
31466,93614,11574,0,11574
31467,93615,5373,4156,1217
31468,93616,2225,0,2225
31469,93618,30709,24283,6426
31470,93619,50032,38200,11832
31471,93620,10311,7210,3101
31472,93621,520,0,520
31473,93622,9884,8117,1767
31474,93623,75,0,75
31475,93624,806,0,806
31476,93625,8194,6724,1470
31477,93626,2132,0,2132
31478,93627,188,0,188
31479,93628,329,0,329
31480,93630,21103,16002,5101
31481,93631,16843,12590,4253
31482,93633,37,0,37
31483,93634,55,0,55
31484,93635,48510,45533,2977
31485,93636,14004,805,13199
31486,93637,40202,35092,5110
31487,93638,51106,46543,4563
31488,93640,13865,13382,483
31489,93641,587,0,587
31490,93643,3130,0,3130
31491,93644,7751,0,7751
31492,93645,297,0,297
31493,93646,10492,9716,776
31494,93647,11143,8639,2504
31495,93648,15393,14522,871
31496,93650,3744,3744,0
31497,93651,1445,0,1445
31498,93652,410,0,410
31499,93653,1050,0,1050
31500,93654,30620,25331,5289
31501,93656,6459,0,6459
31502,93657,37464,27325,10139
31503,93660,4173,0,4173
31504,93662,30774,25870,4904
31505,93664,614,0,614
31506,93665,537,511,26
31507,93666,668,0,668
31508,93667,2294,0,2294
31509,93668,1054,0,1054
31510,93669,316,0,316
31511,93670,80,0,80
31512,93673,667,0,667
31513,93675,3820,0,3820
31514,93701,12037,12037,0
31515,93702,45741,45741,0
31516,93703,34840,34840,0
31517,93704,28573,28573,0
31518,93705,38125,38125,0
31519,93706,40965,30444,10521
31520,93710,30552,30552,0
31521,93711,37901,37870,31
31522,93720,47814,47722,92
31523,93721,7899,7899,0
31524,93722,87364,87189,175
31525,93723,12037,8693,3344
31526,93725,26162,20601,5561
31527,93726,42366,42366,0
31528,93727,83212,82427,785
31529,93728,16191,16191,0
31530,93730,13687,13499,188
31531,93737,6596,4329,2267
31532,93740,1213,1213,0
31533,93741,84,84,0
31534,93901,29700,29666,34
31535,93905,64209,64126,83
31536,93906,66381,66014,367
31537,93907,23315,18649,4666
31538,93908,13188,20,13168
31539,93920,1140,0,1140
31540,93921,2956,2956,0
31541,93923,12338,8915,3423
31542,93924,6609,153,6456
31543,93925,1515,0,1515
31544,93926,9187,8682,505
31545,93927,19976,18858,1118
31546,93928,259,0,259
31547,93930,16206,13760,2446
31548,93932,533,0,533
31549,93933,27218,27137,81
31550,93940,30454,28938,1516
31551,93943,55,55,0
31552,93944,3395,3395,0
31553,93950,15082,15075,7
31554,93953,4271,4180,91
31555,93954,371,0,371
31556,93955,32703,32691,12
31557,93960,26093,18946,7147
31558,93962,692,692,0
31559,94002,28513,28513,0
31560,94005,4836,4836,0
31561,94010,44045,44031,14
31562,94014,48677,48677,0
31563,94015,63489,63489,0
31564,94018,3513,3513,0
31565,94019,15483,12513,2970
31566,94020,1732,0,1732
31567,94021,171,0,171
31568,94022,20842,20667,175
31569,94024,23263,23238,25
31570,94025,42354,42354,0
31571,94027,7270,7270,0
31572,94028,6904,5022,1882
31573,94030,23212,23212,0
31574,94037,2811,2607,204
31575,94038,3176,3055,121
31576,94040,36501,36501,0
31577,94041,15604,15604,0
31578,94043,31414,31414,0
31579,94044,38675,38612,63
31580,94060,1513,0,1513
31581,94061,36704,36704,0
31582,94062,26689,22621,4068
31583,94063,35836,35836,0
31584,94065,12781,12781,0
31585,94066,44147,44147,0
31586,94070,31585,31585,0
31587,94074,282,0,282
31588,94080,66592,66562,30
31589,94085,24031,24031,0
31590,94086,50175,50175,0
31591,94087,58344,58344,0
31592,94089,23255,23255,0
31593,94102,39432,39432,0
31594,94103,37843,37843,0
31595,94104,576,576,0
31596,94105,14841,14841,0
31597,94107,34012,34012,0
31598,94108,13097,13097,0
31599,94109,58501,58501,0
31600,94110,68336,68336,0
31601,94111,4306,4306,0
31602,94112,79314,79314,0
31603,94114,33683,33683,0
31604,94115,35853,35853,0
31605,94116,44092,44092,0
31606,94117,38451,38451,0
31607,94118,42356,42356,0
31608,94121,43115,43115,0
31609,94122,57160,57160,0
31610,94123,26131,26131,0
31611,94124,39445,39445,0
31612,94127,20686,20686,0
31613,94128,2,2,0
31614,94129,3647,3647,0
31615,94130,2747,2747,0
31616,94131,28810,28810,0
31617,94132,27723,27723,0
31618,94133,26751,26751,0
31619,94134,41695,41695,0
31620,94158,11327,11327,0
31621,94188,3,3,0
31622,94301,17299,17299,0
31623,94303,48281,48265,16
31624,94304,4569,4343,226
31625,94305,20961,20945,16
31626,94306,28659,28659,0
31627,94401,35249,35249,0
31628,94402,25879,25879,0
31629,94403,45057,45057,0
31630,94404,37323,37323,0
31631,94501,64116,64116,0
31632,94502,14164,14164,0
31633,94503,22069,21813,256
31634,94505,15445,15304,141
31635,94506,25361,25257,104
31636,94507,15495,15493,2
31637,94508,3233,0,3233
31638,94509,69931,69928,3
31639,94510,27174,27107,67
31640,94511,2131,2014,117
31641,94512,86,0,86
31642,94513,67394,65086,2308
31643,94514,1248,635,613
31644,94515,6834,5173,1661
31645,94516,212,0,212
31646,94517,12525,11038,1487
31647,94518,27209,27209,0
31648,94519,18677,18677,0
31649,94520,38383,38383,0
31650,94521,42885,42840,45
31651,94523,35272,35272,0
31652,94525,3288,3273,15
31653,94526,33064,33064,0
31654,94528,1054,1054,0
31655,94530,26360,26287,73
31656,94531,45342,45169,173
31657,94533,77380,77133,247
31658,94534,42296,39320,2976
31659,94535,4259,4201,58
31660,94536,73172,71881,1291
31661,94538,66424,66424,0
31662,94539,54026,53003,1023
31663,94541,69736,69736,0
31664,94542,15691,15270,421
31665,94544,79769,79746,23
31666,94545,33786,33786,0
31667,94546,46687,46665,22
31668,94547,26016,26016,0
31669,94548,420,0,420
31670,94549,28637,28507,130
31671,94550,49959,48302,1657
31672,94551,40358,39491,867
31673,94552,14721,13842,879
31674,94553,49756,49033,723
31675,94555,36887,36882,5
31676,94556,16134,15877,257
31677,94558,65473,57679,7794
31678,94559,28137,26944,1193
31679,94560,47533,47488,45
31680,94561,44545,43758,787
31681,94562,1,0,1
31682,94563,19496,19318,178
31683,94564,19024,19022,2
31684,94565,100341,100250,91
31685,94566,45055,44788,267
31686,94567,633,0,633
31687,94568,72590,72589,1
31688,94569,210,180,30
31689,94571,10439,9942,497
31690,94572,9622,9600,22
31691,94573,96,0,96
31692,94574,8317,6017,2300
31693,94575,933,933,0
31694,94576,141,69,72
31695,94577,48868,48844,24
31696,94578,40957,40957,0
31697,94579,21869,21869,0
31698,94580,29590,29590,0
31699,94582,49311,48713,598
31700,94583,38444,36883,1561
31701,94585,29764,29468,296
31702,94586,943,0,943
31703,94587,70121,70121,0
31704,94588,36398,35211,1187
31705,94589,32290,32290,0
31706,94590,39981,39977,4
31707,94591,56305,53021,3284
31708,94592,1082,920,162
31709,94595,17716,17716,0
31710,94596,22861,22861,0
31711,94597,23661,23661,0
31712,94598,26826,26794,32
31713,94599,3540,0,3540
31714,94601,54166,54166,0
31715,94602,29702,29702,0
31716,94603,36681,36681,0
31717,94605,44294,44294,0
31718,94606,40768,40768,0
31719,94607,31067,31067,0
31720,94608,33073,33073,0
31721,94609,23578,23578,0
31722,94610,31261,31261,0
31723,94611,40262,40247,15
31724,94612,19773,19773,0
31725,94613,346,346,0
31726,94618,16946,16946,0
31727,94619,24867,24776,91
31728,94621,35816,35816,0
31729,94702,17637,17637,0
31730,94703,20805,20805,0
31731,94704,25259,25259,0
31732,94705,13591,13591,0
31733,94706,21134,21134,0
31734,94707,12781,12781,0
31735,94708,11553,11553,0
31736,94709,12514,12514,0
31737,94710,9552,9531,21
31738,94720,7478,7478,0
31739,94801,33486,33448,38
31740,94803,26457,25675,782
31741,94804,45108,45108,0
31742,94805,14958,14916,42
31743,94806,64589,64572,17
31744,94901,43338,43285,53
31745,94903,30514,30253,261
31746,94904,12718,12587,131
31747,94920,13010,12979,31
31748,94922,176,0,176
31749,94923,1287,0,1287
31750,94924,1507,0,1507
31751,94925,10204,10204,0
31752,94928,47062,47052,10
31753,94929,227,0,227
31754,94930,8729,8386,343
31755,94931,9119,8382,737
31756,94933,1226,0,1226
31757,94937,935,0,935
31758,94938,683,0,683
31759,94939,7465,7459,6
31760,94940,319,0,319
31761,94941,31480,31385,95
31762,94945,17876,16223,1653
31763,94946,624,0,624
31764,94947,24870,24104,766
31765,94949,17588,16762,826
31766,94950,60,0,60
31767,94951,4172,3239,933
31768,94952,33619,26016,7603
31769,94954,38301,36989,1312
31770,94956,1684,0,1684
31771,94957,1858,1799,59
31772,94960,15920,15920,0
31773,94963,506,0,506
31774,94964,4264,4264,0
31775,94965,11447,10938,509
31776,94970,620,0,620
31777,94971,372,0,372
31778,94972,146,0,146
31779,94973,1516,0,1516
31780,95002,2039,2009,30
31781,95003,24706,22517,2189
31782,95004,4348,0,4348
31783,95005,6551,5850,701
31784,95006,9454,5920,3534
31785,95007,883,784,99
31786,95008,49038,49038,0
31787,95010,9080,9080,0
31788,95012,11858,10699,1159
31789,95013,108,85,23
31790,95014,62585,62149,436
31791,95017,969,0,969
31792,95018,8003,6058,1945
31793,95019,6603,6603,0
31794,95020,68090,60059,8031
31795,95023,56973,49611,7362
31796,95030,13585,13327,258
31797,95032,28109,27552,557
31798,95033,9565,0,9565
31799,95035,80440,80198,242
31800,95037,53126,49402,3724
31801,95039,1617,0,1617
31802,95041,602,602,0
31803,95043,709,0,709
31804,95045,4323,0,4323
31805,95046,6361,5372,989
31806,95050,39031,39031,0
31807,95051,61466,61466,0
31808,95053,2582,2582,0
31809,95054,25024,25024,0
31810,95060,47931,43574,4357
31811,95062,36268,36268,0
31812,95064,8806,8806,0
31813,95065,8444,6301,2143
31814,95066,15483,13576,1907
31815,95070,32419,31544,875
31816,95073,10549,8389,2160
31817,95075,470,0,470
31818,95076,84433,63378,21055
31819,95110,20495,20495,0
31820,95111,60593,60593,0
31821,95112,60754,60754,0
31822,95113,2658,2658,0
31823,95116,51222,51222,0
31824,95117,30137,30137,0
31825,95118,32764,32764,0
31826,95119,10050,10030,20
31827,95120,38341,36948,1393
31828,95121,37609,37609,0
31829,95122,54056,54056,0
31830,95123,70040,70040,0
31831,95124,50054,50054,0
31832,95125,54000,54000,0
31833,95126,37372,37372,0
31834,95127,63749,62966,783
31835,95128,34776,34776,0
31836,95129,41819,41819,0
31837,95130,13584,13584,0
31838,95131,30975,30975,0
31839,95132,40426,39557,869
31840,95133,30080,30080,0
31841,95134,29746,29738,8
31842,95135,20734,20575,159
31843,95136,45971,45971,0
31844,95138,19530,18090,1440
31845,95139,6764,6764,0
31846,95140,276,0,276
31847,95148,45819,45474,345
31848,95202,6949,6949,0
31849,95203,18064,18064,0
31850,95204,30719,30719,0
31851,95205,40720,40720,0
31852,95206,69350,68117,1233
31853,95207,52465,52465,0
31854,95209,44660,44626,34
31855,95210,41378,41322,56
31856,95211,1832,1832,0
31857,95212,30111,28943,1168
31858,95215,27118,19678,7440
31859,95219,29392,28990,402
31860,95220,7241,2082,5159
31861,95221,549,0,549
31862,95222,4888,0,4888
31863,95223,4050,0,4050
31864,95224,367,0,367
31865,95225,605,0,605
31866,95226,48,0,48
31867,95227,1009,0,1009
31868,95228,4571,0,4571
31869,95230,786,0,786
31870,95231,4808,3900,908
31871,95232,170,0,170
31872,95233,363,0,363
31873,95236,4476,0,4476
31874,95237,3259,0,3259
31875,95240,49102,43054,6048
31876,95242,27341,24080,3261
31877,95245,2126,0,2126
31878,95246,1307,0,1307
31879,95247,3963,0,3963
31880,95248,266,0,266
31881,95249,3983,0,3983
31882,95251,753,0,753
31883,95252,14260,8164,6096
31884,95253,286,0,286
31885,95254,525,0,525
31886,95255,1956,0,1956
31887,95257,454,0,454
31888,95258,4054,3762,292
31889,95301,40886,37288,3598
31890,95303,722,0,722
31891,95304,16210,9376,6834
31892,95305,416,0,416
31893,95306,936,0,936
31894,95307,46346,43207,3139
31895,95309,9,0,9
31896,95310,1794,631,1163
31897,95311,1997,0,1997
31898,95312,251,0,251
31899,95313,1351,0,1351
31900,95315,12875,10274,2601
31901,95316,7206,4822,2384
31902,95317,750,0,750
31903,95318,413,0,413
31904,95319,2130,2026,104
31905,95320,13148,7480,5668
31906,95321,3745,0,3745
31907,95322,10381,6128,4253
31908,95323,1266,574,692
31909,95324,7148,0,7148
31910,95325,47,0,47
31911,95326,10429,7650,2779
31912,95327,8837,3147,5690
31913,95328,3925,3925,0
31914,95329,2747,0,2747
31915,95330,29065,28451,614
31916,95333,2752,0,2752
31917,95334,16594,14255,2339
31918,95335,412,0,412
31919,95336,47281,44382,2899
31920,95337,44476,42349,2127
31921,95338,11019,0,11019
31922,95340,38606,36934,1672
31923,95341,33194,30016,3178
31924,95345,633,0,633
31925,95346,1106,994,112
31926,95348,35066,33863,1203
31927,95350,55344,55344,0
31928,95351,48668,48570,98
31929,95354,26765,26765,0
31930,95355,62337,62317,20
31931,95356,33070,31665,1405
31932,95357,12692,9792,2900
31933,95358,32131,26051,6080
31934,95360,13892,12387,1505
31935,95361,35019,26003,9016
31936,95363,29309,23660,5649
31937,95364,24,0,24
31938,95365,4502,0,4502
31939,95366,18239,15829,2410
31940,95367,25421,25365,56
31941,95368,13896,13869,27
31942,95369,816,0,816
31943,95370,28090,19275,8815
31944,95372,1838,1698,140
31945,95374,1856,0,1856
31946,95375,113,0,113
31947,95376,53781,53781,0
31948,95377,34590,33472,1118
31949,95379,3816,0,3816
31950,95380,42912,36404,6508
31951,95382,38702,38137,565
31952,95383,4157,3268,889
31953,95385,515,0,515
31954,95386,10750,9172,1578
31955,95387,739,0,739
31956,95388,13878,11951,1927
31957,95389,594,0,594
31958,95391,24709,24283,426
31959,95401,37272,34072,3200
31960,95403,44705,43835,870
31961,95404,38034,33624,4410
31962,95405,22015,22015,0
31963,95407,42504,40843,1661
31964,95409,27741,26941,800
31965,95410,974,0,974
31966,95412,275,0,275
31967,95415,1496,0,1496
31968,95417,168,0,168
31969,95419,192,0,192
31970,95420,396,0,396
31971,95421,1409,0,1409
31972,95422,17017,16382,635
31973,95423,4232,2730,1502
31974,95425,11252,9451,1801
31975,95426,1921,0,1921
31976,95427,492,0,492
31977,95428,3017,0,3017
31978,95429,106,0,106
31979,95430,45,0,45
31980,95431,0,0,0
31981,95432,443,0,443
31982,95435,53,0,53
31983,95436,5265,0,5265
31984,95437,14608,10668,3940
31985,95439,747,332,415
31986,95441,1915,0,1915
31987,95442,2955,999,1956
31988,95443,134,82,52
31989,95444,710,710,0
31990,95445,2362,0,2362
31991,95446,4690,0,4690
31992,95448,16245,12004,4241
31993,95449,1422,0,1422
31994,95450,372,0,372
31995,95451,11747,5229,6518
31996,95452,1141,664,477
31997,95453,11978,8994,2984
31998,95454,2796,0,2796
31999,95456,798,0,798
32000,95457,3231,1155,2076
32001,95458,3394,2911,483
32002,95459,581,0,581
32003,95460,2364,0,2364
32004,95461,2689,0,2689
32005,95462,1249,0,1249
32006,95463,218,0,218
32007,95464,2725,2462,263
32008,95465,1959,0,1959
32009,95466,1219,0,1219
32010,95467,6031,0,6031
32011,95468,1398,0,1398
32012,95469,1855,0,1855
32013,95470,6041,2094,3947
32014,95471,677,0,677
32015,95472,28430,18146,10284
32016,95476,34575,30480,4095
32017,95480,64,0,64
32018,95482,33276,26893,6383
32019,95485,2671,416,2255
32020,95486,71,0,71
32021,95488,240,0,240
32022,95490,14227,7552,6675
32023,95492,27819,26426,1393
32024,95493,218,0,218
32025,95494,291,0,291
32026,95497,1159,0,1159
32027,95501,23323,23285,38
32028,95503,24488,21026,3462
32029,95511,268,0,268
32030,95514,228,0,228
32031,95519,18421,14996,3425
32032,95521,21581,19873,1708
32033,95524,1691,777,914
32034,95525,1701,0,1701
32035,95526,520,0,520
32036,95527,556,0,556
32037,95528,996,0,996
32038,95531,23223,15620,7603
32039,95536,2753,0,2753
32040,95537,313,313,0
32041,95538,635,0,635
32042,95540,14055,12784,1271
32043,95542,2519,0,2519
32044,95543,738,0,738
32045,95545,170,0,170
32046,95546,3641,0,3641
32047,95547,1270,0,1270
32048,95548,1205,0,1205
32049,95549,898,0,898
32050,95550,151,0,151
32051,95551,1871,0,1871
32052,95552,552,0,552
32053,95553,1054,0,1054
32054,95554,297,0,297
32055,95555,415,0,415
32056,95556,650,0,650
32057,95558,548,0,548
32058,95559,163,0,163
32059,95560,1548,0,1548
32060,95562,3475,0,3475
32061,95563,589,0,589
32062,95564,438,376,62
32063,95565,875,0,875
32064,95567,1931,0,1931
32065,95568,164,0,164
32066,95569,211,0,211
32067,95570,2543,0,2543
32068,95571,297,0,297
32069,95573,1750,0,1750
32070,95585,471,0,471
32071,95587,144,0,144
32072,95589,1648,0,1648
32073,95595,146,0,146
32074,95601,284,153,131
32075,95602,18364,11910,6454
32076,95603,28021,23789,4232
32077,95604,49,49,0
32078,95605,14204,14204,0
32079,95606,243,0,243
32080,95607,311,0,311
32081,95608,65367,65367,0
32082,95610,46592,46592,0
32083,95612,1317,0,1317
32084,95613,135,0,135
32085,95614,3891,0,3891
32086,95615,762,0,762
32087,95616,51003,49801,1202
32088,95618,27472,27233,239
32089,95619,4816,4447,369
32090,95620,21439,18876,2563
32091,95621,42941,42941,0
32092,95623,4267,1208,3059
32093,95624,66575,64173,2402
32094,95625,175,0,175
32095,95626,5766,3463,2303
32096,95627,3899,0,3899
32097,95628,42824,42798,26
32098,95629,1036,0,1036
32099,95630,74787,73695,1092
32100,95631,6362,0,6362
32101,95632,31470,26744,4726
32102,95633,3017,0,3017
32103,95634,3109,0,3109
32104,95635,1236,0,1236
32105,95636,1109,0,1109
32106,95637,322,0,322
32107,95638,2295,0,2295
32108,95639,273,0,273
32109,95640,12831,4673,8158
32110,95641,2266,0,2266
32111,95642,7544,4991,2553
32112,95645,1715,0,1715
32113,95646,188,0,188
32114,95648,54483,49256,5227
32115,95650,13446,7280,6166
32116,95651,763,0,763
32117,95652,914,914,0
32118,95653,579,0,579
32119,95655,4767,4434,333
32120,95658,6532,1556,4976
32121,95659,724,0,724
32122,95660,35368,35368,0
32123,95661,32847,32847,0
32124,95662,32688,32688,0
32125,95663,2905,960,1945
32126,95664,1329,0,1329
32127,95665,4657,0,4657
32128,95666,5398,0,5398
32129,95667,37283,17166,20117
32130,95668,872,0,872
32131,95669,2431,0,2431
32132,95670,57988,57889,99
32133,95671,5667,5667,0
32134,95672,4700,1418,3282
32135,95673,16290,15912,378
32136,95674,855,0,855
32137,95675,390,0,390
32138,95676,120,0,120
32139,95677,28351,28351,0
32140,95678,45136,45136,0
32141,95679,91,0,91
32142,95680,121,0,121
32143,95681,1324,0,1324
32144,95682,30233,22364,7869
32145,95683,6550,0,6550
32146,95684,3283,0,3283
32147,95685,4542,2637,1905
32148,95686,1338,0,1338
32149,95687,69837,67589,2248
32150,95688,39571,33438,6133
32151,95689,1274,0,1274
32152,95690,2270,0,2270
32153,95691,39849,39543,306
32154,95692,4975,0,4975
32155,95693,7549,0,7549
32156,95694,9629,7073,2556
32157,95695,38956,34955,4001
32158,95697,396,0,396
32159,95698,213,0,213
32160,95699,175,0,175
32161,95701,986,0,986
32162,95703,1943,0,1943
32163,95709,4874,470,4404
32164,95713,9156,0,9156
32165,95714,360,0,360
32166,95715,98,0,98
32167,95717,243,0,243
32168,95720,133,0,133
32169,95721,32,0,32
32170,95722,4682,0,4682
32171,95726,8985,0,8985
32172,95728,457,0,457
32173,95735,87,0,87
32174,95736,339,0,339
32175,95742,16260,16032,228
32176,95746,22166,21338,828
32177,95747,75019,74139,880
32178,95757,55257,52753,2504
32179,95758,64517,64517,0
32180,95762,47354,44673,2681
32181,95765,43120,43120,0
32182,95776,26612,26178,434
32183,95811,12463,12463,0
32184,95814,12208,12208,0
32185,95815,27838,27838,0
32186,95816,18606,18606,0
32187,95817,14270,14270,0
32188,95818,22375,22375,0
32189,95819,20812,20812,0
32190,95820,36848,36848,0
32191,95821,39310,39310,0
32192,95822,45215,45215,0
32193,95823,81212,81211,1
32194,95824,31524,31524,0
32195,95825,36081,36081,0
32196,95826,39902,39768,134
32197,95827,21566,21493,73
32198,95828,63116,62887,229
32199,95829,32123,30292,1831
32200,95830,1015,0,1015
32201,95831,43099,43099,0
32202,95832,11930,11785,145
32203,95833,40195,40195,0
32204,95834,35617,35603,14
32205,95835,41399,41388,11
32206,95837,242,0,242
32207,95838,41340,41340,0
32208,95841,21873,21873,0
32209,95842,34196,34196,0
32210,95843,48234,48234,0
32211,95864,24249,24249,0
32212,95901,35840,28904,6936
32213,95903,2412,0,2412
32214,95910,64,0,64
32215,95912,4942,0,4942
32216,95913,369,0,369
32217,95914,693,0,693
32218,95915,52,0,52
32219,95916,1680,0,1680
32220,95917,3264,0,3264
32221,95918,2259,0,2259
32222,95919,1411,0,1411
32223,95920,267,0,267
32224,95922,666,0,666
32225,95923,53,0,53
32226,95925,281,0,281
32227,95926,41259,41259,0
32228,95928,38378,34809,3569
32229,95929,0,0,0
32230,95930,253,0,253
32231,95932,7832,6955,877
32232,95934,322,0,322
32233,95935,750,0,750
32234,95936,361,0,361
32235,95937,1554,0,1554
32236,95938,3740,0,3740
32237,95939,545,0,545
32238,95941,480,0,480
32239,95942,1576,0,1576
32240,95943,774,0,774
32241,95944,45,0,45
32242,95945,26302,20493,5809
32243,95946,9964,0,9964
32244,95947,1583,0,1583
32245,95948,11603,8653,2950
32246,95949,20720,9512,11208
32247,95950,413,0,413
32248,95951,2385,0,2385
32249,95953,11357,9080,2277
32250,95954,8556,6900,1656
32251,95955,1403,0,1403
32252,95956,458,0,458
32253,95957,669,0,669
32254,95958,45,0,45
32255,95959,18621,6524,12097
32256,95960,762,0,762
32257,95961,30717,28596,2121
32258,95962,1316,0,1316
32259,95963,16250,9422,6828
32260,95965,21548,15492,6056
32261,95966,31591,23463,8128
32262,95968,1512,1235,277
32263,95969,5710,0,5710
32264,95970,535,0,535
32265,95971,5672,0,5672
32266,95972,84,0,84
32267,95973,39609,35343,4266
32268,95974,142,0,142
32269,95975,1702,191,1511
32270,95977,1797,0,1797
32271,95978,137,0,137
32272,95979,519,0,519
32273,95981,191,0,191
32274,95982,3283,0,3283
32275,95983,401,0,401
32276,95984,139,0,139
32277,95986,121,0,121
32278,95987,6270,5558,712
32279,95988,8842,7578,1264
32280,95991,43345,41865,1480
32281,95993,37783,33678,4105
32282,96001,33914,30438,3476
32283,96002,35158,32114,3044
32284,96003,45185,34411,10774
32285,96006,473,0,473
32286,96007,24056,14234,9822
32287,96008,1237,0,1237
32288,96009,481,0,481
32289,96010,154,0,154
32290,96011,148,0,148
32291,96013,4020,0,4020
32292,96014,237,0,237
32293,96015,364,0,364
32294,96016,399,0,399
32295,96017,169,0,169
32296,96019,10491,9405,1086
32297,96020,2407,0,2407
32298,96021,17123,8459,8664
32299,96022,16528,0,16528
32300,96023,1102,0,1102
32301,96024,859,0,859
32302,96025,2225,0,2225
32303,96027,1953,0,1953
32304,96028,1679,0,1679
32305,96029,138,0,138
32306,96031,118,0,118
32307,96032,2593,0,2593
32308,96033,429,0,429
32309,96034,345,0,345
32310,96035,3175,0,3175
32311,96037,312,0,312
32312,96038,586,0,586
32313,96039,1037,0,1037
32314,96040,283,0,283
32315,96041,5574,0,5574
32316,96044,1015,0,1015
32317,96046,304,0,304
32318,96047,888,0,888
32319,96048,698,0,698
32320,96050,476,0,476
32321,96051,1136,0,1136
32322,96052,1498,0,1498
32323,96054,288,0,288
32324,96055,3951,0,3951
32325,96056,1444,0,1444
32326,96057,1202,0,1202
32327,96058,659,0,659
32328,96059,572,0,572
32329,96061,90,0,90
32330,96062,994,0,994
32331,96063,125,0,125
32332,96064,4387,0,4387
32333,96065,409,0,409
32334,96067,7145,5203,1942
32335,96068,185,0,185
32336,96069,1052,0,1052
32337,96071,127,0,127
32338,96073,4614,0,4614
32339,96074,312,0,312
32340,96075,427,0,427
32341,96076,276,0,276
32342,96078,57,0,57
32343,96080,29672,19826,9846
32344,96084,515,0,515
32345,96085,63,0,63
32346,96086,300,0,300
32347,96087,547,0,547
32348,96088,4781,0,4781
32349,96090,451,0,451
32350,96091,574,0,574
32351,96092,419,0,419
32352,96093,4140,0,4140
32353,96094,6908,0,6908
32354,96096,763,0,763
32355,96097,10131,7617,2514
32356,96101,5238,0,5238
32357,96103,1611,0,1611
32358,96104,613,0,613
32359,96105,568,0,568
32360,96106,522,0,522
32361,96107,1100,0,1100
32362,96108,129,0,129
32363,96109,888,0,888
32364,96110,101,0,101
32365,96111,80,0,80
32366,96112,219,0,219
32367,96113,1898,0,1898
32368,96114,3101,0,3101
32369,96115,169,0,169
32370,96116,150,0,150
32371,96117,337,0,337
32372,96118,1447,0,1447
32373,96119,82,0,82
32374,96120,955,0,955
32375,96121,334,0,334
32376,96122,4070,0,4070
32377,96123,100,0,100
32378,96124,343,0,343
32379,96125,291,0,291
32380,96126,273,0,273
32381,96128,535,0,535
32382,96129,266,0,266
32383,96130,22121,8995,13126
32384,96132,53,0,53
32385,96133,175,0,175
32386,96134,2028,0,2028
32387,96135,82,0,82
32388,96136,116,0,116
32389,96137,3265,0,3265
32390,96140,1115,1085,30
32391,96141,600,464,136
32392,96142,973,798,175
32393,96143,3965,3785,180
32394,96145,3189,3061,128
32395,96146,1194,0,1194
32396,96148,993,993,0
32397,96150,29518,28655,863
32398,96155,8,0,8
32399,96161,19651,12756,6895
32400,96701,42833,42680,153
32401,96703,2638,0,2638
32402,96704,6818,0,6818
32403,96705,2536,0,2536
32404,96706,80299,80178,121
32405,96707,47181,46933,248
32406,96708,10993,8228,2765
32407,96710,650,0,650
32408,96712,8259,7908,351
32409,96713,2264,0,2264
32410,96714,1557,404,1153
32411,96716,2784,0,2784
32412,96717,5441,4939,502
32413,96719,2020,0,2020
32414,96720,46615,40428,6187
32415,96722,2328,2140,188
32416,96725,4094,1338,2756
32417,96726,136,0,136
32418,96727,4990,0,4990
32419,96728,606,0,606
32420,96729,1358,0,1358
32421,96730,1584,1421,163
32422,96731,3309,325,2984
32423,96732,27507,27338,169
32424,96734,49922,49522,400
32425,96737,4806,0,4806
32426,96738,7447,6824,623
32427,96740,38234,31686,6548
32428,96741,6424,0,6424
32429,96742,82,0,82
32430,96743,13339,0,13339
32431,96744,57746,56030,1716
32432,96746,19991,18212,1779
32433,96747,666,0,666
32434,96748,4441,0,4441
32435,96749,20503,0,20503
32436,96750,3806,0,3806
32437,96751,152,0,152
32438,96752,3900,3715,185
32439,96753,27611,26568,1043
32440,96754,4378,0,4378
32441,96755,3613,0,3613
32442,96756,5766,0,5766
32443,96757,768,0,768
32444,96759,479,479,0
32445,96760,3923,0,3923
32446,96761,23167,21398,1769
32447,96762,6316,6128,188
32448,96763,3367,0,3367
32449,96764,649,0,649
32450,96765,767,0,767
32451,96766,16937,15885,1052
32452,96768,18512,15077,3435
32453,96769,296,0,296
32454,96770,720,0,720
32455,96771,8483,0,8483
32456,96772,2579,0,2579
32457,96773,412,0,412
32458,96774,281,0,281
32459,96776,1782,0,1782
32460,96777,1559,0,1559
32461,96778,14687,0,14687
32462,96779,2992,0,2992
32463,96780,548,0,548
32464,96781,1670,982,688
32465,96782,37437,37187,250
32466,96783,2222,0,2222
32467,96785,4125,0,4125
32468,96786,41217,37431,3786
32469,96789,54732,54727,5
32470,96790,9115,0,9115
32471,96791,7987,7276,711
32472,96792,51965,50673,1292
32473,96793,31939,30877,1062
32474,96795,11064,10082,982
32475,96796,2057,2009,48
32476,96797,78109,77710,399
32477,96813,27372,27372,0
32478,96814,24870,24870,0
32479,96815,28786,28786,0
32480,96816,51586,50890,696
32481,96817,56823,55777,1046
32482,96818,51851,51851,0
32483,96819,53334,52164,1170
32484,96820,16,16,0
32485,96821,19727,19727,0
32486,96822,42231,42231,0
32487,96825,31147,31143,4
32488,96826,30092,30092,0
32489,96848,475,475,0
32490,96850,6,6,0
32491,96853,347,347,0
32492,96857,4058,4058,0
32493,96858,424,424,0
32494,96859,0,0,0
32495,96860,5025,5025,0
32496,96863,2458,2458,0
32497,97001,131,0,131
32498,97002,5874,2420,3454
32499,97003,29270,29270,0
32500,97004,4543,944,3599
32501,97005,26873,26873,0
32502,97006,46853,46853,0
32503,97007,48280,47335,945
32504,97008,29632,29632,0
32505,97009,8399,2363,6036
32506,97011,652,0,652
32507,97013,24512,19035,5477
32508,97014,1558,0,1558
32509,97015,23265,23240,25
32510,97016,6162,0,6162
32511,97017,2869,0,2869
32512,97018,1956,1951,5
32513,97019,3221,0,3221
32514,97020,1009,0,1009
32515,97021,1170,0,1170
32516,97022,3731,336,3395
32517,97023,11676,4931,6745
32518,97024,11980,11980,0
32519,97026,4076,113,3963
32520,97027,12599,12599,0
32521,97028,230,0,230
32522,97029,328,0,328
32523,97030,39492,39492,0
32524,97031,19656,11558,8098
32525,97032,5188,3810,1378
32526,97033,85,0,85
32527,97034,21396,21396,0
32528,97035,25770,25770,0
32529,97037,875,0,875
32530,97038,17173,10258,6915
32531,97039,485,0,485
32532,97040,1335,0,1335
32533,97041,2894,0,2894
32534,97042,3134,0,3134
32535,97045,57403,46343,11060
32536,97048,6965,2377,4588
32537,97049,1810,0,1810
32538,97050,296,0,296
32539,97051,17012,15122,1890
32540,97053,3463,1954,1509
32541,97054,1494,0,1494
32542,97055,20606,12903,7703
32543,97056,12926,9637,3289
32544,97057,30,0,30
32545,97058,21124,17398,3726
32546,97060,21792,20635,1157
32547,97062,29146,28196,950
32548,97063,1236,0,1236
32549,97064,3802,0,3802
32550,97065,676,0,676
32551,97067,2146,0,2146
32552,97068,30712,28894,1818
32553,97070,26443,25489,954
32554,97071,30777,27464,3313
32555,97078,25234,24784,450
32556,97080,45647,44102,1545
32557,97086,32612,32480,132
32558,97089,14111,11616,2495
32559,97101,4055,0,4055
32560,97102,305,0,305
32561,97103,18080,10237,7843
32562,97106,4664,0,4664
32563,97107,1670,0,1670
32564,97108,563,0,563
32565,97109,563,0,563
32566,97110,1290,0,1290
32567,97111,3435,0,3435
32568,97112,2168,0,2168
32569,97113,15075,12634,2441
32570,97114,5008,2861,2147
32571,97115,4391,3826,565
32572,97116,29351,26241,3110
32573,97117,693,0,693
32574,97118,825,0,825
32575,97119,4722,0,4722
32576,97121,1539,1393,146
32577,97122,434,0,434
32578,97123,48369,43836,4533
32579,97124,53487,51256,2231
32580,97125,216,0,216
32581,97127,4432,4432,0
32582,97128,38394,34538,3856
32583,97130,813,813,0
32584,97131,2908,1698,1210
32585,97132,32028,27067,4961
32586,97133,5577,0,5577
32587,97134,185,0,185
32588,97135,959,0,959
32589,97136,1948,1761,187
32590,97137,1360,0,1360
32591,97138,11248,9183,2065
32592,97140,28365,23204,5161
32593,97141,13951,6166,7785
32594,97144,188,0,188
32595,97145,321,0,321
32596,97146,7299,4195,3104
32597,97147,422,338,84
32598,97148,3589,0,3589
32599,97149,583,0,583
32600,97201,17352,17352,0
32601,97202,43193,43193,0
32602,97203,33763,33763,0
32603,97204,1001,1001,0
32604,97205,8593,8593,0
32605,97206,51072,51072,0
32606,97208,22,22,0
32607,97209,22755,22755,0
32608,97210,13016,12827,189
32609,97211,33762,33753,9
32610,97212,26568,26568,0
32611,97213,31260,31260,0
32612,97214,28403,28403,0
32613,97215,18221,18221,0
32614,97216,17488,17488,0
32615,97217,36086,35940,146
32616,97218,14748,14748,0
32617,97219,42474,42474,0
32618,97220,29357,29357,0
32619,97221,12821,12821,0
32620,97222,36316,36316,0
32621,97223,49967,49967,0
32622,97224,37365,37167,198
32623,97225,26247,26247,0
32624,97227,6058,6058,0
32625,97229,73602,73030,572
32626,97230,41562,41562,0
32627,97231,4399,877,3522
32628,97232,15382,15382,0
32629,97233,41625,41625,0
32630,97236,40193,40193,0
32631,97239,18323,18323,0
32632,97258,0,0,0
32633,97266,36095,36095,0
32634,97267,31851,31851,0
32635,97301,56393,56393,0
32636,97302,39776,38925,851
32637,97303,41441,40759,682
32638,97304,34102,31055,3047
32639,97305,44535,41359,3176
32640,97306,34715,31192,3523
32641,97310,1150,1150,0
32642,97317,25852,20436,5416
32643,97321,30291,26715,3576
32644,97322,37148,34008,3140
32645,97324,1100,0,1100
32646,97325,7284,4417,2867
32647,97326,827,0,827
32648,97327,3053,0,3053
32649,97329,69,0,69
32650,97330,43947,37133,6814
32651,97331,4131,4131,0
32652,97333,22941,19824,3117
32653,97335,180,0,180
32654,97336,133,0,133
32655,97338,22741,17625,5116
32656,97341,2659,2532,127
32657,97342,303,0,303
32658,97343,524,0,524
32659,97344,1189,0,1189
32660,97345,669,52,617
32661,97346,973,0,973
32662,97347,2187,0,2187
32663,97348,1723,0,1723
32664,97350,215,0,215
32665,97351,11292,9907,1385
32666,97352,6111,0,6111
32667,97355,32413,22327,10086
32668,97357,307,0,307
32669,97358,2680,0,2680
32670,97360,2362,0,2362
32671,97361,13412,11005,2407
32672,97362,4397,0,4397
32673,97364,513,513,0
32674,97365,10806,9870,936
32675,97366,1687,1470,217
32676,97367,11095,10192,903
32677,97368,3566,167,3399
32678,97369,259,0,259
32679,97370,9320,5703,3617
32680,97371,719,0,719
32681,97373,141,0,141
32682,97374,5543,0,5543
32683,97375,1371,0,1371
32684,97376,1351,444,907
32685,97377,958,0,958
32686,97378,9195,6464,2731
32687,97380,2470,0,2470
32688,97381,16313,10909,5404
32689,97383,10079,8135,1944
32690,97384,69,0,69
32691,97385,3552,2987,565
32692,97386,14611,10036,4575
32693,97388,917,716,201
32694,97389,1803,1351,452
32695,97390,662,0,662
32696,97391,5610,0,5610
32697,97392,6092,2645,3447
32698,97394,5361,3655,1706
32699,97396,3426,0,3426
32700,97401,45634,45634,0
32701,97402,56610,52724,3886
32702,97403,15275,15268,7
32703,97404,34345,34068,277
32704,97405,46303,40739,5564
32705,97406,177,0,177
32706,97408,14655,12977,1678
32707,97410,783,0,783
32708,97411,7572,4104,3468
32709,97412,536,0,536
32710,97413,1012,0,1012
32711,97414,237,0,237
32712,97415,14648,11294,3354
32713,97416,976,0,976
32714,97417,2175,0,2175
32715,97419,1239,0,1239
32716,97420,27454,21039,6415
32717,97423,6986,4373,2613
32718,97424,18750,11826,6924
32719,97426,10521,6137,4384
32720,97429,609,0,609
32721,97430,397,0,397
32722,97431,2420,0,2420
32723,97432,162,162,0
32724,97434,849,0,849
32725,97435,2326,0,2326
32726,97436,789,0,789
32727,97437,2504,342,2162
32728,97438,1278,0,1278
32729,97439,15634,11477,4157
32730,97441,268,162,106
32731,97442,2096,0,2096
32732,97443,2138,0,2138
32733,97444,5471,0,5471
32734,97446,5067,0,5067
32735,97447,732,0,732
32736,97448,13709,7334,6375
32737,97449,2225,0,2225
32738,97450,691,0,691
32739,97451,397,0,397
32740,97452,1613,0,1613
32741,97453,979,0,979
32742,97454,1382,0,1382
32743,97455,2774,0,2774
32744,97456,3097,0,3097
32745,97457,10363,7457,2906
32746,97458,4729,0,4729
32747,97459,14932,10649,4283
32748,97461,739,0,739
32749,97462,4130,1231,2899
32750,97463,3886,0,3886
32751,97465,2134,0,2134
32752,97466,854,0,854
32753,97467,5602,4341,1261
32754,97469,2712,1201,1511
32755,97470,20160,15933,4227
32756,97471,30900,19822,11078
32757,97473,326,0,326
32758,97476,321,0,321
32759,97477,37602,37112,490
32760,97478,39155,31635,7520
32761,97479,10161,8425,1736
32762,97480,338,0,338
32763,97481,715,0,715
32764,97484,242,0,242
32765,97486,776,0,776
32766,97487,9286,6645,2641
32767,97488,1026,0,1026
32768,97489,848,0,848
32769,97490,361,0,361
32770,97492,651,0,651
32771,97493,506,0,506
32772,97494,24,0,24
32773,97495,1706,1570,136
32774,97496,7875,5995,1880
32775,97497,1460,0,1460
32776,97498,2251,1686,565
32777,97499,1961,0,1961
32778,97501,47519,44088,3431
32779,97502,29558,22996,6562
32780,97503,12349,9902,2447
32781,97504,49942,48710,1232
32782,97520,25970,21910,4060
32783,97522,606,0,606
32784,97523,6548,0,6548
32785,97524,15970,9817,6153
32786,97525,5392,2199,3193
32787,97526,36561,26424,10137
32788,97527,36358,23554,12804
32789,97530,7464,3043,4421
32790,97531,628,0,628
32791,97532,2480,762,1718
32792,97534,664,0,664
32793,97535,5015,4793,222
32794,97536,975,0,975
32795,97537,7371,2548,4823
32796,97538,2051,0,2051
32797,97539,3526,0,3526
32798,97540,8234,6618,1616
32799,97541,1593,0,1593
32800,97543,775,0,775
32801,97544,2304,0,2304
32802,97601,23264,17765,5499
32803,97603,31302,25443,5859
32804,97604,8,0,8
32805,97620,108,0,108
32806,97621,334,0,334
32807,97622,498,0,498
32808,97623,2372,0,2372
32809,97624,3996,0,3996
32810,97625,186,0,186
32811,97626,135,0,135
32812,97627,734,0,734
32813,97630,5389,0,5389
32814,97632,1378,0,1378
32815,97633,1350,0,1350
32816,97634,311,0,311
32817,97635,285,0,285
32818,97636,383,0,383
32819,97637,70,0,70
32820,97638,454,0,454
32821,97639,231,0,231
32822,97640,104,0,104
32823,97641,1313,0,1313
32824,97701,42159,35998,6161
32825,97702,51161,47307,3854
32826,97703,32475,23683,8792
32827,97707,7833,0,7833
32828,97709,2,0,2
32829,97710,127,0,127
32830,97711,77,0,77
32831,97712,47,0,47
32832,97720,4518,2526,1992
32833,97721,217,0,217
32834,97722,89,0,89
32835,97730,275,0,275
32836,97731,257,0,257
32837,97732,117,0,117
32838,97733,893,0,893
32839,97734,3167,0,3167
32840,97735,170,0,170
32841,97736,74,0,74
32842,97737,501,0,501
32843,97738,2055,1643,412
32844,97739,13102,0,13102
32845,97741,13753,8087,5666
32846,97750,409,0,409
32847,97751,103,0,103
32848,97752,72,0,72
32849,97753,2640,0,2640
32850,97754,21627,12407,9220
32851,97756,42168,33293,8875
32852,97758,123,0,123
32853,97759,7787,0,7787
32854,97760,8071,0,8071
32855,97761,3348,0,3348
32856,97801,21882,17488,4394
32857,97810,887,0,887
32858,97812,940,0,940
32859,97813,1386,0,1386
32860,97814,12780,9768,3012
32861,97817,52,0,52
32862,97818,4950,0,4950
32863,97819,34,0,34
32864,97820,1020,0,1020
32865,97823,1014,0,1014
32866,97824,1732,0,1732
32867,97825,253,0,253
32868,97826,1116,0,1116
32869,97827,2713,0,2713
32870,97828,3283,0,3283
32871,97830,708,0,708
32872,97833,953,0,953
32873,97834,1061,0,1061
32874,97835,373,0,373
32875,97836,1985,0,1985
32876,97837,51,0,51
32877,97838,28387,23065,5322
32878,97839,432,0,432
32879,97840,128,0,128
32880,97841,397,0,397
32881,97842,203,0,203
32882,97843,705,0,705
32883,97844,4049,0,4049
32884,97845,2653,0,2653
32885,97846,2018,0,2018
32886,97848,195,0,195
32887,97850,17197,14954,2243
32888,97856,409,0,409
32889,97857,514,0,514
32890,97859,170,0,170
32891,97862,11512,8235,3277
32892,97864,227,0,227
32893,97865,1092,0,1092
32894,97867,773,0,773
32895,97868,1756,0,1756
32896,97869,1028,0,1028
32897,97870,584,0,584
32898,97873,221,0,221
32899,97874,344,0,344
32900,97875,2875,1,2874
32901,97876,863,0,863
32902,97877,307,0,307
32903,97880,241,0,241
32904,97882,8271,5872,2399
32905,97883,2540,0,2540
32906,97884,154,0,154
32907,97885,1370,0,1370
32908,97886,1241,0,1241
32909,97901,687,0,687
32910,97902,24,0,24
32911,97903,111,0,111
32912,97904,181,0,181
32913,97905,98,0,98
32914,97906,267,0,267
32915,97907,587,0,587
32916,97908,75,0,75
32917,97909,40,0,40
32918,97910,591,0,591
32919,97911,70,0,70
32920,97913,5597,0,5597
32921,97914,19534,12985,6549
32922,97917,10,0,10
32923,97918,4514,0,4514
32924,97920,58,0,58
32925,98001,36073,36073,0
32926,98002,38474,38474,0
32927,98003,51751,51751,0
32928,98004,39136,39136,0
32929,98005,20961,20961,0
32930,98006,40871,40871,0
32931,98007,29476,29476,0
32932,98008,26518,26518,0
32933,98010,5699,4574,1125
32934,98011,27897,27897,0
32935,98012,74956,74956,0
32936,98014,7651,0,7651
32937,98019,12284,8165,4119
32938,98020,20236,20224,12
32939,98021,34001,34001,0
32940,98022,22874,13141,9733
32941,98023,51713,51666,47
32942,98024,5141,2291,2850
32943,98025,40,0,40
32944,98026,38610,38572,38
32945,98027,29089,23610,5479
32946,98028,23914,23914,0
32947,98029,31432,31032,400
32948,98030,38933,38933,0
32949,98031,43055,43055,0
32950,98032,38744,38744,0
32951,98033,41763,41763,0
32952,98034,51464,51464,0
32953,98036,42248,42248,0
32954,98037,29584,29584,0
32955,98038,37487,31081,6406
32956,98039,2915,2915,0
32957,98040,25748,25748,0
32958,98042,49031,47275,1756
32959,98043,21285,21285,0
32960,98045,15749,11762,3987
32961,98047,6966,6966,0
32962,98050,223,0,223
32963,98051,3802,473,3329
32964,98052,77176,77176,0
32965,98053,22523,18410,4113
32966,98055,24458,24458,0
32967,98056,36344,36344,0
32968,98057,13493,13493,0
32969,98058,43630,40905,2725
32970,98059,41672,40898,774
32971,98065,16292,14779,1513
32972,98068,530,0,530
32973,98070,11055,0,11055
32974,98072,24939,24939,0
32975,98074,30534,30462,72
32976,98075,26022,26022,0
32977,98077,13522,12533,989
32978,98087,40711,40711,0
32979,98092,50258,44531,5727
32980,98101,16237,16237,0
32981,98102,25066,25066,0
32982,98103,53056,53056,0
32983,98104,16157,16157,0
32984,98105,49151,49151,0
32985,98106,26295,26295,0
32986,98107,28557,28557,0
32987,98108,25009,25009,0
32988,98109,34551,34551,0
32989,98110,24825,24703,122
32990,98112,23152,23152,0
32991,98115,54322,54322,0
32992,98116,27691,27691,0
32993,98117,35608,35608,0
32994,98118,47504,47504,0
32995,98119,26238,26238,0
32996,98121,21411,21411,0
32997,98122,41646,41646,0
32998,98125,42965,42965,0
32999,98126,23727,23727,0
33000,98133,50720,50720,0
33001,98134,1216,1216,0
33002,98136,16424,16417,7
33003,98144,32178,32178,0
33004,98146,28845,28845,0
33005,98148,11092,11092,0
33006,98154,0,0,0
33007,98155,35948,35948,0
33008,98158,0,0,0
33009,98164,176,176,0
33010,98166,22152,22152,0
33011,98168,36389,36389,0
33012,98174,0,0,0
33013,98177,20160,19983,177
33014,98178,26122,26122,0
33015,98188,27851,27851,0
33016,98195,3710,3710,0
33017,98198,38727,38689,38
33018,98199,22549,22549,0
33019,98201,30421,30171,250
33020,98203,37491,37491,0
33021,98204,44810,44810,0
33022,98207,741,741,0
33023,98208,60019,59737,282
33024,98220,612,0,612
33025,98221,22853,18529,4324
33026,98222,41,0,41
33027,98223,45139,22544,22595
33028,98224,298,0,298
33029,98225,49078,49011,67
33030,98226,47011,32824,14187
33031,98229,33664,31017,2647
33032,98230,18754,15646,3108
33033,98232,4053,0,4053
33034,98233,16034,13616,2418
33035,98235,436,436,0
33036,98236,6157,1435,4722
33037,98237,4304,0,4304
33038,98238,83,0,83
33039,98239,7394,3164,4230
33040,98240,3118,187,2931
33041,98241,2344,0,2344
33042,98243,340,0,340
33043,98244,3134,0,3134
33044,98245,4372,0,4372
33045,98247,9067,6,9061
33046,98248,26784,16127,10657
33047,98249,5056,3571,1485
33048,98250,8632,3542,5090
33049,98251,5071,0,5071
33050,98252,10645,5266,5379
33051,98253,2037,731,1306
33052,98255,213,0,213
33053,98256,446,0,446
33054,98257,4467,0,4467
33055,98258,51995,45978,6017
33056,98260,5844,2170,3674
33057,98261,2752,0,2752
33058,98262,934,0,934
33059,98263,186,0,186
33060,98264,23170,15989,7181
33061,98266,4097,0,4097
33062,98267,545,0,545
33063,98270,51969,51571,398
33064,98271,32068,25052,7016
33065,98272,31127,22277,8850
33066,98273,31243,25657,5586
33067,98274,18949,12780,6169
33068,98275,21642,21642,0
33069,98276,1434,0,1434
33070,98277,41517,32789,8728
33071,98278,1496,1496,0
33072,98279,651,0,651
33073,98280,474,0,474
33074,98281,1191,1191,0
33075,98282,17356,0,17356
33076,98283,473,0,473
33077,98284,27293,14336,12957
33078,98286,253,0,253
33079,98288,344,0,344
33080,98290,37535,18691,18844
33081,98292,24098,7678,16420
33082,98294,7494,5665,1829
33083,98295,2899,0,2899
33084,98296,27713,25444,2269
33085,98297,142,0,142
33086,98303,1302,0,1302
33087,98304,810,0,810
33088,98305,481,0,481
33089,98310,21580,21580,0
33090,98311,28059,28059,0
33091,98312,33405,27515,5890
33092,98314,991,991,0
33093,98315,5482,5482,0
33094,98320,1341,0,1341
33095,98321,16924,10693,6231
33096,98323,877,0,877
33097,98325,1837,445,1392
33098,98326,1374,0,1374
33099,98327,10222,9908,314
33100,98328,10727,0,10727
33101,98329,10960,4625,6335
33102,98330,76,0,76
33103,98331,5952,0,5952
33104,98332,20704,20676,28
33105,98333,3921,3892,29
33106,98335,27307,27307,0
33107,98336,906,0,906
33108,98337,9653,9653,0
33109,98338,30147,21729,8418
33110,98339,3805,3023,782
33111,98340,2707,0,2707
33112,98342,1571,0,1571
33113,98345,576,576,0
33114,98346,10402,0,10402
33115,98349,5000,0,5000
33116,98350,404,0,404
33117,98351,1330,0,1330
33118,98353,25,0,25
33119,98354,8264,8264,0
33120,98355,626,0,626
33121,98356,2179,0,2179
33122,98357,1708,0,1708
33123,98358,995,0,995
33124,98359,5358,1870,3488
33125,98360,15332,11737,3595
33126,98361,1000,0,1000
33127,98362,23571,18172,5399
33128,98363,14086,8329,5757
33129,98364,72,0,72
33130,98365,5058,0,5058
33131,98366,36969,36517,452
33132,98367,30981,20769,10212
33133,98368,16567,11946,4621
33134,98370,32857,25664,7193
33135,98371,23965,23965,0
33136,98372,26652,26652,0
33137,98373,28165,28165,0
33138,98374,45367,45352,15
33139,98375,33316,33316,0
33140,98376,2130,0,2130
33141,98377,2103,0,2103
33142,98380,5297,0,5297
33143,98381,318,0,318
33144,98382,30505,22808,7697
33145,98383,21565,20583,982
33146,98385,455,373,82
33147,98387,51630,50622,1008
33148,98388,7096,6727,369
33149,98390,11727,11727,0
33150,98391,56427,54047,2380
33151,98392,3092,3055,37
33152,98394,1194,0,1194
33153,98396,649,0,649
33154,98402,8053,8053,0
33155,98403,8341,8341,0
33156,98404,35172,35172,0
33157,98405,24617,24617,0
33158,98406,22768,22768,0
33159,98407,21931,21931,0
33160,98408,20566,20566,0
33161,98409,27840,27840,0
33162,98416,1478,1478,0
33163,98418,10371,10371,0
33164,98421,1239,1232,7
33165,98422,21343,21289,54
33166,98424,12132,12132,0
33167,98430,0,0,0
33168,98433,20814,20813,1
33169,98438,582,582,0
33170,98439,5474,5474,0
33171,98443,5733,5733,0
33172,98444,36885,36885,0
33173,98445,33927,33927,0
33174,98446,12800,12800,0
33175,98447,1053,1053,0
33176,98465,7524,7524,0
33177,98466,29769,29769,0
33178,98467,16512,16512,0
33179,98498,29982,29982,0
33180,98499,33188,33188,0
33181,98501,45274,43530,1744
33182,98502,35698,28625,7073
33183,98503,40346,40346,0
33184,98505,561,561,0
33185,98506,19198,15072,4126
33186,98512,31422,21221,10201
33187,98513,36059,32721,3338
33188,98516,29443,26081,3362
33189,98520,24086,19010,5076
33190,98524,3551,0,3551
33191,98526,276,0,276
33192,98527,332,0,332
33193,98528,11052,4287,6765
33194,98530,641,0,641
33195,98531,26669,22401,4268
33196,98532,25572,10950,14622
33197,98533,558,0,558
33198,98535,529,0,529
33199,98536,153,0,153
33200,98537,2181,1638,543
33201,98538,425,0,425
33202,98539,164,0,164
33203,98541,10509,4397,6112
33204,98542,668,0,668
33205,98544,68,0,68
33206,98546,3013,0,3013
33207,98547,1433,0,1433
33208,98548,2375,0,2375
33209,98550,11502,8482,3020
33210,98552,196,0,196
33211,98555,586,0,586
33212,98556,453,0,453
33213,98557,3695,0,3695
33214,98558,134,130,4
33215,98559,60,0,60
33216,98560,154,0,154
33217,98562,174,0,174
33218,98563,8235,5693,2542
33219,98564,2581,0,2581
33220,98565,448,448,0
33221,98566,299,0,299
33222,98568,2768,0,2768
33223,98569,6964,6687,277
33224,98570,4489,0,4489
33225,98571,483,0,483
33226,98572,795,0,795
33227,98575,129,0,129
33228,98576,5388,0,5388
33229,98577,6708,0,6708
33230,98579,13648,8472,5176
33231,98580,12164,686,11478
33232,98581,421,0,421
33233,98582,640,0,640
33234,98583,144,144,0
33235,98584,39266,14907,24359
33236,98585,826,0,826
33237,98586,1981,0,1981
33238,98587,1186,0,1186
33239,98588,1970,102,1868
33240,98589,8091,67,8024
33241,98590,376,0,376
33242,98591,4419,0,4419
33243,98592,2090,752,1338
33244,98593,1185,0,1185
33245,98595,2995,0,2995
33246,98596,6990,0,6990
33247,98597,27233,14108,13125
33248,98601,3312,0,3312
33249,98602,250,0,250
33250,98603,1018,0,1018
33251,98604,38245,22840,15405
33252,98605,1267,778,489
33253,98606,9868,1871,7997
33254,98607,35054,30919,4135
33255,98609,65,0,65
33256,98610,3017,0,3017
33257,98611,10165,2930,7235
33258,98612,3032,0,3032
33259,98613,543,0,543
33260,98614,651,0,651
33261,98616,200,0,200
33262,98617,1183,0,1183
33263,98619,465,0,465
33264,98620,7655,0,7655
33265,98621,253,0,253
33266,98623,41,0,41
33267,98624,1305,670,635
33268,98625,7413,0,7413
33269,98626,26291,18965,7326
33270,98628,356,0,356
33271,98629,9586,0,9586
33272,98631,3704,2424,1280
33273,98632,50721,45569,5152
33274,98635,1865,0,1865
33275,98638,1555,0,1555
33276,98639,1397,0,1397
33277,98640,5140,4803,337
33278,98641,204,0,204
33279,98642,23685,16071,7614
33280,98643,403,0,403
33281,98644,887,766,121
33282,98645,1811,0,1811
33283,98647,499,0,499
33284,98648,3075,0,3075
33285,98649,1134,0,1134
33286,98650,1158,0,1158
33287,98651,872,0,872
33288,98660,12735,12479,256
33289,98661,48983,48971,12
33290,98662,37134,36690,444
33291,98663,15188,15188,0
33292,98664,24120,24120,0
33293,98665,28780,28780,0
33294,98670,113,0,113
33295,98671,24857,17311,7546
33296,98672,7370,3835,3535
33297,98673,371,0,371
33298,98674,14415,7217,7198
33299,98675,7688,0,7688
33300,98682,65434,62083,3351
33301,98683,33884,33884,0
33302,98684,33659,33659,0
33303,98685,29797,29512,285
33304,98686,21462,20615,847
33305,98801,44970,41381,3589
33306,98802,32378,30444,1934
33307,98811,76,0,76
33308,98812,5161,0,5161
33309,98813,2769,0,2769
33310,98814,525,0,525
33311,98815,7804,4705,3099
33312,98816,7067,4031,3036
33313,98817,366,0,366
33314,98819,280,0,280
33315,98821,434,0,434
33316,98822,2253,0,2253
33317,98823,12393,8050,4343
33318,98824,160,0,160
33319,98826,7280,0,7280
33320,98827,337,0,337
33321,98828,2419,7,2412
33322,98829,716,0,716
33323,98830,531,0,531
33324,98831,3955,2349,1606
33325,98832,349,0,349
33326,98833,240,0,240
33327,98834,246,0,246
33328,98836,515,9,506
33329,98837,46262,38751,7511
33330,98840,4731,2502,2229
33331,98841,8984,5663,3321
33332,98843,2074,0,2074
33333,98844,4599,0,4599
33334,98845,138,0,138
33335,98846,1074,0,1074
33336,98847,1885,0,1885
33337,98848,13392,7846,5546
33338,98849,1220,0,1220
33339,98850,1964,1596,368
33340,98851,4472,0,4472
33341,98852,91,0,91
33342,98853,79,0,79
33343,98855,6115,0,6115
33344,98856,2776,0,2776
33345,98857,3999,0,3999
33346,98858,1620,0,1620
33347,98859,230,0,230
33348,98860,259,0,259
33349,98862,2764,0,2764
33350,98901,32351,26886,5465
33351,98902,47589,47568,21
33352,98903,17491,13897,3594
33353,98908,38205,30583,7622
33354,98921,544,0,544
33355,98922,6817,2360,4457
33356,98923,1281,0,1281
33357,98925,608,0,608
33358,98926,32085,21518,10567
33359,98930,15339,11187,4152
33360,98932,5409,0,5409
33361,98933,1292,0,1292
33362,98934,1164,0,1164
33363,98935,4049,0,4049
33364,98936,6846,0,6846
33365,98937,4423,618,3805
33366,98938,2112,0,2112
33367,98939,194,158,36
33368,98940,933,0,933
33369,98941,988,940,48
33370,98942,18511,13389,5122
33371,98943,574,546,28
33372,98944,22412,17140,5272
33373,98946,488,0,488
33374,98947,3133,0,3133
33375,98948,13416,10057,3359
33376,98950,209,0,209
33377,98951,13821,7117,6704
33378,98952,2347,0,2347
33379,98953,6841,0,6841
33380,99001,8859,8847,12
33381,99003,5302,0,5302
33382,99004,23064,16628,6436
33383,99005,10253,5325,4928
33384,99006,13711,0,13711
33385,99008,634,0,634
33386,99009,4096,0,4096
33387,99011,2695,2695,0
33388,99012,1018,0,1018
33389,99013,1914,0,1914
33390,99014,72,72,0
33391,99016,18496,16984,1512
33392,99017,167,0,167
33393,99018,285,0,285
33394,99019,12813,11930,883
33395,99020,52,0,52
33396,99021,9690,7079,2611
33397,99022,8867,130,8737
33398,99023,685,0,685
33399,99025,5272,2177,3095
33400,99026,9347,1036,8311
33401,99027,6556,5715,841
33402,99029,1785,0,1785
33403,99030,1131,0,1131
33404,99031,1441,0,1441
33405,99032,773,0,773
33406,99033,954,0,954
33407,99034,327,0,327
33408,99036,1579,0,1579
33409,99037,15907,15830,77
33410,99039,121,0,121
33411,99040,825,0,825
33412,99101,1517,0,1517
33413,99102,544,0,544
33414,99103,495,0,495
33415,99105,62,0,62
33416,99109,5016,0,5016
33417,99110,1853,0,1853
33418,99111,4029,0,4029
33419,99113,722,0,722
33420,99114,12649,5058,7591
33421,99115,1227,0,1227
33422,99116,1476,0,1476
33423,99117,472,0,472
33424,99118,786,0,786
33425,99119,1293,0,1293
33426,99121,135,0,135
33427,99122,3989,0,3989
33428,99123,1063,0,1063
33429,99124,244,0,244
33430,99125,495,0,495
33431,99126,900,0,900
33432,99128,315,0,315
33433,99129,808,0,808
33434,99130,805,0,805
33435,99131,144,0,144
33436,99133,1476,0,1476
33437,99134,598,0,598
33438,99135,288,0,288
33439,99136,24,0,24
33440,99137,391,0,391
33441,99138,1212,0,1212
33442,99139,1178,0,1178
33443,99140,479,0,479
33444,99141,5737,0,5737
33445,99143,602,0,602
33446,99144,26,0,26
33447,99146,81,0,81
33448,99147,236,0,236
33449,99148,2324,0,2324
33450,99149,219,0,219
33451,99150,373,0,373
33452,99151,215,0,215
33453,99152,177,0,177
33454,99153,499,0,499
33455,99154,24,0,24
33456,99155,1257,0,1257
33457,99156,8478,0,8478
33458,99157,683,0,683
33459,99158,595,0,595
33460,99159,1424,0,1424
33461,99160,86,0,86
33462,99161,1450,0,1450
33463,99163,34416,32691,1725
33464,99166,3011,0,3011
33465,99167,794,0,794
33466,99169,2487,0,2487
33467,99170,1135,0,1135
33468,99171,975,0,975
33469,99173,1892,0,1892
33470,99174,66,0,66
33471,99176,169,0,169
33472,99179,541,0,541
33473,99180,926,0,926
33474,99181,2057,0,2057
33475,99185,1374,0,1374
33476,99201,15716,15716,0
33477,99202,21969,21969,0
33478,99203,21072,21072,0
33479,99204,7000,7000,0
33480,99205,44036,44013,23
33481,99206,39842,39116,726
33482,99207,32059,32059,0
33483,99208,58531,56053,2478
33484,99212,21672,21363,309
33485,99216,28379,28134,245
33486,99217,19298,15342,3956
33487,99218,15591,15564,27
33488,99223,34201,31318,2883
33489,99224,24085,15625,8460
33490,99251,1133,1133,0
33491,99258,530,530,0
33492,99301,85272,80239,5033
33493,99320,10215,0,10215
33494,99321,669,0,669
33495,99322,234,0,234
33496,99323,3882,0,3882
33497,99324,10226,10226,0
33498,99326,6277,5437,840
33499,99328,3620,0,3620
33500,99329,206,0,206
33501,99330,1061,0,1061
33502,99333,39,0,39
33503,99335,240,0,240
33504,99336,51127,51099,28
33505,99337,33458,31326,2132
33506,99338,19117,16951,2166
33507,99341,788,0,788
33508,99343,3206,0,3206
33509,99344,18948,10865,8083
33510,99345,159,0,159
33511,99346,345,0,345
33512,99347,2342,0,2342
33513,99348,1685,0,1685
33514,99349,7960,0,7960
33515,99350,13240,6589,6651
33516,99352,35762,34789,973
33517,99353,17934,16636,1298
33518,99354,24839,24361,478
33519,99356,290,0,290
33520,99357,4240,0,4240
33521,99359,155,0,155
33522,99360,1428,0,1428
33523,99361,1908,0,1908
33524,99362,43249,39683,3566
33525,99363,169,0,169
33526,99371,346,0,346
33527,99401,286,0,286
33528,99402,1814,1232,582
33529,99403,20224,19435,789
33530,99501,18590,18590,0
33531,99502,24183,24183,0
33532,99503,13550,13494,56
33533,99504,42375,42343,32
33534,99505,4743,4388,355
33535,99506,6297,5731,566
33536,99507,38199,37698,501
33537,99508,34394,34394,0
33538,99513,0,0,0
33539,99515,22532,22404,128
33540,99516,21786,19925,1861
33541,99517,16307,16241,66
33542,99518,9861,9861,0
33543,99519,1533,0,1533
33544,99530,0,0,0
33545,99540,336,0,336
33546,99546,171,0,171
33547,99547,53,0,53
33548,99548,65,0,65
33549,99549,100,0,100
33550,99550,170,0,170
33551,99551,677,0,677
33552,99552,462,0,462
33553,99553,1589,0,1589
33554,99554,756,0,756
33555,99555,211,0,211
33556,99556,2877,0,2877
33557,99557,698,0,698
33558,99558,70,0,70
33559,99559,7985,5097,2888
33560,99561,506,0,506
33561,99563,954,0,954
33562,99564,97,0,97
33563,99565,72,0,72
33564,99566,259,0,259
33565,99567,9036,6928,2108
33566,99568,367,0,367
33567,99569,69,0,69
33568,99571,91,0,91
33569,99572,345,0,345
33570,99573,960,0,960
33571,99574,2691,0,2691
33572,99575,90,0,90
33573,99576,2647,0,2647
33574,99577,26947,22633,4314
33575,99578,404,0,404
33576,99579,39,0,39
33577,99580,111,0,111
33578,99581,825,0,825
33579,99583,394,0,394
33580,99585,492,0,492
33581,99586,469,0,469
33582,99587,2167,0,2167
33583,99588,815,0,815
33584,99589,258,0,258
33585,99590,210,0,210
33586,99591,67,0,67
33587,99602,176,0,176
33588,99603,10766,0,10766
33589,99604,1375,0,1375
33590,99605,176,0,176
33591,99606,428,0,428
33592,99607,212,0,212
33593,99608,27,0,27
33594,99609,623,0,623
33595,99610,2261,0,2261
33596,99611,15827,6357,9470
33597,99612,757,0,757
33598,99613,375,0,375
33599,99614,704,0,704
33600,99615,12495,9530,2965
33601,99620,655,0,655
33602,99621,812,0,812
33603,99622,380,0,380
33604,99623,23878,8615,15263
33605,99624,34,0,34
33606,99625,69,0,69
33607,99626,278,0,278
33608,99627,305,0,305
33609,99628,488,0,488
33610,99630,206,0,206
33611,99631,238,0,238
33612,99632,621,0,621
33613,99633,470,0,470
33614,99634,358,0,358
33615,99635,24,0,24
33616,99636,512,0,512
33617,99637,658,0,658
33618,99638,39,0,39
33619,99639,1072,0,1072
33620,99640,122,0,122
33621,99641,594,0,594
33622,99643,216,0,216
33623,99644,126,0,126
33624,99645,28818,13671,15147
33625,99647,43,0,43
33626,99648,88,0,88
33627,99649,74,0,74
33628,99650,615,0,615
33629,99651,55,0,55
33630,99652,4821,0,4821
33631,99653,186,0,186
33632,99654,40726,31158,9568
33633,99655,776,0,776
33634,99656,23,0,23
33635,99657,425,0,425
33636,99658,716,0,716
33637,99659,456,0,456
33638,99660,413,0,413
33639,99661,579,0,579
33640,99662,600,0,600
33641,99663,451,0,451
33642,99664,5155,0,5155
33643,99665,100,0,100
33644,99666,217,0,217
33645,99667,77,0,77
33646,99668,95,0,95
33647,99669,15531,6931,8600
33648,99670,67,0,67
33649,99671,634,0,634
33650,99672,3503,0,3503
33651,99674,1650,0,1650
33652,99675,56,0,56
33653,99676,1748,0,1748
33654,99677,90,0,90
33655,99678,818,0,818
33656,99679,444,0,444
33657,99680,469,0,469
33658,99681,411,0,411
33659,99682,185,0,185
33660,99683,576,0,576
33661,99684,806,0,806
33662,99685,3555,0,3555
33663,99686,4007,0,4007
33664,99688,3077,0,3077
33665,99689,657,0,657
33666,99690,306,0,306
33667,99691,108,0,108
33668,99692,699,0,699
33669,99693,293,0,293
33670,99694,1635,0,1635
33671,99695,1,0,1
33672,99701,18357,18290,67
33673,99702,2616,2336,280
33674,99703,8749,8749,0
33675,99704,7,0,7
33676,99705,22040,17876,4164
33677,99706,24,0,24
33678,99707,11,0,11
33679,99709,28613,19498,9115
33680,99712,13309,4245,9064
33681,99714,1230,0,1230
33682,99720,192,0,192
33683,99721,425,0,425
33684,99722,151,0,151
33685,99723,4934,0,4934
33686,99724,48,0,48
33687,99725,261,0,261
33688,99726,36,0,36
33689,99727,550,0,550
33690,99729,211,0,211
33691,99730,101,0,101
33692,99732,21,0,21
33693,99733,91,0,91
33694,99734,1035,0,1035
33695,99736,182,0,182
33696,99737,4808,0,4808
33697,99738,172,0,172
33698,99739,366,0,366
33699,99740,428,0,428
33700,99741,472,0,472
33701,99742,640,0,640
33702,99743,949,0,949
33703,99744,170,0,170
33704,99745,85,0,85
33705,99746,304,0,304
33706,99747,283,0,283
33707,99748,158,0,158
33708,99749,449,0,449
33709,99750,444,0,444
33710,99751,191,0,191
33711,99752,3276,0,3276
33712,99753,312,0,312
33713,99754,98,0,98
33714,99755,217,0,217
33715,99756,197,0,197
33716,99757,30,0,30
33717,99758,150,0,150
33718,99759,330,0,330
33719,99760,796,0,796
33720,99761,570,0,570
33721,99762,4143,0,4143
33722,99763,694,0,694
33723,99764,270,0,270
33724,99765,239,0,239
33725,99766,830,0,830
33726,99767,57,0,57
33727,99768,148,0,148
33728,99769,835,0,835
33729,99770,810,0,810
33730,99771,212,0,212
33731,99772,580,0,580
33732,99773,272,0,272
33733,99774,37,0,37
33734,99775,402,402,0
33735,99776,144,0,144
33736,99777,246,0,246
33737,99778,249,0,249
33738,99780,1516,0,1516
33739,99781,206,0,206
33740,99782,628,0,628
33741,99783,168,0,168
33742,99784,185,0,185
33743,99785,428,0,428
33744,99786,274,0,274
33745,99788,56,0,56
33746,99789,512,0,512
33747,99790,30,0,30
33748,99791,276,0,276
33749,99801,30088,22895,7193
33750,99820,364,0,364
33751,99824,2111,1861,250
33752,99825,24,0,24
33753,99826,657,0,657
33754,99827,2165,0,2165
33755,99829,956,0,956
33756,99830,545,0,545
33757,99832,108,0,108
33758,99833,3393,0,3393
33759,99835,8446,7668,778
33760,99836,78,0,78
33761,99840,1240,0,1240
33762,99841,122,0,122
33763,99850,2,0,2
33764,99901,13942,11975,1967
33765,99903,48,0,48
33766,99918,127,0,127
33767,99919,515,0,515
33768,99921,1626,0,1626
33769,99922,380,0,380
33770,99923,66,0,66
33771,99925,784,0,784
33772,99926,1562,0,1562
33773,99927,49,0,49
33774,99929,2079,0,2079
